1.63716
1.38019
1.12421
0.947279
0.854876
0.810907
0.777417
0.727112
0.66063
-0.634672
-0.627897
-0.621695
-0.615998
-0.610745
-0.605884
-0.601398
-0.597918
-0.595612
-0.594202
-0.593387
-0.59293
-0.592664
-0.592478
-0.592307
-0.592106
-0.591855
-0.591534
-0.591135
-0.590662
-0.590108
-0.589475
-0.588768
-0.587988
-0.587135
-0.586227
-0.585255
-0.584221
-0.58314
-0.582003
-0.580813
-0.579589
-0.578307
-0.577803
-0.577162
-0.576383
-0.575479
-0.574461
-0.572857
-0.571983
-0.570934
-0.569579
-0.568139
-0.566598
-0.564956
-0.563242
-0.561682
-0.560178
-0.558573
-0.556873
-0.555085
-0.553212
-0.551254
-0.549211
-0.547081
-0.544863
-0.542548
-0.539989
-0.537134
-0.534181
-0.531174
-0.528116
-0.524977
-0.521732
-0.518365
-0.514859
-0.511182
-0.507555
-0.504069
-0.500887
-0.497912
-0.495101
-0.492448
-0.489783
-0.486931
-0.483966
-0.480813
-0.477441
-0.473866
-0.47008
-0.466117
-0.46189
-0.457867
-0.453862
-0.449356
-0.444393
-0.439117
-0.433535
-0.427665
-0.421744
-0.415299
-0.408574
-0.401489
-0.394003
-0.385181
-0.376306
-0.367684
-0.359185
-0.350576
-0.341836
-0.332947
-0.323937
-0.314673
-0.305646
-0.296232
-0.286901
-0.278801
-0.270576
-0.261791
-0.252858
-0.243647
-0.234624
-0.225736
-0.216779
-0.20809
-0.199488
-0.191326
-0.183052
-0.174999
-0.166945
-0.159568
-0.152375
-0.145335
-0.139167
-0.131737
-0.123931
-0.116565
-0.110093
-0.103588
-0.0978707
-0.0929208
-0.0878143
-0.0830045
-0.0785771
-0.0742697
-0.070181
-0.0663052
-0.0626394
-0.0591498
-0.0558437
-0.0527121
-0.0497474
-0.0469469
-0.0442923
-0.0417848
-0.0394138
-0.0371861
-0.0350506
-0.0330811
-0.0311086
-0.0293352
-0.027613
-0.0260273
-0.0244988
-0.0230866
-0.0217505
-0.0204852
-0.0192987
-0.018171
-0.0171085
-0.0161178
-0.0151774
-0.0142876
-0.0134552
-0.012668
-0.0119294
-0.0112396
-0.0105869
-0.00996974
-0.00939184
-0.00884201
-0.00833412
-0.00784845
-0.0073911
-0.0069653
-0.00656647
-0.00618895
-0.00583302
-0.00549558
-0.00517848
-0.00488123
-0.00460262
-0.00434234
-0.00409451
-0.00386369
-0.00364421
-0.0034368
-0.00324332
-0.0030612
-0.00288976
-0.00272837
-0.00257644
-0.00243342
-0.00229877
-0.00217199
-0.00205261
-0.00194021
-0.00183435
-0.00173465
-0.00164074
-0.00155228
-0.00146894
-0.00139042
-0.00131644
-0.00124672
-0.00118102
-0.00111909
-0.00106071
-0.00100568
-0.00095379
-0.000904856
-0.000858875
-0.000815216
-0.000774162
-0.00073538
-0.000698793
-0.000664265
-0.000631676
-0.000600914
-0.000571861
-0.000544422
-0.000518502
-0.000496133
-0.000474583
-0.000456081
-0.000436598
-0.00041913
-0.000401909
-0.000386078
-0.000370331
-0.00035518
-0.000341391
-0.000326929
-0.000314302
-0.000301747
-0.000289678
-0.000278143
-0.000267132
-0.000256621
-0.00024726
-0.000237083
-0.000229161
-0.000219882
-0.00021205
-0.000204063
-0.000196997
-0.000189657
-0.000183857
-0.000177169
-0.000170545
-0.000165489
-0.000159515
-0.000154242
-0.00014993
-0.000144559
-0.00013984
-0.000136055
-0.000131863
-0.000127032
-0.000123594
-0.000120499
-0.000116171
-0.000113124
-0.000109689
-0.000106974
-0.00010376
-0.000100539
-9.80969e-05
-9.58564e-05
-9.23035e-05
-9.07125e-05
-8.7393e-05
-8.59649e-05
-8.27834e-05
-8.149e-05
-7.91436e-05
-7.66638e-05
-7.49219e-05
-7.33532e-05
-7.11376e-05
-6.95674e-05
-6.81462e-05
-6.60669e-05
-6.46286e-05
-6.33346e-05
-6.13758e-05
-6.07759e-05
-5.82726e-05
-5.76371e-05
-5.59055e-05
-5.47345e-05
-5.36853e-05
-5.19562e-05
-5.08577e-05
-4.9892e-05
-4.8971e-05
-4.73506e-05
-4.70823e-05
-4.56132e-05
-4.46804e-05
-4.31302e-05
-4.29476e-05
-4.15634e-05
-4.07139e-05
-3.9973e-05
-3.92664e-05
-3.785e-05
-3.70527e-05
-3.71091e-05
-3.58675e-05
-3.514e-05
-3.3783e-05
-3.37906e-05
-3.25877e-05
-3.26465e-05
-3.1474e-05
-3.08266e-05
-3.02811e-05
-2.97647e-05
-2.85299e-05
-2.86422e-05
-2.75372e-05
-2.6959e-05
-2.72146e-05
-2.61619e-05
-2.56174e-05
-2.44362e-05
-2.46169e-05
-2.43142e-05
-2.32009e-05
-2.34158e-05
-2.24068e-05
-2.26545e-05
-1.91848e-05
-2.3764e-05
-1.85154e-05
-2.30937e-05
-1.78189e-05
-2.1673e-05
-1.98047e-05
-1.67146e-05
-2.06218e-05
-1.88618e-05
-1.57743e-05
-1.8961e-05
-1.7853e-05
-1.48762e-05
-1.80841e-05
-1.43258e-05
-1.75473e-05
-1.37881e-05
-1.70193e-05
-1.32736e-05
-1.57784e-05
-1.27259e-05
-1.59961e-05
-1.23013e-05
-1.48239e-05
-1.17959e-05
-1.43445e-05
-1.13541e-05
-1.39115e-05
-1.09325e-05
-1.27622e-05
-1.04736e-05
-1.23335e-05
-1.00792e-05
-1.26837e-05
-9.84216e-06
-9.67866e-06
-1.21528e-05
-9.35221e-06
-9.18132e-06
-1.09022e-05
-8.76231e-06
-1.0565e-05
-8.47113e-06
-8.38571e-06
-1.00994e-05
-8.04948e-06
-7.95985e-06
-7.82738e-06
-9.50681e-06
-7.52697e-06
-7.43169e-06
-7.30682e-06
-8.97015e-06
-7.04783e-06
-6.94553e-06
-6.82675e-06
-6.70086e-06
-7.6194e-06
-6.36925e-06
-6.35599e-06
-6.26736e-06
-6.15855e-06
-7.06188e-06
-5.87132e-06
-5.85096e-06
-5.7689e-06
-5.66976e-06
-5.57645e-06
-5.48559e-06
-5.39673e-06
-5.30976e-06
-5.22458e-06
-5.14112e-06
-5.05903e-06
-4.97915e-06
-4.90069e-06
-4.82359e-06
-4.74781e-06
-4.67336e-06
-4.60028e-06
-4.52858e-06
-4.45825e-06
-4.38927e-06
-4.3216e-06
-4.25521e-06
-4.19006e-06
-4.12614e-06
-4.06342e-06
-4.00187e-06
-3.94147e-06
-3.8822e-06
-3.82404e-06
-3.76696e-06
-3.71095e-06
-3.65598e-06
-3.60203e-06
-3.5491e-06
-3.49715e-06
-3.44617e-06
-3.39615e-06
-3.34706e-06
-3.29889e-06
-3.25163e-06
-3.20525e-06
-3.15973e-06
-3.11507e-06
-3.07124e-06
-3.02824e-06
-2.98604e-06
-2.94462e-06
-2.90399e-06
-2.86411e-06
-2.82497e-06
-2.78656e-06
-2.74887e-06
-2.71189e-06
-2.67559e-06
-2.63996e-06
-2.60346e-06
-2.57042e-06
-2.5368e-06
-2.50369e-06
-2.47123e-06
-2.43942e-06
-2.40824e-06
-2.37764e-06
-2.34757e-06
-2.31803e-06
-2.28902e-06
-2.26054e-06
-2.2326e-06
-2.20518e-06
-2.17829e-06
-2.1519e-06
-2.12601e-06
-2.1006e-06
-2.07565e-06
-2.05116e-06
-2.0271e-06
-2.00349e-06
-1.9803e-06
-1.95752e-06
-1.93516e-06
-1.9132e-06
-1.89164e-06
-1.87047e-06
-1.84968e-06
-1.82927e-06
-1.81108e-06
-1.79442e-06
-1.77806e-06
-1.76199e-06
-1.74622e-06
-1.73073e-06
-1.71552e-06
-1.70058e-06
-1.68592e-06
-1.67152e-06
-1.65737e-06
-1.64267e-06
-1.62945e-06
-1.61602e-06
-1.60304e-06
-1.59011e-06
-1.57724e-06
-1.56485e-06
-1.55258e-06
-1.54055e-06
-1.52867e-06
-1.51704e-06
-1.50562e-06
-1.49441e-06
-1.48341e-06
-1.47262e-06
-1.46202e-06
-1.45162e-06
-1.44141e-06
-1.43138e-06
-1.42153e-06
-1.41186e-06
-1.40234e-06
-1.39299e-06
-1.3838e-06
-1.37475e-06
-1.36585e-06
-1.3571e-06
-1.3485e-06
-1.34003e-06
-1.33171e-06
-1.32352e-06
-1.31547e-06
-1.30756e-06
-1.29978e-06
-1.29212e-06
-1.2846e-06
-1.2772e-06
-1.26992e-06
-1.26276e-06
-1.25572e-06
-1.24879e-06
-1.24198e-06
-1.23529e-06
-1.2287e-06
-1.22221e-06
-1.21584e-06
-1.20956e-06
-1.2067e-06
-1.19833e-06
-1.19157e-06
-1.18528e-06
-1.17924e-06
-1.17339e-06
-1.1677e-06
-1.16215e-06
-1.15672e-06
-1.15141e-06
-1.14621e-06
-1.14109e-06
-1.13606e-06
-1.1311e-06
-1.12622e-06
-1.12141e-06
-1.11666e-06
-1.11198e-06
-1.10737e-06
-1.10283e-06
-1.09834e-06
-1.09392e-06
-1.08956e-06
-1.08527e-06
-1.08103e-06
-1.07685e-06
-1.07273e-06
-1.06868e-06
-1.06467e-06
-1.06073e-06
-1.05684e-06
-1.05301e-06
-1.04922e-06
-1.04549e-06
-1.04182e-06
-1.03819e-06
-1.03461e-06
-1.03108e-06
-1.0276e-06
-1.02416e-06
-1.02077e-06
-1.01952e-06
-1.01487e-06
-1.01215e-06
-1.00975e-06
-1.00592e-06
-1.00247e-06
-9.99206e-07
-9.96045e-07
-9.92964e-07
-9.89949e-07
-9.86987e-07
-9.84066e-07
-9.81175e-07
-9.78308e-07
-9.75462e-07
-9.72639e-07
-9.69841e-07
-9.67073e-07
-9.64336e-07
-9.61634e-07
-9.58966e-07
-9.56334e-07
-9.53736e-07
-9.51172e-07
-9.48642e-07
-9.46145e-07
-9.43679e-07
-9.41244e-07
-9.38839e-07
-9.36463e-07
-9.34115e-07
-9.31795e-07
-9.29501e-07
-9.27234e-07
-9.24992e-07
-9.22773e-07
-9.20579e-07
-9.18407e-07
-9.16258e-07
-9.14131e-07
-9.12024e-07
-9.09939e-07
-9.07873e-07
-9.05827e-07
-9.03801e-07
-9.01794e-07
-8.99805e-07
-8.97834e-07
-8.88742e-07
-8.90326e-07
-8.906e-07
-8.89774e-07
-8.88457e-07
-8.8693e-07
-8.85307e-07
-8.83627e-07
-8.81898e-07
-8.80124e-07
-8.78313e-07
-8.76477e-07
-8.7463e-07
-8.72785e-07
-8.70951e-07
-8.69133e-07
-8.67336e-07
-8.6556e-07
-8.63804e-07
-8.62068e-07
-8.60351e-07
-8.58652e-07
-8.56969e-07
-8.55302e-07
-8.5365e-07
-8.52013e-07
-8.50389e-07
-8.48779e-07
-8.47182e-07
-8.45598e-07
-8.44026e-07
-8.42465e-07
-8.40916e-07
-8.39378e-07
-8.37851e-07
-8.36333e-07
-8.34826e-07
-8.33327e-07
-8.31837e-07
-8.30356e-07
-8.28884e-07
-8.27419e-07
-8.25962e-07
-8.24513e-07
-8.23071e-07
-8.21636e-07
-8.20209e-07
-8.18788e-07
-8.1686e-07
-8.14976e-07
-8.14118e-07
-8.12327e-07
-8.11323e-07
-8.0973e-07
-8.08539e-07
-8.07076e-07
-8.05757e-07
-8.03561e-07
-8.03152e-07
-8.01702e-07
-7.99606e-07
-7.98428e-07
-7.97151e-07
-7.95882e-07
-7.95769e-07
-7.93985e-07
-7.92005e-07
-7.90889e-07
-7.89641e-07
-7.88393e-07
-7.87168e-07
-7.85956e-07
-7.84748e-07
-7.83536e-07
-7.82317e-07
-7.81093e-07
-7.79866e-07
-7.7864e-07
-7.77416e-07
-7.76196e-07
-7.74979e-07
-7.73765e-07
-7.72552e-07
-7.71341e-07
-7.70131e-07
-7.68921e-07
-7.6771e-07
-7.66499e-07
-7.65288e-07
-7.64076e-07
-7.62865e-07
-7.61653e-07
-7.60442e-07
-7.59232e-07
-7.58022e-07
-7.56813e-07
-7.55606e-07
-7.54399e-07
-7.53194e-07
-7.51991e-07
-7.50789e-07
-7.49589e-07
-7.48391e-07
-7.47361e-07
-7.46459e-07
-7.45559e-07
-7.44661e-07
-7.43765e-07
-7.4287e-07
-7.41978e-07
-7.41087e-07
-7.40198e-07
-7.39311e-07
-7.38426e-07
-7.37542e-07
-7.3666e-07
-7.3578e-07
-7.34901e-07
-7.34024e-07
-7.33148e-07
-7.32275e-07
-7.31402e-07
-7.30531e-07
-7.29662e-07
-7.28794e-07
-7.27928e-07
-7.27062e-07
-7.26199e-07
-7.25337e-07
-7.24476e-07
-7.23616e-07
-7.22758e-07
-7.21901e-07
-7.21045e-07
-7.20191e-07
-7.19337e-07
-7.18485e-07
-7.17634e-07
-7.16785e-07
-7.15936e-07
-7.15089e-07
-7.14243e-07
-7.13398e-07
-7.12554e-07
-7.11711e-07
-7.10869e-07
-7.10028e-07
-7.09188e-07
-7.0835e-07
-7.07512e-07
-7.06675e-07
-7.05839e-07
-7.05004e-07
-7.04171e-07
-7.03338e-07
-7.02506e-07
-7.01675e-07
-7.00844e-07
-7.00015e-07
-6.99187e-07
-6.98359e-07
-6.97533e-07
-6.96707e-07
-6.95882e-07
-6.95058e-07
-6.94234e-07
-6.93412e-07
-6.9259e-07
-6.91769e-07
-6.90949e-07
-6.90129e-07
-6.89311e-07
-6.88493e-07
-6.87676e-07
-6.86859e-07
-6.86044e-07
-6.85229e-07
-6.84414e-07
-6.83601e-07
-6.82788e-07
-6.81976e-07
-6.81164e-07
-6.80354e-07
-6.79544e-07
-6.78734e-07
-6.77925e-07
-6.77117e-07
-6.7631e-07
-6.75503e-07
-6.74697e-07
-6.73891e-07
-6.73086e-07
-6.72282e-07
-6.71478e-07
-6.70675e-07
-6.69872e-07
-6.6907e-07
-6.68269e-07
-6.67468e-07
-6.66668e-07
-6.65868e-07
-6.65069e-07
-6.64271e-07
-6.63473e-07
-6.62676e-07
-6.61879e-07
-6.61083e-07
-6.60287e-07
-6.59492e-07
-6.58698e-07
-6.57904e-07
-6.5711e-07
-6.56317e-07
-6.55525e-07
-6.54733e-07
-6.53942e-07
-6.53151e-07
-6.52361e-07
-6.51571e-07
-6.50782e-07
-6.49993e-07
-6.49205e-07
-6.48417e-07
-6.4763e-07
-6.46843e-07
-6.46057e-07
-6.45271e-07
-6.44486e-07
-6.43701e-07
-6.42917e-07
-6.42133e-07
-6.4135e-07
-6.40567e-07
-6.39785e-07
-6.39003e-07
-6.38222e-07
-6.37441e-07
-6.36661e-07
-6.35881e-07
-6.35102e-07
-6.34323e-07
-6.33545e-07
-6.32767e-07
-6.31989e-07
-6.31213e-07
-6.30436e-07
-6.2966e-07
-6.28885e-07
-6.2811e-07
-6.27335e-07
-6.26561e-07
-6.25787e-07
-6.25014e-07
-6.24241e-07
-6.23469e-07
-6.22698e-07
-6.21926e-07
-6.21155e-07
-6.20385e-07
-6.19615e-07
-6.18846e-07
-6.18077e-07
-6.17308e-07
-6.16541e-07
-6.15773e-07
-6.15006e-07
-6.14239e-07
-6.13473e-07
-6.12708e-07
-6.11942e-07
-6.11178e-07
-6.10413e-07
-6.0965e-07
-6.08886e-07
-6.08123e-07
-6.07361e-07
-6.06599e-07
-6.05837e-07
-6.05077e-07
-6.04316e-07
-6.03556e-07
-6.02796e-07
-6.02037e-07
-6.01279e-07
-6.0052e-07
-5.99763e-07
-5.99005e-07
-5.98249e-07
-5.97492e-07
-5.96736e-07
-5.95981e-07
-5.95226e-07
-5.94472e-07
-5.93718e-07
-5.92964e-07
-5.92211e-07
-5.91459e-07
-5.90707e-07
-5.89955e-07
-5.89204e-07
-5.88453e-07
-5.87703e-07
-5.86954e-07
-5.86204e-07
-5.85456e-07
-5.84707e-07
-5.8396e-07
-5.83212e-07
-5.82466e-07
-5.81719e-07
-5.80973e-07
-5.80228e-07
-5.79483e-07
-5.78739e-07
-5.77995e-07
-5.77252e-07
-5.76509e-07
-5.75766e-07
-5.75024e-07
-5.74283e-07
-5.73542e-07
-5.72802e-07
-5.72062e-07
-5.71322e-07
-5.70583e-07
-5.69845e-07
-5.69107e-07
-5.68369e-07
-5.67632e-07
-5.66896e-07
-5.6616e-07
-5.65424e-07
-5.6469e-07
-5.63955e-07
-5.63221e-07
-5.62488e-07
-5.61755e-07
-5.61022e-07
-5.6029e-07
-5.59559e-07
-5.58828e-07
-5.58098e-07
-5.57368e-07
-5.56638e-07
-5.5591e-07
-5.55181e-07
-5.54453e-07
-5.53726e-07
-5.52999e-07
-5.52273e-07
-5.51547e-07
-5.50822e-07
-5.50098e-07
-5.49373e-07
-5.4865e-07
-5.47927e-07
-5.47204e-07
-5.46482e-07
-5.4576e-07
-5.4504e-07
-5.44319e-07
-5.43599e-07
-5.4288e-07
-5.42161e-07
-5.41443e-07
-5.40725e-07
-5.40008e-07
-5.39291e-07
-5.38575e-07
-5.37859e-07
-5.37144e-07
-5.36429e-07
-5.35716e-07
-5.35002e-07
-5.34289e-07
-5.33577e-07
-5.32865e-07
-5.32154e-07
-5.31443e-07
-5.30733e-07
-5.30023e-07
-5.29314e-07
-5.28606e-07
-5.27898e-07
-5.27191e-07
-5.26484e-07
-5.25778e-07
-5.25072e-07
-5.24367e-07
-5.23662e-07
-5.22958e-07
-5.22255e-07
-5.21552e-07
-5.2085e-07
-5.20148e-07
-5.19447e-07
-5.18747e-07
-5.18047e-07
-5.17347e-07
-5.16648e-07
-5.1595e-07
-5.15252e-07
-5.14555e-07
-5.13859e-07
-5.13163e-07
-5.12468e-07
-5.11773e-07
-5.11079e-07
-5.10385e-07
-5.09692e-07
-5.09e-07
-5.08308e-07
-5.07617e-07
-5.06926e-07
-5.06236e-07
-5.05546e-07
-5.04858e-07
-5.04169e-07
-5.03482e-07
-5.02795e-07
-5.02108e-07
-5.01422e-07
-5.00737e-07
-5.00052e-07
-4.99368e-07
-4.98685e-07
-4.98002e-07
-4.9732e-07
-4.96638e-07
-4.95957e-07
-4.95277e-07
-4.94597e-07
-4.93918e-07
-4.93239e-07
-4.92561e-07
-4.91884e-07
-4.91207e-07
-4.90531e-07
-4.89856e-07
-4.89181e-07
-4.88507e-07
-4.87833e-07
-4.8716e-07
-4.86488e-07
-4.85816e-07
-4.85145e-07
-4.84475e-07
-4.83805e-07
-4.83135e-07
-4.82467e-07
-4.81799e-07
-4.81132e-07
-4.80465e-07
-4.79799e-07
-4.79134e-07
-4.78469e-07
-4.77805e-07
-4.77141e-07
-4.76478e-07
-4.75816e-07
-4.75155e-07
-4.74494e-07
-4.73834e-07
-4.73174e-07
-4.72515e-07
-4.71857e-07
-4.71199e-07
-4.70542e-07
-4.69886e-07
-4.6923e-07
-4.68575e-07
-4.6792e-07
-4.67267e-07
-4.66614e-07
-4.65961e-07
-4.65309e-07
-4.64658e-07
-4.64008e-07
-4.63358e-07
-4.62709e-07
-4.62061e-07
-4.61413e-07
-4.60766e-07
-4.60119e-07
-4.59473e-07
-4.58828e-07
-4.58184e-07
-4.5754e-07
-4.56897e-07
-4.56255e-07
-4.55613e-07
-4.54972e-07
-4.54331e-07
-4.53692e-07
-4.53053e-07
-4.52414e-07
-4.51777e-07
-4.5114e-07
-4.50503e-07
-4.49868e-07
-4.49233e-07
-4.48599e-07
-4.47965e-07
-4.47332e-07
-4.467e-07
-4.46068e-07
-4.45438e-07
-4.44808e-07
-4.44178e-07
-4.43549e-07
-4.42921e-07
-4.42294e-07
-4.41667e-07
-4.41041e-07
-4.40416e-07
-4.39792e-07
-4.39168e-07
-4.38545e-07
-4.37922e-07
-4.373e-07
-4.36679e-07
-4.36059e-07
-4.35439e-07
-4.34821e-07
-4.34202e-07
-4.33585e-07
-4.32968e-07
-4.32352e-07
-4.31737e-07
-4.31114e-07
-4.30507e-07
-4.29894e-07
-4.29282e-07
-4.2867e-07
-4.28059e-07
-4.27449e-07
-4.26839e-07
-4.2623e-07
-4.25622e-07
-4.25015e-07
-4.24408e-07
-4.23802e-07
-4.23197e-07
-4.22592e-07
-4.21988e-07
-4.21385e-07
-4.20783e-07
-4.20181e-07
-4.1958e-07
-4.1898e-07
-4.1838e-07
-4.17781e-07
-4.17183e-07
-4.16586e-07
-4.15989e-07
-4.15393e-07
-4.14798e-07
-4.14204e-07
-4.1361e-07
-4.13017e-07
-4.12425e-07
-4.11834e-07
-4.11243e-07
-4.10653e-07
-4.10064e-07
-4.09476e-07
-4.08888e-07
-4.08301e-07
-4.07715e-07
-4.07129e-07
-4.06544e-07
-4.0596e-07
-4.05377e-07
-4.04795e-07
-4.04213e-07
-4.03632e-07
-4.03052e-07
-4.02472e-07
-4.01893e-07
-4.01315e-07
-4.00738e-07
-4.00162e-07
-3.99941e-07
-3.99836e-07
-3.9973e-07
-3.99624e-07
-3.99517e-07
-3.99411e-07
-3.99303e-07
-3.99196e-07
-3.99088e-07
-3.9898e-07
-3.98871e-07
-3.98762e-07
-3.98653e-07
-3.98544e-07
-3.98434e-07
-3.98323e-07
-3.98213e-07
-3.98102e-07
-3.97991e-07
-3.97879e-07
-3.97767e-07
-3.97655e-07
-3.97542e-07
-3.97429e-07
-3.97316e-07
-3.97202e-07
-3.97088e-07
-3.96974e-07
-3.96859e-07
-3.96744e-07
-3.96629e-07
-3.96513e-07
-3.96397e-07
-3.96281e-07
-3.96164e-07
-3.96047e-07
-3.95929e-07
-3.95811e-07
-3.95693e-07
-3.95575e-07
-3.95456e-07
-3.95337e-07
-3.95217e-07
-3.95097e-07
-3.94977e-07
-3.94857e-07
-3.94736e-07
-3.94614e-07
-3.94493e-07
-3.94371e-07
-3.94249e-07
-3.94126e-07
-3.94003e-07
-3.9388e-07
-3.93756e-07
-3.93632e-07
-3.93508e-07
-3.93383e-07
-3.93258e-07
-3.93133e-07
-3.93007e-07
-3.92881e-07
-3.92754e-07
-3.92627e-07
-3.925e-07
-3.92373e-07
-3.92245e-07
-3.92117e-07
-3.91988e-07
-3.9186e-07
-3.9173e-07
-3.91601e-07
-3.91471e-07
-3.91341e-07
-3.9121e-07
-3.91079e-07
-3.90948e-07
-3.90816e-07
-3.90684e-07
-3.90552e-07
-3.90419e-07
-3.90286e-07
-3.90153e-07
-3.90019e-07
-3.89885e-07
-3.89751e-07
-3.89616e-07
-3.89481e-07
-3.89346e-07
-3.8921e-07
-3.89074e-07
-3.88937e-07
-3.888e-07
-3.88663e-07
-3.88526e-07
-3.88388e-07
-3.8825e-07
-3.88111e-07
-3.87972e-07
-3.87833e-07
-3.87693e-07
-3.87553e-07
-3.87413e-07
-3.87272e-07
-3.87132e-07
-3.8699e-07
-3.86848e-07
-3.86706e-07
-3.86564e-07
-3.86421e-07
-3.86278e-07
-3.86135e-07
-3.85991e-07
-3.85847e-07
-3.85703e-07
-3.85558e-07
-3.85413e-07
-3.85267e-07
-3.85122e-07
-3.84975e-07
-3.84829e-07
-3.84682e-07
-3.84535e-07
-3.84387e-07
-3.8424e-07
-3.84091e-07
-3.83943e-07
-3.83794e-07
-3.83645e-07
-3.83495e-07
-3.83345e-07
-3.83195e-07
-3.83044e-07
-3.82893e-07
-3.82742e-07
-3.8259e-07
-3.82438e-07
-3.82286e-07
-3.82133e-07
-3.8198e-07
-3.81827e-07
-3.81673e-07
-3.81519e-07
-3.81365e-07
-3.8121e-07
-3.81055e-07
-3.80899e-07
-3.80744e-07
-3.80588e-07
-3.80431e-07
-3.80274e-07
-3.80117e-07
-3.7996e-07
-3.79802e-07
-3.79644e-07
-3.79485e-07
-3.79326e-07
-3.79167e-07
-3.79008e-07
-3.78848e-07
-3.78688e-07
-3.78527e-07
-3.78366e-07
-3.78205e-07
-3.78044e-07
-3.77882e-07
-3.77719e-07
-3.77557e-07
-3.77394e-07
-3.77231e-07
-3.77067e-07
-3.76903e-07
-3.76739e-07
-3.76574e-07
-3.76409e-07
-3.76244e-07
-3.76079e-07
-3.75913e-07
-3.75746e-07
-3.7558e-07
-3.75413e-07
-3.75245e-07
-3.75078e-07
-3.7491e-07
-3.74742e-07
-3.74573e-07
-3.74404e-07
-3.74235e-07
-3.74065e-07
-3.73895e-07
-3.73725e-07
-3.73554e-07
-3.73383e-07
-3.73212e-07
-3.7304e-07
-3.72868e-07
-3.72696e-07
-3.72523e-07
-3.7235e-07
-3.72177e-07
-3.72003e-07
-3.7183e-07
-3.71655e-07
-3.71481e-07
-3.71306e-07
-3.7113e-07
-3.70955e-07
-3.70779e-07
-3.70603e-07
-3.70426e-07
-3.70249e-07
-3.70072e-07
-3.69894e-07
-3.69716e-07
-3.69538e-07
-3.69359e-07
-3.6918e-07
-3.69001e-07
-3.68822e-07
-3.68642e-07
-3.68462e-07
-3.68281e-07
-3.681e-07
-3.67919e-07
-3.67737e-07
-3.67556e-07
-3.67373e-07
-3.67191e-07
-3.67008e-07
-3.66825e-07
-3.66642e-07
-3.66458e-07
-3.66274e-07
-3.66089e-07
-3.65904e-07
-3.65719e-07
-3.65534e-07
-3.65348e-07
-3.65162e-07
-3.64976e-07
-3.64789e-07
-3.64602e-07
-3.64415e-07
-3.64227e-07
-3.64039e-07
-3.63851e-07
-3.63662e-07
-3.63473e-07
-3.63284e-07
-3.63095e-07
-3.62905e-07
-3.62714e-07
-3.62524e-07
-3.62333e-07
-3.62142e-07
-3.61951e-07
-3.61759e-07
-3.61567e-07
-3.61374e-07
-3.61182e-07
-3.60988e-07
-3.60795e-07
-3.60601e-07
-3.60407e-07
-3.60213e-07
-3.60019e-07
-3.59824e-07
-3.59628e-07
-3.59433e-07
-3.59237e-07
-3.59041e-07
-3.58844e-07
-3.58648e-07
-3.5845e-07
-3.58253e-07
-3.58055e-07
-3.57857e-07
-3.57659e-07
-3.5746e-07
-3.57261e-07
-3.57062e-07
-3.56863e-07
-3.56663e-07
-3.56463e-07
-3.56262e-07
-3.56061e-07
-3.5586e-07
-3.55659e-07
-3.55457e-07
-3.55255e-07
-3.55053e-07
-3.5485e-07
-3.54647e-07
-3.54444e-07
-3.5424e-07
-3.54037e-07
-3.53833e-07
-3.53628e-07
-3.53423e-07
-3.53218e-07
-3.53013e-07
-3.52807e-07
-3.52601e-07
-3.52395e-07
-3.52189e-07
-3.51982e-07
-3.51775e-07
-3.51567e-07
-3.5136e-07
-3.51152e-07
-3.50943e-07
-3.50735e-07
-3.50526e-07
-3.50317e-07
-3.50107e-07
-3.49897e-07
-3.49687e-07
-3.49477e-07
-3.49266e-07
-3.49055e-07
-3.48844e-07
-3.48633e-07
-3.48421e-07
-3.48209e-07
-3.47996e-07
-3.47784e-07
-3.47571e-07
-3.47357e-07
-3.47144e-07
-3.4693e-07
-3.46716e-07
-3.46502e-07
-3.46287e-07
-3.46072e-07
-3.45857e-07
-3.45641e-07
-3.45425e-07
-3.45209e-07
-3.44993e-07
-3.44776e-07
-3.44559e-07
-3.44342e-07
-3.44124e-07
-3.43906e-07
-3.43688e-07
-3.4347e-07
-3.43251e-07
-3.43032e-07
-3.42813e-07
-3.42594e-07
-3.42374e-07
-3.42154e-07
-3.41934e-07
-3.41713e-07
-3.41492e-07
-3.41271e-07
-3.4105e-07
-3.40828e-07
-3.40606e-07
-3.40384e-07
-3.40161e-07
-3.39938e-07
-3.39715e-07
-3.39492e-07
-3.39268e-07
-3.39044e-07
-3.3882e-07
-3.38596e-07
-3.38371e-07
-3.38146e-07
-3.37921e-07
-3.37696e-07
-3.3747e-07
-3.37244e-07
-3.37017e-07
-3.36791e-07
-3.36564e-07
-3.36337e-07
-3.3611e-07
-3.35882e-07
-3.35654e-07
-3.35426e-07
-3.46187e-07
-3.41998e-07
-3.38609e-07
-3.36467e-07
-3.3525e-07
-3.34522e-07
-3.34041e-07
-3.33686e-07
-3.33394e-07
-3.33132e-07
-3.32887e-07
-3.32649e-07
-3.32414e-07
-3.32181e-07
-3.31948e-07
-3.31716e-07
-3.31483e-07
-3.3125e-07
-3.31017e-07
-3.30784e-07
-3.30551e-07
-3.30317e-07
-3.30083e-07
-3.29849e-07
-3.29614e-07
-3.2938e-07
-3.29145e-07
-3.2891e-07
-3.28674e-07
-3.28438e-07
-3.28203e-07
-3.27966e-07
-3.2773e-07
-3.27493e-07
-3.27256e-07
-3.27019e-07
-3.26782e-07
-3.26544e-07
-3.26306e-07
-3.26068e-07
-3.2583e-07
-3.25591e-07
-3.25352e-07
-3.25113e-07
-3.24874e-07
-3.24634e-07
-3.24395e-07
-3.24154e-07
-3.23914e-07
-3.23674e-07
-3.23433e-07
-3.23192e-07
-3.22951e-07
-3.22709e-07
-3.22468e-07
-3.22226e-07
-3.21984e-07
-3.21741e-07
-3.21499e-07
-3.21256e-07
-3.21013e-07
-3.20769e-07
-3.20526e-07
-3.20282e-07
-3.20038e-07
-3.19794e-07
-3.1955e-07
-3.19305e-07
-3.1906e-07
-3.18815e-07
-3.1857e-07
-3.18324e-07
-3.18078e-07
-3.17832e-07
-3.17586e-07
-3.1734e-07
-3.17093e-07
-3.16846e-07
-3.16599e-07
-3.16352e-07
-3.16104e-07
-3.15857e-07
-3.15609e-07
-3.15361e-07
-3.15112e-07
-3.14864e-07
-3.14615e-07
-3.14366e-07
-3.14117e-07
-3.13867e-07
-3.13618e-07
-3.13368e-07
-3.13118e-07
-3.12867e-07
-3.12617e-07
-3.12366e-07
-3.12115e-07
-3.11864e-07
-3.11613e-07
-3.11361e-07
-3.1111e-07
-3.10858e-07
-3.10606e-07
-3.10353e-07
-3.10101e-07
-3.09848e-07
-3.09595e-07
-3.09342e-07
-3.09089e-07
-3.08835e-07
-3.08581e-07
-3.08327e-07
-3.08073e-07
-3.07819e-07
-3.07564e-07
-3.0731e-07
-3.07055e-07
-3.068e-07
-3.06544e-07
-3.06289e-07
-3.06033e-07
-3.05777e-07
-3.05521e-07
-3.05265e-07
-3.05008e-07
-3.04752e-07
-3.04495e-07
-3.04238e-07
-3.03981e-07
-3.03723e-07
-3.03466e-07
-3.03208e-07
-3.0295e-07
-3.02692e-07
-3.02434e-07
-3.02175e-07
-3.01916e-07
-3.01658e-07
-3.01399e-07
-3.01139e-07
-3.0088e-07
-3.0062e-07
-3.00361e-07
-3.00101e-07
-2.99841e-07
-2.9958e-07
-2.9932e-07
-2.99059e-07
-2.98798e-07
-2.98537e-07
-2.98276e-07
-2.98015e-07
-2.97753e-07
-2.97492e-07
-2.9723e-07
-2.96968e-07
-2.96706e-07
-2.96443e-07
-2.96181e-07
-2.95918e-07
-2.95655e-07
-2.95392e-07
-2.95129e-07
-2.94866e-07
-2.94602e-07
-2.94339e-07
-2.94075e-07
-2.93811e-07
-2.93547e-07
-2.93282e-07
-2.93018e-07
-2.92753e-07
-2.92489e-07
-2.92224e-07
-2.91959e-07
-2.91693e-07
-2.91428e-07
-2.91162e-07
-2.90897e-07
-2.90631e-07
-2.90365e-07
-2.90098e-07
-2.89832e-07
-2.89566e-07
-2.89299e-07
-2.89032e-07
-2.88765e-07
-2.88498e-07
-2.88231e-07
-2.88222e-07
-2.8822e-07
-2.88217e-07
-2.88215e-07
-2.88212e-07
-2.88209e-07
-2.88207e-07
-2.88204e-07
-2.88201e-07
-2.88198e-07
-2.88195e-07
-2.88192e-07
-2.88189e-07
-2.88186e-07
-2.88183e-07
-2.8818e-07
-2.88177e-07
-2.88174e-07
-2.88171e-07
-2.88167e-07
-2.88164e-07
-2.88161e-07
-2.88157e-07
-2.88154e-07
-2.8815e-07
-2.88147e-07
-2.88143e-07
-2.88139e-07
-2.88136e-07
-2.88132e-07
-2.88128e-07
-2.88125e-07
-2.88121e-07
-2.88117e-07
-2.88113e-07
-2.88109e-07
-2.88105e-07
-2.88101e-07
-2.88097e-07
-2.88093e-07
-2.88088e-07
-2.88084e-07
-2.8808e-07
-2.88076e-07
-2.88071e-07
-2.88067e-07
-2.88062e-07
-2.88058e-07
-2.88053e-07
-2.88049e-07
-2.88044e-07
-2.8804e-07
-2.88035e-07
-2.8803e-07
-2.88025e-07
-2.88021e-07
-2.88016e-07
-2.88011e-07
-2.88006e-07
-2.88001e-07
-2.87996e-07
-2.87991e-07
-2.87985e-07
-2.8798e-07
-2.87975e-07
-2.8797e-07
-2.87964e-07
-2.87959e-07
-2.87954e-07
-2.87948e-07
-2.87943e-07
-2.87937e-07
-2.87932e-07
-2.87926e-07
-2.8792e-07
-2.87915e-07
-2.87909e-07
-2.87903e-07
-2.87897e-07
-2.87891e-07
-2.87885e-07
-2.8788e-07
-2.87874e-07
-2.87867e-07
-2.87861e-07
-2.87855e-07
-2.87849e-07
-2.87843e-07
-2.87836e-07
-2.8783e-07
-2.87824e-07
-2.87817e-07
-2.87811e-07
-2.87804e-07
-2.87798e-07
-2.87791e-07
-2.87785e-07
-2.87778e-07
-2.87771e-07
-2.87764e-07
-2.87758e-07
-2.87751e-07
-2.87744e-07
-2.87737e-07
-2.8773e-07
-2.87723e-07
-2.87716e-07
-2.87709e-07
-2.87702e-07
-2.87694e-07
-2.87687e-07
-2.8768e-07
-2.87672e-07
-2.87665e-07
-2.87658e-07
-2.8765e-07
-2.87643e-07
-2.87635e-07
-2.87627e-07
-2.8762e-07
-2.87612e-07
-2.87604e-07
-2.87596e-07
-2.87589e-07
-2.87581e-07
-2.87573e-07
-2.87565e-07
-2.87557e-07
-2.87549e-07
-2.87541e-07
-2.87532e-07
-2.87524e-07
-2.87516e-07
-2.87508e-07
-2.87499e-07
-2.87491e-07
-2.87482e-07
-2.87474e-07
-2.87465e-07
-2.87457e-07
-2.87448e-07
-2.8744e-07
-2.87431e-07
-2.87422e-07
-2.87413e-07
-2.87405e-07
-2.87396e-07
-2.87387e-07
-2.87378e-07
-2.87369e-07
-2.8736e-07
-2.87351e-07
-2.87341e-07
-2.87332e-07
-2.87323e-07
-2.87314e-07
-2.87304e-07
-2.87295e-07
-2.87285e-07
-2.87276e-07
-2.87266e-07
-2.87257e-07
-2.87247e-07
-2.87238e-07
-2.87228e-07
-2.87218e-07
-2.87208e-07
-2.87198e-07
-2.87189e-07
-2.87179e-07
-2.87169e-07
-2.87159e-07
-2.87149e-07
-2.87138e-07
-2.87128e-07
-2.87118e-07
-2.87108e-07
-2.87097e-07
-2.87087e-07
-2.87077e-07
-2.87066e-07
-2.87056e-07
-2.87045e-07
-2.87035e-07
-2.87024e-07
-2.87013e-07
-2.87003e-07
-2.86992e-07
-2.86981e-07
-2.8697e-07
-2.86959e-07
-2.86948e-07
-2.86937e-07
-2.86926e-07
-2.86915e-07
-2.86904e-07
-2.86893e-07
-2.86882e-07
-2.8687e-07
-2.86859e-07
-2.86848e-07
-2.86836e-07
-2.86825e-07
-2.86813e-07
-2.86802e-07
-2.8679e-07
-2.86778e-07
-2.86767e-07
-2.86755e-07
-2.86743e-07
-2.86731e-07
-2.8672e-07
-2.86708e-07
-2.86696e-07
-2.86684e-07
-2.86672e-07
-2.86659e-07
-2.86647e-07
-2.86635e-07
-2.86623e-07
-2.86611e-07
-2.86598e-07
-2.86586e-07
-2.86573e-07
-2.86561e-07
-2.86548e-07
-2.86536e-07
-2.86523e-07
-2.8651e-07
-2.86498e-07
-2.86485e-07
-2.86472e-07
-2.86459e-07
-2.86446e-07
-2.86433e-07
-2.8642e-07
-2.86407e-07
-2.86394e-07
-2.86381e-07
-2.86368e-07
-2.86355e-07
-2.86341e-07
-2.86328e-07
-2.86315e-07
-2.86301e-07
-2.86288e-07
-2.86274e-07
-2.86261e-07
-2.86247e-07
-2.86233e-07
-2.8622e-07
-2.86206e-07
-2.86192e-07
-2.86178e-07
-2.86164e-07
-2.8615e-07
-2.86136e-07
-2.86122e-07
-2.86108e-07
-2.86094e-07
-2.8608e-07
-2.86066e-07
-2.86051e-07
-2.86037e-07
-2.86023e-07
-2.86008e-07
-2.85994e-07
-2.85979e-07
-2.85965e-07
-2.8595e-07
-2.85935e-07
-2.85921e-07
-2.85906e-07
-2.85891e-07
-2.85876e-07
-2.85861e-07
-2.85847e-07
-2.85832e-07
-2.85816e-07
-2.85801e-07
-2.85786e-07
-2.85771e-07
-2.85756e-07
-2.85741e-07
-2.85725e-07
-2.8571e-07
-2.85694e-07
-2.85679e-07
-2.85664e-07
-2.85648e-07
-2.85632e-07
-2.85617e-07
-2.85601e-07
-2.85585e-07
-2.85569e-07
-2.85554e-07
-2.85538e-07
-2.85522e-07
-2.85506e-07
-2.8549e-07
-2.85474e-07
-2.85457e-07
-2.85441e-07
-2.85425e-07
-2.85409e-07
-2.85392e-07
-2.85376e-07
-2.8536e-07
-2.85343e-07
-2.85327e-07
-2.8531e-07
-2.85294e-07
-2.85277e-07
-2.8526e-07
-2.85243e-07
-2.85227e-07
-2.8521e-07
-2.85193e-07
-2.85176e-07
-2.85159e-07
-2.85142e-07
-2.85125e-07
-2.85108e-07
-2.85091e-07
-2.85073e-07
-2.85056e-07
-2.85039e-07
-2.85021e-07
-2.85004e-07
-2.84986e-07
-2.84969e-07
-2.84951e-07
-2.84934e-07
-2.84916e-07
-2.84898e-07
-2.84881e-07
-2.84863e-07
-2.84845e-07
-2.84827e-07
-2.84809e-07
-2.84791e-07
-2.84773e-07
-2.84755e-07
-2.84737e-07
-2.84719e-07
-2.847e-07
-2.84682e-07
-2.84664e-07
-2.84645e-07
-2.84627e-07
-2.84608e-07
-2.8459e-07
-2.84571e-07
-2.84553e-07
-2.84534e-07
-2.84515e-07
-2.84497e-07
-2.84478e-07
-2.84459e-07
-2.8444e-07
-2.84421e-07
-2.84402e-07
-2.84383e-07
-2.84364e-07
-2.84345e-07
-2.84326e-07
-2.84306e-07
-2.84287e-07
-2.84268e-07
-2.84248e-07
-2.84229e-07
-2.84209e-07
-2.8419e-07
-2.8417e-07
-2.84151e-07
-2.84131e-07
-2.84111e-07
-2.84091e-07
-2.84072e-07
-2.84052e-07
-2.84032e-07
-2.84012e-07
-2.83992e-07
-2.83972e-07
-2.83952e-07
-2.83932e-07
-2.83911e-07
-2.83891e-07
-2.83871e-07
-2.8385e-07
-2.8383e-07
-2.8381e-07
-2.83789e-07
-2.83769e-07
-2.83748e-07
-2.83727e-07
-2.83707e-07
-2.83686e-07
-2.83665e-07
-2.83644e-07
-2.83623e-07
-2.83603e-07
-2.83582e-07
-2.83561e-07
-2.83539e-07
-2.83518e-07
-2.83497e-07
-2.83476e-07
-2.83455e-07
-2.83433e-07
-2.83412e-07
-2.83391e-07
-2.83369e-07
-2.83348e-07
-2.83326e-07
-2.83304e-07
-2.83283e-07
-2.83261e-07
-2.83239e-07
-2.83218e-07
-2.83196e-07
-2.83174e-07
-2.83152e-07
-2.8313e-07
-2.83108e-07
-2.83086e-07
-2.83064e-07
-2.83042e-07
-2.83019e-07
-2.82997e-07
-2.82975e-07
-2.82952e-07
-2.8293e-07
-2.82907e-07
-2.82885e-07
-2.82862e-07
-2.8284e-07
-2.82817e-07
-2.82794e-07
-2.82772e-07
-2.82749e-07
-2.82726e-07
-2.82703e-07
-2.8268e-07
-2.82657e-07
-2.82634e-07
-2.82611e-07
-2.82588e-07
-2.82565e-07
-2.82541e-07
-2.82518e-07
-2.82495e-07
-2.82471e-07
-2.82448e-07
-2.82425e-07
-2.82401e-07
-2.82377e-07
-2.82354e-07
-2.8233e-07
-2.82306e-07
-2.82283e-07
-2.82259e-07
-2.82235e-07
-2.82211e-07
-2.82187e-07
-2.82163e-07
-2.82139e-07
-2.82115e-07
-2.82091e-07
-2.82067e-07
-2.82042e-07
-2.82018e-07
-2.81994e-07
-2.81969e-07
-2.81945e-07
-2.8192e-07
-2.81896e-07
-2.81871e-07
-2.81847e-07
-2.81822e-07
-2.81797e-07
-2.81773e-07
-2.81748e-07
-2.81723e-07
-2.81698e-07
-2.81673e-07
-2.81648e-07
-2.81623e-07
-2.81598e-07
-2.81573e-07
-2.81547e-07
-2.81522e-07
-2.81497e-07
-2.81472e-07
-2.81446e-07
-2.81421e-07
-2.81395e-07
-2.8137e-07
-2.81344e-07
-2.81318e-07
-2.81293e-07
-2.81267e-07
-2.81241e-07
-2.81215e-07
-2.8119e-07
-2.81164e-07
-2.81138e-07
-2.81112e-07
-2.81086e-07
-2.8106e-07
-2.81033e-07
-2.81007e-07
-2.80981e-07
-2.80955e-07
-2.80928e-07
-2.80902e-07
-2.80875e-07
-2.80849e-07
-2.80822e-07
-2.80796e-07
-2.80769e-07
-2.80743e-07
-2.80716e-07
-2.80689e-07
-2.80662e-07
-2.80635e-07
-2.80608e-07
-2.80581e-07
-2.80554e-07
-2.80527e-07
-2.805e-07
-2.80473e-07
-2.80446e-07
-2.80419e-07
-2.80391e-07
-2.80364e-07
-2.80337e-07
-2.80309e-07
-2.80282e-07
-2.80254e-07
-2.80227e-07
-2.80199e-07
-2.80171e-07
-2.80144e-07
-2.80116e-07
-2.80088e-07
-2.8006e-07
-2.80032e-07
-2.80004e-07
-2.79976e-07
-2.79948e-07
-2.7992e-07
-2.79892e-07
-2.79864e-07
-2.79835e-07
-2.79807e-07
-2.79779e-07
-2.7975e-07
-2.79722e-07
-2.79694e-07
-2.79665e-07
-2.79636e-07
-2.79608e-07
-2.79579e-07
-2.7955e-07
-2.79522e-07
-2.79493e-07
-2.79464e-07
-2.79435e-07
-2.79406e-07
-2.79377e-07
-2.79348e-07
-2.79319e-07
-2.7929e-07
-2.79261e-07
-2.79231e-07
-2.79202e-07
-2.79173e-07
-2.79143e-07
-2.79114e-07
-2.79085e-07
-2.79055e-07
-2.79026e-07
-2.78996e-07
-2.78966e-07
-2.78937e-07
-2.78907e-07
-2.78877e-07
-2.78847e-07
-2.78817e-07
-2.78787e-07
-2.78757e-07
-2.78727e-07
-2.78697e-07
-2.78667e-07
-2.78637e-07
-2.78607e-07
-2.78576e-07
-2.78546e-07
-2.78516e-07
-2.78485e-07
-2.78455e-07
-2.78425e-07
-2.78394e-07
-2.78363e-07
-2.78333e-07
-2.78302e-07
-2.78271e-07
-2.78241e-07
-2.7821e-07
-2.78179e-07
-2.78148e-07
-2.78117e-07
-2.78086e-07
-2.78055e-07
-2.78024e-07
-2.77993e-07
-2.77962e-07
-2.7793e-07
-2.77899e-07
-2.77868e-07
-2.77836e-07
-2.77805e-07
-2.77773e-07
-2.77742e-07
-2.7771e-07
-2.77679e-07
-2.77647e-07
-2.77615e-07
-2.77584e-07
-2.77552e-07
-2.7752e-07
-2.77488e-07
-2.77456e-07
-2.77424e-07
-2.77392e-07
-2.7736e-07
-2.77328e-07
-2.77296e-07
-2.77264e-07
-2.77231e-07
-2.77199e-07
-2.77167e-07
-2.77134e-07
-2.77102e-07
-2.7707e-07
-2.77037e-07
-2.77004e-07
-2.76972e-07
-2.76939e-07
-2.76906e-07
-2.76874e-07
-2.76841e-07
-2.76808e-07
-2.76775e-07
-2.76742e-07
-2.76709e-07
-2.76676e-07
-2.76643e-07
-2.7661e-07
-2.76579e-07
-2.76545e-07
-2.76511e-07
-2.76478e-07
-2.76444e-07
-2.76411e-07
-2.76377e-07
-2.76344e-07
-2.7631e-07
-2.76276e-07
-2.76243e-07
-2.76209e-07
-2.76175e-07
-2.76142e-07
-2.76108e-07
-2.76074e-07
-2.7604e-07
-2.76006e-07
-2.75972e-07
-2.75938e-07
-2.75904e-07
-2.7587e-07
-2.75836e-07
-2.75802e-07
-2.75768e-07
-2.75733e-07
-2.75699e-07
-2.75665e-07
-2.7563e-07
-2.75596e-07
-2.75561e-07
-2.75527e-07
-2.75492e-07
-2.75457e-07
-2.75423e-07
-2.75388e-07
-2.75353e-07
-2.75318e-07
-2.75283e-07
-2.75249e-07
-2.75214e-07
-2.75179e-07
-2.75144e-07
-2.75108e-07
-2.75073e-07
-2.75038e-07
-2.75003e-07
-2.74968e-07
-2.74932e-07
-2.74897e-07
-2.74862e-07
-2.74826e-07
-2.74791e-07
-2.74755e-07
-2.7472e-07
-2.74684e-07
-2.74648e-07
-2.74612e-07
-2.74577e-07
-2.74541e-07
-2.74505e-07
-2.74469e-07
-2.74433e-07
-2.74397e-07
-2.74361e-07
-2.74325e-07
-2.74289e-07
-2.74253e-07
-2.74217e-07
-2.74181e-07
-2.74144e-07
-2.74108e-07
-2.74072e-07
-2.74035e-07
-2.73999e-07
-2.73962e-07
-2.73926e-07
-2.73889e-07
-2.73852e-07
-2.73816e-07
-2.73779e-07
-2.73742e-07
-2.73705e-07
-2.73669e-07
-2.73632e-07
-2.73595e-07
-2.73558e-07
-2.73521e-07
-2.73484e-07
-2.73447e-07
-2.73409e-07
-2.73372e-07
-2.73335e-07
-2.73298e-07
-2.7326e-07
-2.73223e-07
-2.73186e-07
-2.73148e-07
-2.73111e-07
-2.73073e-07
-2.73036e-07
-2.72998e-07
-2.7296e-07
-2.72923e-07
-2.72885e-07
-2.72847e-07
-2.72809e-07
-2.72771e-07
-2.72733e-07
-2.72695e-07
-2.72657e-07
-2.72619e-07
-2.72581e-07
-2.72543e-07
-2.72505e-07
-2.72467e-07
-2.72428e-07
-2.7239e-07
-2.72352e-07
-2.72313e-07
-2.72275e-07
-2.72237e-07
-2.72198e-07
-2.72159e-07
-2.72121e-07
-2.72082e-07
-2.72043e-07
-2.72005e-07
-2.71966e-07
-2.71927e-07
-2.71888e-07
-2.71849e-07
-2.7181e-07
-2.71771e-07
-2.71732e-07
-2.71693e-07
-2.71654e-07
-2.71615e-07
-2.71576e-07
-2.71537e-07
-2.71497e-07
-2.71458e-07
-2.71419e-07
-2.71379e-07
-2.7134e-07
-2.713e-07
-2.71261e-07
-2.71221e-07
-2.71182e-07
-2.71142e-07
-2.71102e-07
-2.71063e-07
-2.71023e-07
-2.70983e-07
-2.70943e-07
-2.70903e-07
-2.70863e-07
-2.70823e-07
-2.70783e-07
-2.70743e-07
-2.70703e-07
-2.70663e-07
-2.70623e-07
-2.70583e-07
-2.70542e-07
-2.70502e-07
-2.70462e-07
-2.70421e-07
-2.70381e-07
-2.7034e-07
-2.703e-07
-2.70259e-07
-2.70219e-07
-2.70178e-07
-2.70137e-07
-2.70097e-07
-2.70056e-07
-2.70015e-07
-2.69974e-07
-2.69933e-07
-2.69893e-07
-2.69852e-07
-2.69811e-07
-2.6977e-07
-2.69728e-07
-2.69687e-07
-2.69646e-07
-2.69605e-07
-2.69564e-07
-2.69522e-07
-2.69481e-07
-2.6944e-07
-2.69398e-07
-2.69357e-07
-2.69315e-07
-2.69274e-07
-2.69232e-07
-2.69191e-07
-2.69149e-07
-2.69107e-07
-2.69066e-07
-2.69024e-07
-2.68982e-07
-2.6894e-07
-2.68898e-07
-2.68856e-07
-2.68814e-07
-2.68772e-07
-2.6873e-07
-2.68688e-07
-2.68646e-07
-2.68604e-07
-2.68562e-07
-2.6852e-07
-2.68477e-07
-2.68435e-07
-2.68393e-07
-2.6835e-07
-2.68308e-07
-2.68265e-07
-2.68223e-07
-2.6818e-07
-2.68138e-07
-2.68095e-07
-2.68052e-07
-2.6801e-07
-2.67967e-07
-2.67924e-07
-2.67881e-07
-2.67839e-07
-2.67796e-07
-2.67753e-07
-2.6771e-07
-2.67667e-07
-2.67624e-07
-2.67581e-07
-2.67537e-07
-2.67494e-07
-2.67451e-07
-2.67408e-07
-2.67365e-07
-2.67321e-07
-2.67278e-07
-2.67234e-07
-2.67191e-07
-2.67148e-07
-2.67104e-07
-2.6706e-07
-2.67017e-07
-2.66973e-07
-2.6693e-07
-2.66886e-07
-2.66842e-07
-2.66798e-07
-2.66755e-07
-2.66711e-07
-2.66667e-07
-2.66623e-07
-2.66579e-07
-2.66535e-07
-2.66491e-07
-2.66447e-07
-2.66403e-07
-2.66358e-07
-2.66314e-07
-2.6627e-07
-2.66226e-07
-2.66181e-07
-2.66137e-07
-2.66093e-07
-2.66048e-07
-2.66004e-07
-2.65959e-07
-2.65915e-07
-2.6587e-07
-2.65826e-07
-2.65781e-07
-2.65736e-07
-2.65692e-07
-2.65647e-07
-2.65602e-07
-2.65557e-07
-2.65512e-07
-2.65467e-07
-2.65423e-07
-2.65378e-07
-2.65333e-07
-2.65287e-07
-2.65242e-07
-2.65197e-07
-2.65152e-07
-2.65107e-07
-2.65062e-07
-2.65016e-07
-2.64971e-07
-2.64926e-07
-2.6488e-07
-2.64835e-07
-2.6479e-07
-2.64744e-07
-2.64699e-07
-2.64653e-07
-2.64607e-07
-2.64562e-07
-2.64516e-07
-2.6447e-07
-2.64425e-07
-2.64379e-07
-2.64333e-07
-2.64287e-07
-2.64241e-07
-2.64195e-07
-2.6415e-07
-2.64104e-07
-2.64057e-07
-2.64011e-07
-2.63965e-07
-2.63919e-07
-2.63873e-07
-2.63827e-07
-2.63781e-07
-2.63734e-07
-2.63688e-07
-2.63642e-07
-2.63595e-07
-2.63549e-07
-2.63502e-07
-2.63456e-07
-2.63409e-07
-2.63363e-07
-2.63316e-07
-2.6327e-07
-2.63223e-07
-2.63176e-07
-2.6313e-07
-2.63083e-07
-2.63036e-07
-2.62989e-07
-2.62942e-07
-2.62896e-07
-2.62849e-07
-2.62802e-07
-2.62755e-07
-2.62708e-07
-2.62661e-07
-2.62613e-07
-2.62566e-07
-2.62519e-07
-2.62472e-07
-2.62425e-07
-2.62377e-07
-2.6233e-07
-2.62283e-07
-2.62235e-07
-2.62188e-07
-2.62141e-07
-2.62093e-07
-2.62046e-07
-2.61998e-07
-2.6195e-07
-2.61903e-07
-2.61855e-07
-2.61807e-07
-2.6176e-07
-2.61712e-07
-2.61664e-07
-2.61616e-07
-2.61569e-07
-2.61521e-07
-2.61473e-07
-2.61425e-07
-2.61377e-07
-2.61329e-07
-2.61281e-07
-2.61233e-07
-2.61185e-07
-2.61137e-07
-2.61088e-07
-2.6104e-07
-2.60992e-07
-2.60944e-07
-2.60895e-07
-2.60847e-07
-2.60799e-07
-2.6075e-07
-2.60702e-07
-2.60653e-07
-2.60605e-07
-2.60556e-07
-2.60508e-07
-2.60459e-07
-2.6041e-07
-2.60362e-07
-2.60313e-07
-2.60264e-07
-2.60216e-07
-2.60167e-07
-2.60118e-07
-2.60069e-07
-2.6002e-07
-2.59971e-07
-2.59922e-07
-2.59873e-07
-2.59824e-07
-2.59775e-07
-2.59726e-07
-2.59677e-07
-2.59628e-07
-2.59579e-07
-2.5953e-07
-2.5948e-07
-2.59431e-07
-2.59382e-07
-2.59332e-07
-2.59283e-07
-2.59234e-07
-2.59184e-07
-2.59135e-07
-2.59085e-07
-2.59036e-07
-2.58986e-07
-2.58937e-07
-2.58887e-07
-2.58838e-07
-2.58788e-07
-2.58738e-07
-2.58688e-07
-2.58639e-07
-2.58589e-07
-2.58539e-07
-2.58489e-07
-2.58439e-07
-2.58389e-07
-2.58339e-07
-2.58289e-07
-2.58239e-07
-2.58189e-07
-2.58139e-07
-2.58089e-07
-2.58039e-07
-2.57989e-07
-2.57939e-07
-2.57889e-07
-2.57838e-07
-2.57788e-07
-2.57738e-07
-2.57687e-07
-2.57637e-07
-2.57587e-07
-2.57536e-07
-2.57486e-07
-2.57435e-07
-2.57385e-07
-2.57334e-07
-2.57284e-07
-2.57233e-07
-2.57182e-07
-2.57132e-07
-2.57081e-07
-2.5703e-07
-2.5698e-07
-2.56929e-07
-2.56878e-07
-2.56827e-07
-2.56776e-07
-2.56725e-07
-2.56675e-07
-2.56624e-07
-2.56573e-07
-2.56522e-07
-2.56471e-07
-2.5642e-07
-2.56368e-07
-2.56317e-07
-2.56266e-07
-2.56215e-07
-2.56164e-07
-2.56113e-07
-2.56061e-07
-2.5601e-07
-2.55959e-07
-2.55907e-07
-2.55856e-07
-2.55805e-07
-2.55753e-07
-2.55702e-07
-2.5565e-07
-2.55599e-07
-2.55547e-07
-2.55496e-07
-2.55444e-07
-2.55392e-07
-2.55341e-07
-2.55289e-07
-2.55237e-07
-2.55186e-07
-2.55134e-07
-2.55082e-07
-2.5503e-07
-2.54978e-07
-2.54926e-07
-2.54875e-07
-2.54823e-07
-2.54771e-07
-2.54719e-07
-2.54667e-07
-2.54615e-07
-2.54563e-07
-2.54511e-07
-2.54458e-07
-2.54406e-07
-2.54354e-07
-2.54302e-07
-2.5425e-07
-2.54197e-07
-2.54145e-07
-2.54093e-07
-2.54041e-07
-2.53988e-07
-2.53936e-07
-2.53883e-07
-2.53831e-07
-2.53779e-07
-2.53726e-07
-2.53674e-07
-2.53621e-07
-2.53568e-07
-2.53516e-07
-2.53463e-07
-2.53411e-07
-2.53358e-07
-2.53305e-07
-2.53253e-07
-2.532e-07
-2.53147e-07
-2.53094e-07
-2.53041e-07
-2.52989e-07
-2.52936e-07
-2.52883e-07
-2.5283e-07
-2.52777e-07
-2.52724e-07
-2.52671e-07
-2.52618e-07
-2.52565e-07
-2.52512e-07
-2.52459e-07
-2.52406e-07
-2.52353e-07
-2.52299e-07
-2.52246e-07
-2.52193e-07
-2.5214e-07
-2.52086e-07
-2.52033e-07
-2.5198e-07
-2.51927e-07
-2.51873e-07
-2.5182e-07
-2.51766e-07
-2.51713e-07
-2.51659e-07
-2.51606e-07
-2.51552e-07
-2.51499e-07
-2.51445e-07
-2.51392e-07
-2.51338e-07
-2.51285e-07
-2.51231e-07
-2.51177e-07
-2.51124e-07
-2.5107e-07
-2.51016e-07
-2.50962e-07
-2.50909e-07
-2.50855e-07
-2.50801e-07
-2.50747e-07
-2.50693e-07
-2.50639e-07
-2.50585e-07
-2.50531e-07
-2.50477e-07
-2.50423e-07
-2.50369e-07
-2.50315e-07
-2.50261e-07
-2.50207e-07
-2.50153e-07
-2.50099e-07
-2.50045e-07
-2.49991e-07
-2.49936e-07
-2.49882e-07
-2.49828e-07
-2.49774e-07
-2.49719e-07
-2.49665e-07
-2.49611e-07
-2.49556e-07
-2.49502e-07
-2.49448e-07
-2.49393e-07
-2.49339e-07
-2.49284e-07
-2.4923e-07
-2.49175e-07
-2.49121e-07
-2.49066e-07
-2.49012e-07
-2.48957e-07
-2.48902e-07
-2.48848e-07
-2.48793e-07
-2.48738e-07
-2.48684e-07
-2.48629e-07
-2.48574e-07
-2.48519e-07
-2.48465e-07
-2.4841e-07
-2.48355e-07
-2.483e-07
-2.48245e-07
-2.4819e-07
-2.48135e-07
-2.4808e-07
-2.48025e-07
-2.4797e-07
-2.47915e-07
-2.4786e-07
-2.47805e-07
-2.4775e-07
-2.47695e-07
-2.4764e-07
-2.47585e-07
-2.4753e-07
-2.47475e-07
-2.4742e-07
-2.47364e-07
-2.47309e-07
-2.47254e-07
-2.47199e-07
-2.47143e-07
-2.47088e-07
-2.47033e-07
-2.46977e-07
-2.46922e-07
-2.46867e-07
-2.46811e-07
-2.46756e-07
-2.467e-07
-2.46645e-07
-2.46589e-07
-2.46534e-07
-2.46478e-07
-2.46423e-07
-2.46367e-07
-2.46312e-07
-2.46256e-07
-2.462e-07
-2.46145e-07
-2.46089e-07
-2.46034e-07
-2.45978e-07
-2.45922e-07
-2.45866e-07
-2.45811e-07
-2.45755e-07
-2.45699e-07
-2.45643e-07
-2.45587e-07
-2.45532e-07
-2.45476e-07
-2.4542e-07
-2.45364e-07
-2.45308e-07
-2.45252e-07
-2.45196e-07
-2.4514e-07
-2.45084e-07
-2.45028e-07
-2.44972e-07
-2.44916e-07
-2.4486e-07
-2.44804e-07
-2.44748e-07
-2.44692e-07
-2.44636e-07
-2.4458e-07
-2.44523e-07
-2.44467e-07
-2.44411e-07
-2.44355e-07
-2.44299e-07
-2.44242e-07
-2.44186e-07
-2.4413e-07
-2.44073e-07
-2.44017e-07
-2.43961e-07
-2.43904e-07
-2.43848e-07
-2.43792e-07
-2.43735e-07
-2.43679e-07
-2.43622e-07
-2.43566e-07
-2.4351e-07
-2.43453e-07
-2.43397e-07
-2.4334e-07
-2.43284e-07
-2.43227e-07
-2.4317e-07
-2.43114e-07
-2.43057e-07
-2.43001e-07
-2.42944e-07
-2.42887e-07
-2.42831e-07
-2.42774e-07
-2.42717e-07
-2.42661e-07
-2.42604e-07
-2.42547e-07
-2.4249e-07
-2.42434e-07
-2.42377e-07
-2.4232e-07
-2.42263e-07
-2.42206e-07
-2.42149e-07
-2.42093e-07
-2.42036e-07
-2.41979e-07
-2.41922e-07
-2.41865e-07
-2.41808e-07
-2.41751e-07
-2.41694e-07
-2.41637e-07
-2.4158e-07
-2.41523e-07
-2.41466e-07
-2.41409e-07
-2.41352e-07
-2.41295e-07
-2.41238e-07
-2.41181e-07
-2.41124e-07
-2.41066e-07
-2.41009e-07
-2.40952e-07
-2.40895e-07
-2.40838e-07
-2.40781e-07
-2.40723e-07
-2.40666e-07
-2.40609e-07
-2.40552e-07
-2.40494e-07
-2.40437e-07
-2.4038e-07
-2.40322e-07
-2.40265e-07
-2.40208e-07
-2.4015e-07
-2.40093e-07
-2.40036e-07
-2.39978e-07
-2.39921e-07
-2.39863e-07
-2.39806e-07
-2.39748e-07
-2.39691e-07
-2.39633e-07
-2.39576e-07
-2.39518e-07
-2.39461e-07
-2.39403e-07
-2.39346e-07
-2.39288e-07
-2.39231e-07
-2.39173e-07
-2.39116e-07
-2.39058e-07
-2.39e-07
-2.38943e-07
-2.38885e-07
-2.38827e-07
-2.3877e-07
-2.38712e-07
-2.38654e-07
-2.38597e-07
-2.38539e-07
-2.38481e-07
-2.38423e-07
-2.38366e-07
-2.38308e-07
-2.3825e-07
-2.38192e-07
-2.38135e-07
-2.38077e-07
-2.38019e-07
-2.37961e-07
-2.37903e-07
-2.37845e-07
-2.37787e-07
-2.3773e-07
-2.37672e-07
-2.37614e-07
-2.37556e-07
-2.37498e-07
-2.3744e-07
-2.37382e-07
-2.37324e-07
-2.37266e-07
-2.37208e-07
-2.3715e-07
-2.37092e-07
-2.37034e-07
-2.36976e-07
-2.36918e-07
-2.3686e-07
-2.36802e-07
-2.36744e-07
-2.36686e-07
-2.36628e-07
-2.36569e-07
-2.36511e-07
-2.36453e-07
-2.36395e-07
-2.36337e-07
-2.36279e-07
-2.36221e-07
-2.36162e-07
-2.36104e-07
-2.36046e-07
-2.35988e-07
-2.3593e-07
-2.35871e-07
-2.35813e-07
-2.35755e-07
-2.35697e-07
-2.35638e-07
-2.3558e-07
-2.35522e-07
-2.35464e-07
-2.35405e-07
-2.35347e-07
-2.35289e-07
-2.3523e-07
-2.35172e-07
-2.35114e-07
-2.35055e-07
-2.34997e-07
-2.34938e-07
-2.3488e-07
-2.34822e-07
-2.34763e-07
-2.34705e-07
-2.34646e-07
-2.34588e-07
-2.3453e-07
-2.34471e-07
-2.34413e-07
-2.34354e-07
-2.34296e-07
-2.34237e-07
-2.34179e-07
-2.3412e-07
-2.34062e-07
-2.34003e-07
-2.33945e-07
-2.33886e-07
-2.33827e-07
-2.33769e-07
-2.3371e-07
-2.33652e-07
-2.33593e-07
-2.33535e-07
-2.33476e-07
-2.33417e-07
-2.33359e-07
-2.333e-07
-2.33242e-07
-2.33183e-07
-2.33124e-07
-2.33066e-07
-2.33007e-07
-2.32948e-07
-2.3289e-07
-2.32831e-07
-2.32772e-07
-2.32714e-07
-2.32655e-07
-2.32596e-07
-2.32538e-07
-2.32479e-07
-2.3242e-07
-2.32361e-07
-2.32303e-07
-2.32244e-07
-2.32185e-07
-2.32126e-07
-2.32068e-07
-2.32009e-07
-2.3195e-07
-2.31891e-07
-2.31832e-07
-2.31774e-07
-2.31715e-07
-2.31656e-07
-2.31597e-07
-2.31538e-07
-2.31479e-07
-2.31421e-07
-2.31362e-07
-2.31303e-07
-2.31244e-07
-2.31185e-07
-2.31126e-07
-2.31067e-07
-2.31009e-07
-2.3095e-07
-2.30891e-07
-2.30832e-07
-2.30773e-07
-2.30714e-07
-2.30655e-07
-2.30596e-07
-2.30537e-07
-2.30478e-07
-2.30419e-07
-2.3036e-07
-2.30301e-07
-2.30242e-07
-2.30183e-07
-2.30125e-07
-2.30066e-07
-2.30007e-07
-2.29948e-07
-2.29889e-07
-2.2983e-07
-2.29771e-07
-2.29712e-07
-2.29653e-07
-2.29594e-07
-2.29535e-07
-2.29476e-07
-2.29416e-07
-2.29357e-07
-2.29298e-07
-2.29239e-07
-2.2918e-07
-2.29121e-07
-2.29062e-07
-2.29003e-07
-2.28944e-07
-2.28885e-07
-2.28826e-07
-2.28767e-07
-2.28708e-07
-2.28649e-07
-2.2859e-07
-2.2853e-07
-2.28471e-07
-2.28412e-07
-2.28353e-07
-2.28294e-07
-2.28235e-07
-2.28176e-07
-2.28117e-07
-2.28058e-07
-2.27998e-07
-2.27939e-07
-2.2788e-07
-2.27821e-07
-2.27762e-07
-2.27703e-07
-2.27644e-07
-2.27584e-07
-2.27525e-07
-2.27466e-07
-2.27407e-07
-2.27348e-07
-2.27289e-07
-2.27229e-07
-2.2717e-07
-2.27111e-07
-2.27052e-07
-2.26993e-07
-2.26934e-07
-2.26874e-07
-2.26815e-07
-2.26756e-07
-2.26697e-07
-2.26638e-07
-2.26578e-07
-2.26519e-07
-2.2646e-07
-2.26401e-07
-2.26342e-07
-2.26282e-07
-2.26223e-07
-2.26164e-07
-2.26105e-07
-2.26045e-07
-2.25986e-07
-2.25927e-07
-2.25868e-07
-2.25809e-07
-2.25749e-07
-2.2569e-07
-2.25631e-07
-2.25572e-07
-2.25512e-07
-2.25453e-07
-2.25394e-07
-2.25335e-07
-2.25275e-07
-2.25216e-07
-2.25157e-07
-2.25098e-07
-2.25038e-07
-2.24979e-07
-2.2492e-07
-2.24861e-07
-2.24801e-07
-2.24742e-07
-2.24683e-07
-2.24623e-07
-2.24564e-07
-2.24505e-07
-2.24446e-07
-2.24386e-07
-2.24327e-07
-2.24268e-07
-2.24209e-07
-2.24149e-07
-2.2409e-07
-2.24031e-07
-2.23972e-07
-2.23912e-07
-2.23853e-07
-2.23794e-07
-2.23734e-07
-2.23675e-07
-2.23616e-07
-2.23557e-07
-2.23497e-07
-2.23438e-07
-2.23379e-07
-2.23319e-07
-2.2326e-07
-2.23201e-07
-2.23142e-07
-2.23082e-07
-2.23023e-07
-2.22964e-07
-2.22905e-07
-2.22845e-07
-2.22786e-07
-2.22727e-07
-2.22667e-07
-2.22608e-07
-2.22549e-07
-2.2249e-07
-2.2243e-07
-2.22371e-07
-2.22312e-07
-2.22252e-07
-2.22193e-07
-2.22134e-07
-2.22075e-07
-2.22015e-07
-2.21956e-07
-2.21897e-07
-2.21838e-07
-2.21778e-07
-2.21719e-07
-2.2166e-07
-2.216e-07
-2.21541e-07
-2.21482e-07
-2.21423e-07
-2.21363e-07
-2.21304e-07
-2.21245e-07
-2.21186e-07
-2.21126e-07
-2.21067e-07
-2.21008e-07
-2.20949e-07
-2.20889e-07
-2.2083e-07
-2.20771e-07
-2.20712e-07
-2.20652e-07
-2.20593e-07
-2.20534e-07
-2.20475e-07
-2.20415e-07
-2.20356e-07
-2.20297e-07
-2.20238e-07
-2.20178e-07
-2.20119e-07
-2.2006e-07
-2.20001e-07
-2.19942e-07
-2.19882e-07
-2.19823e-07
-2.19764e-07
-2.19705e-07
-2.19646e-07
-2.19586e-07
-2.19527e-07
-2.19468e-07
-2.19409e-07
-2.19349e-07
-2.1929e-07
-2.19231e-07
-2.19172e-07
-2.19113e-07
-2.19054e-07
-2.18994e-07
-2.18935e-07
-2.18876e-07
-2.18817e-07
-2.18758e-07
-2.18698e-07
-2.18639e-07
-2.1858e-07
-2.18521e-07
-2.18462e-07
-2.18403e-07
-2.18344e-07
-2.18284e-07
-2.18225e-07
-2.18166e-07
-2.18107e-07
-2.18048e-07
-2.17989e-07
-2.1793e-07
-2.1787e-07
-2.17811e-07
-2.17752e-07
-2.17693e-07
-2.17634e-07
-2.17575e-07
-2.17516e-07
-2.17457e-07
-2.17398e-07
-2.17338e-07
-2.17279e-07
-2.1722e-07
-2.17161e-07
-2.17102e-07
-2.17043e-07
-2.16984e-07
-2.16925e-07
-2.16866e-07
-2.16807e-07
-2.16748e-07
-2.16689e-07
-2.1663e-07
-2.16571e-07
-2.16512e-07
-2.16453e-07
-2.16394e-07
-2.16335e-07
-2.16276e-07
-2.16217e-07
-2.16158e-07
-2.16098e-07
-2.1604e-07
-2.1598e-07
-2.15922e-07
-2.15863e-07
-2.15804e-07
-2.15745e-07
-2.15686e-07
-2.15627e-07
-2.15568e-07
-2.15509e-07
-2.1545e-07
-2.15391e-07
-2.15332e-07
-2.15273e-07
-2.15214e-07
-2.15155e-07
-2.15096e-07
-2.15037e-07
-2.14978e-07
-2.14919e-07
-2.14861e-07
-2.14802e-07
-2.14743e-07
-2.14684e-07
-2.14625e-07
-2.14566e-07
-2.14507e-07
-2.14448e-07
-2.1439e-07
-2.14331e-07
-2.14272e-07
-2.14213e-07
-2.14154e-07
-2.14095e-07
-2.14037e-07
-2.13978e-07
-2.13919e-07
-2.1386e-07
-2.13801e-07
-2.13743e-07
-2.13684e-07
-2.13625e-07
-2.13566e-07
-2.13507e-07
-2.13449e-07
-2.1339e-07
-2.13331e-07
-2.13272e-07
-2.13214e-07
-2.13155e-07
-2.13096e-07
-2.13037e-07
-2.12979e-07
-2.1292e-07
-2.12861e-07
-2.12803e-07
-2.12744e-07
-2.12685e-07
-2.12627e-07
-2.12568e-07
-2.12509e-07
-2.12451e-07
-2.12392e-07
-2.12333e-07
-2.12275e-07
-2.12216e-07
-2.12157e-07
-2.12099e-07
-2.1204e-07
-2.11982e-07
-2.11923e-07
-2.11864e-07
-2.11806e-07
-2.11747e-07
-2.11689e-07
-2.1163e-07
-2.11572e-07
-2.11513e-07
-2.11455e-07
-2.11396e-07
-2.11337e-07
-2.11279e-07
-2.1122e-07
-2.11162e-07
-2.11103e-07
-2.11045e-07
-2.10987e-07
-2.10928e-07
-2.1087e-07
-2.10811e-07
-2.10753e-07
-2.10694e-07
-2.10636e-07
-2.10577e-07
-2.10519e-07
-2.10461e-07
-2.10402e-07
-2.10344e-07
-2.10285e-07
-2.10227e-07
-2.10169e-07
-2.1011e-07
-2.10052e-07
-2.09994e-07
-2.09935e-07
-2.09877e-07
-2.09819e-07
-2.0976e-07
-2.09702e-07
-2.09644e-07
-2.09585e-07
-2.09527e-07
-2.09469e-07
-2.09411e-07
-2.09352e-07
-2.09294e-07
-2.09236e-07
-2.09178e-07
-2.09119e-07
-2.09061e-07
-2.09003e-07
-2.08945e-07
-2.08887e-07
-2.08828e-07
-2.0877e-07
-2.08712e-07
-2.08654e-07
-2.08596e-07
-2.08538e-07
-2.0848e-07
-2.08421e-07
-2.08363e-07
-2.08305e-07
-2.08247e-07
-2.08189e-07
-2.08131e-07
-2.08073e-07
-2.08015e-07
-2.07957e-07
-2.07899e-07
-2.07841e-07
-2.07783e-07
-2.07725e-07
-2.07667e-07
-2.07609e-07
-2.07551e-07
-2.07493e-07
-2.07435e-07
-2.07377e-07
-2.07319e-07
-2.07261e-07
-2.07203e-07
-2.07145e-07
-2.07087e-07
-2.07029e-07
-2.06971e-07
-2.06914e-07
-2.06856e-07
-2.06798e-07
-2.0674e-07
-2.06682e-07
-2.06624e-07
-2.06566e-07
-2.06509e-07
-2.06451e-07
-2.06393e-07
-2.06335e-07
-2.06278e-07
-2.0622e-07
-2.06162e-07
-2.06104e-07
-2.06047e-07
-2.05989e-07
-2.05931e-07
-2.05873e-07
-2.05816e-07
-2.05758e-07
-2.057e-07
-2.05643e-07
-2.05585e-07
-2.05527e-07
-2.0547e-07
-2.05412e-07
-2.05355e-07
-2.05297e-07
-2.05239e-07
-2.05182e-07
-2.05124e-07
-2.05067e-07
-2.05009e-07
-2.04952e-07
-2.04894e-07
-2.04836e-07
-2.04779e-07
-2.04721e-07
-2.04664e-07
-2.04607e-07
-2.04549e-07
-2.04492e-07
-2.04434e-07
-2.04377e-07
-2.04319e-07
-2.04262e-07
-2.04204e-07
-2.04147e-07
-2.0409e-07
-2.04032e-07
-2.03975e-07
-2.03918e-07
-2.0386e-07
-2.03803e-07
-2.03746e-07
-2.03688e-07
-2.03631e-07
-2.03574e-07
-2.03517e-07
-2.03459e-07
-2.03402e-07
-2.03345e-07
-2.03288e-07
-2.0323e-07
-2.03173e-07
-2.03116e-07
-2.03059e-07
-2.03002e-07
-2.02944e-07
-2.02887e-07
-2.0283e-07
-2.02773e-07
-2.02716e-07
-2.02659e-07
-2.02602e-07
-2.02545e-07
-2.02488e-07
-2.02431e-07
-2.02373e-07
-2.02316e-07
-2.02259e-07
-2.02202e-07
-2.02145e-07
-2.02088e-07
-2.02031e-07
-2.01974e-07
-2.01918e-07
-2.01861e-07
-2.01804e-07
-2.01747e-07
-2.0169e-07
-2.01633e-07
-2.01576e-07
-2.01519e-07
-2.01462e-07
-2.01405e-07
-2.01349e-07
-2.01292e-07
-2.01235e-07
-2.01178e-07
-2.01121e-07
-2.01065e-07
-2.01008e-07
-2.00951e-07
-2.00894e-07
-2.00838e-07
-2.00781e-07
-2.00724e-07
-2.00668e-07
-2.00611e-07
-2.00554e-07
-2.00498e-07
-2.00441e-07
-2.00384e-07
-2.00328e-07
-2.00271e-07
-2.00214e-07
-2.00158e-07
-2.00101e-07
-2.00045e-07
-1.99988e-07
-1.99932e-07
-1.99875e-07
-1.99819e-07
-1.99762e-07
-1.99706e-07
-1.99649e-07
-1.99593e-07
-1.99536e-07
-1.9948e-07
-1.99424e-07
-1.99367e-07
-1.99311e-07
-1.99254e-07
-1.99198e-07
-1.99142e-07
-1.99085e-07
-1.99029e-07
-1.98973e-07
-1.98916e-07
-1.9886e-07
-1.98804e-07
-1.98748e-07
-1.98691e-07
-1.98635e-07
-1.98579e-07
-1.98523e-07
-1.98466e-07
-1.9841e-07
-1.98354e-07
-1.98298e-07
-1.98242e-07
-1.98186e-07
-1.98129e-07
-1.98073e-07
-1.98017e-07
-1.97961e-07
-1.97905e-07
-1.97849e-07
-1.97793e-07
-1.97737e-07
-1.97681e-07
-1.97625e-07
-1.97569e-07
-1.97513e-07
-1.97457e-07
-1.97401e-07
-1.97345e-07
-1.97289e-07
-1.97233e-07
-1.97177e-07
-1.97122e-07
-1.97066e-07
-1.9701e-07
-1.96954e-07
-1.96898e-07
-1.96842e-07
-1.96786e-07
-1.96731e-07
-1.96675e-07
-1.96619e-07
-1.96563e-07
-1.96508e-07
-1.96452e-07
-1.96396e-07
-1.96341e-07
-1.96285e-07
-1.96229e-07
-1.96174e-07
-1.96118e-07
-1.96062e-07
-1.96007e-07
-1.95951e-07
-1.95896e-07
-1.9584e-07
-1.95784e-07
-1.95729e-07
-1.95673e-07
-1.95618e-07
-1.95562e-07
-1.95507e-07
-1.95451e-07
-1.95396e-07
-1.9534e-07
-1.95285e-07
-1.9523e-07
-1.95174e-07
-1.95119e-07
-1.95063e-07
-1.95008e-07
-1.94953e-07
