-2.02888
-1.9165
-1.81222
-1.71717
-1.63176
-1.55579
-1.48872
-1.42975
-1.378
-1.33257
-1.29264
-1.25743
-1.22626
-1.19854
-1.17378
-1.15153
-1.13144
-1.1132
-1.09655
-1.08129
-1.06722
-1.05421
-1.04211
-1.03083
-1.02119
-1.01308
-1.00526
-0.997726
-0.990414
-0.983303
-0.97642
-0.969787
-0.963405
-0.957263
-0.95138
-0.945695
-0.940201
-0.934892
-0.929761
-0.924807
-0.920026
-0.915416
-0.910974
-0.906699
-0.902589
-0.898642
-0.894859
-0.891237
-0.887793
-0.884514
-0.881396
-0.878443
-0.875672
-0.873052
-0.870944
-0.869335
-0.867879
-0.86661
-0.865647
-0.864846
-0.864181
-0.863647
-0.863238
-0.862947
-0.862766
-0.862688
-0.862705
-0.862807
-0.863012
-0.863289
-0.863629
-0.864019
-0.864448
-0.864903
-0.865372
-0.865841
-0.866517
-0.866723
-0.867568
-0.86891
-0.869919
-0.871071
-0.871932
-0.873052
-0.873877
-0.874709
-0.875408
-0.874666
-0.874935
-0.876387
-0.876907
-0.876643
-0.876278
-0.875821
-0.87523
-0.874674
-0.873836
-0.87277
-0.870304
-0.869179
-0.868116
-0.866042
-0.864959
-0.864274
-0.863608
-0.862431
-0.86076
-0.858997
-0.857133
-0.855155
-0.852896
-0.850325
-0.846723
-0.843774
-0.840588
-0.836801
-0.833285
-0.829837
-0.826696
-0.82273
-0.818998
-0.815567
-0.811609
-0.807918
-0.804023
-0.800338
-0.796198
-0.791908
-0.787281
-0.783082
-0.778917
-0.774634
-0.770901
-0.765844
-0.760355
-0.754284
-0.748632
-0.743178
-0.737996
-0.733693
-0.729233
-0.724866
-0.72074
-0.716622
-0.712597
-0.708639
-0.704808
-0.701039
-0.697368
-0.693795
-0.690319
-0.686951
-0.683663
-0.680471
-0.677364
-0.674359
-0.671407
-0.668591
-0.666026
-0.663454
-0.661091
-0.658688
-0.656452
-0.654199
-0.652029
-0.649946
-0.647909
-0.645965
-0.644082
-0.642226
-0.640452
-0.638748
-0.637081
-0.635478
-0.633918
-0.632392
-0.630926
-0.629518
-0.628146
-0.626839
-0.625541
-0.624313
-0.623127
-0.621963
-0.62083
-0.619744
-0.618696
-0.617693
-0.61672
-0.615776
-0.614858
-0.613964
-0.61311
-0.612276
-0.611478
-0.610713
-0.609973
-0.609251
-0.608548
-0.607866
-0.607207
-0.606572
-0.60596
-0.60537
-0.604799
-0.604248
-0.603716
-0.6032
-0.602701
-0.602218
-0.601749
-0.601296
-0.600856
-0.600431
-0.60002
-0.599622
-0.599236
-0.598864
-0.598504
-0.598155
-0.597798
-0.59749
-0.59718
-0.596873
-0.596574
-0.596285
-0.596005
-0.595736
-0.595475
-0.595222
-0.594977
-0.594741
-0.594511
-0.594289
-0.594074
-0.593865
-0.593662
-0.593467
-0.593276
-0.593092
-0.592913
-0.592739
-0.592571
-0.592408
-0.592249
-0.592096
-0.591947
-0.591802
-0.591662
-0.591525
-0.591394
-0.591265
-0.591141
-0.59102
-0.590902
-0.590788
-0.590678
-0.590571
-0.590466
-0.590365
-0.590267
-0.590171
-0.590079
-0.589988
-0.589901
-0.589816
-0.589733
-0.589653
-0.589575
-0.589499
-0.589425
-0.589353
-0.589284
-0.589216
-0.58915
-0.589086
-0.589023
-0.588963
-0.588904
-0.588846
-0.58879
-0.588736
-0.588683
-0.588632
-0.588582
-0.588533
-0.588485
-0.588439
-0.588394
-0.58835
-0.588307
-0.588266
-0.588225
-0.588186
-0.588147
-0.58811
-0.588073
-0.588038
-0.588003
-0.587969
-0.587937
-0.587904
-0.587873
-0.587843
-0.587813
-0.587784
-0.587756
-0.587728
-0.587701
-0.587675
-0.58765
-0.587625
-0.5876
-0.587577
-0.587553
-0.587531
-0.587509
-0.587487
-0.587466
-0.587446
-0.587425
-0.587406
-0.587387
-0.587369
-0.58735
-0.587333
-0.587315
-0.587298
-0.587282
-0.587266
-0.58725
-0.587234
-0.58722
-0.587205
-0.587191
-0.587176
-0.587163
-0.587149
-0.587136
-0.587124
-0.587111
-0.587099
-0.587086
-0.587076
-0.587063
-0.587053
-0.587041
-0.587032
-0.587021
-0.58701
-0.587001
-0.586991
-0.586981
-0.586972
-0.586963
-0.586954
-0.586946
-0.586936
-0.586929
-0.58692
-0.586913
-0.586904
-0.586897
-0.586889
-0.586883
-0.586875
-0.586869
-0.586861
-0.586855
-0.586848
-0.586842
-0.586835
-0.58683
-0.586823
-0.586818
-0.586812
-0.586807
-0.586801
-0.586795
-0.586791
-0.586785
-0.58678
-0.586775
-0.58677
-0.586766
-0.586761
-0.586756
-0.586752
-0.586747
-0.586743
-0.586739
-0.586735
-0.586731
-0.586727
-0.586723
-0.58672
-0.586716
-0.586712
-0.586708
-0.586705
-0.586702
-0.586698
-0.586695
-0.586692
-0.586689
-0.586686
-0.586683
-0.58668
-0.586677
-0.586674
-0.586672
-0.586669
-0.586666
-0.586664
-0.586661
-0.586659
-0.586656
-0.586654
-0.586652
-0.586649
-0.586647
-0.586645
-0.586643
-0.586641
-0.586639
-0.586637
-0.586635
-0.586633
-0.586631
-0.586629
-0.586627
-0.586625
-0.586624
-0.586622
-0.58662
-0.586618
-0.586617
-0.586615
-0.586614
-0.586612
-0.586611
-0.586609
-0.586608
-0.586606
-0.586605
-0.586604
-0.586602
-0.586601
-0.5866
-0.586599
-0.586597
-0.586596
-0.586595
-0.586594
-0.586593
-0.586592
-0.586591
-0.58659
-0.586589
-0.586588
-0.586587
-0.586586
-0.586585
-0.586584
-0.586583
-0.586582
-0.586581
-0.58658
-0.586579
-0.586578
-0.586578
-0.586577
-0.586576
-0.586575
-0.586575
-0.586574
-0.586573
-0.586572
-0.586572
-0.586571
-0.58657
-0.58657
-0.586569
-0.586568
-0.586568
-0.586567
-0.586567
-0.586566
-0.586565
-0.586565
-0.586564
-0.586564
-0.586563
-0.586563
-0.586562
-0.586562
-0.586561
-0.586561
-0.58656
-0.58656
-0.586559
-0.586559
-0.586559
-0.586558
-0.586558
-0.586557
-0.586557
-0.586557
-0.586556
-0.586556
-0.586555
-0.586555
-0.586555
-0.586554
-0.586554
-0.586554
-0.586553
-0.586553
-0.586553
-0.586552
-0.586552
-0.586552
-0.586552
-0.586551
-0.586551
-0.586551
-0.58655
-0.58655
-0.58655
-0.58655
-0.58655
-0.586549
-0.586549
-0.586549
-0.586549
-0.586548
-0.586548
-0.586548
-0.586548
-0.586548
-0.586547
-0.586547
-0.586547
-0.586547
-0.586547
-0.586546
-0.586546
-0.586546
-0.586546
-0.586546
-0.586546
-0.586545
-0.586545
-0.586545
-0.586545
-0.586545
-0.586545
-0.586545
-0.586544
-0.586544
-0.586544
-0.586544
-0.586544
-0.586544
-0.586544
-0.586544
-0.586543
-0.586543
-0.586543
-0.586543
-0.586543
-0.586543
-0.586543
-0.586543
-0.586543
-0.586542
-0.586542
-0.586542
-0.586542
-0.586542
-0.586542
-0.586542
-0.586542
-0.586542
-0.586542
-0.586542
-0.586542
-0.586541
-0.586541
-0.586541
-0.586541
-0.586541
-0.586541
-0.586541
-0.586541
-0.586541
-0.586541
-0.586541
-0.586541
-0.586541
-0.586541
-0.58654
-0.58654
-0.58654
-0.58654
-0.58654
-0.58654
-0.58654
-0.58654
-0.58654
-0.58654
-0.58654
-0.58654
-0.58654
-0.58654
-0.58654
-0.58654
-0.58654
-0.58654
-0.58654
-0.58654
-0.58654
-0.586539
-0.586539
-0.586539
-0.586539
-0.586539
-0.586539
-0.586539
-0.586539
-0.586539
-0.586539
-0.586539
-0.586539
-0.586539
-0.586539
-0.586539
-0.586539
-0.586539
-0.586539
-0.586539
-0.586539
-0.586539
-0.586539
-0.586539
-0.586539
-0.586539
-0.586539
-0.586539
-0.586539
-0.586539
-0.586539
-0.586539
-0.586539
-0.586539
-0.586539
-0.586538
-0.586538
-0.586538
-0.586538
-0.586538
-0.586538
-0.586538
-0.586538
-0.586538
-0.586538
-0.586538
-0.586538
-0.586538
-0.586538
-0.586538
-0.586538
-0.586538
-0.586538
-0.586538
-0.586538
-0.586538
-0.586538
-0.586538
-0.586538
-0.586538
-0.586538
-0.586538
-0.586538
-0.586538
-0.586538
-0.586538
-0.586538
-0.586538
-0.586538
-0.586538
-0.586538
-0.586538
-0.586538
-0.586538
-0.586538
-0.586538
-0.586538
-0.586538
-0.586538
-0.586538
-0.586538
-0.586538
-0.586538
-0.586538
-0.586538
-0.586538
-0.586538
-0.586538
-0.586538
-0.586538
-0.586538
-0.586538
-0.586538
-0.586538
-0.586538
-0.586538
-0.586538
-0.586538
-0.586538
-0.586538
-0.586538
-0.586538
-0.586538
-0.586538
-0.586538
-0.586538
-0.586538
-0.586538
-0.586538
-0.586538
-0.586538
-0.586538
-0.586538
-0.586538
-0.586538
-0.586538
-0.586538
-0.586538
-0.586538
-0.586538
-0.586538
-0.586538
-0.586538
-0.586538
-0.586538
-0.586538
-0.586538
-0.586538
-0.586538
-0.586538
-0.586538
-0.586538
-0.586538
-0.586538
-0.586538
-0.586538
-0.586538
-0.586538
-0.586538
-0.586538
-0.586538
-0.586538
-0.586538
-0.586538
-0.586538
-0.586538
-0.586538
-0.586538
-0.586538
-0.586538
-0.586537
-0.586537
-0.586537
-0.586537
-0.586537
-0.586537
-0.586537
-0.586537
-0.586537
-0.586537
-0.586537
-0.586537
-0.586537
-0.586537
-0.586537
-0.586537
-0.586537
-0.586537
-0.586537
-0.586537
-0.586537
-0.586537
-0.586537
-0.586537
-0.586537
-0.586537
-0.586537
-0.586537
-0.586537
-0.586537
-0.586537
-0.586537
-0.586537
-0.586537
-0.586537
-0.586537
-0.586537
-0.586537
-0.586537
-0.586537
-0.586537
-0.586537
-0.586537
-0.586537
-0.586537
-0.586537
-0.586537
-0.586537
-0.586537
-0.586537
-0.586537
-0.586537
-0.586537
-0.586537
-0.586537
-0.586537
-0.586537
-0.586537
-0.586537
-0.586537
-0.586537
-0.586537
-0.586537
-0.586537
-0.586537
-0.586537
-0.586537
-0.586537
-0.586537
-0.586537
-0.586537
-0.586537
-0.586537
-0.586537
-0.586537
-0.586537
-0.586537
-0.586537
-0.586537
-0.586537
-0.586537
-0.586537
-0.586537
-0.586537
-0.586537
-0.586537
-0.586537
-0.586537
-0.586537
-0.586537
-0.586537
-0.586537
-0.586537
-0.586537
-0.586537
-0.586537
-0.586537
-0.586537
-0.586537
-0.586537
-0.586537
-0.586537
-0.586537
-0.586537
-0.586537
-0.586537
-0.586537
-0.586537
-0.586537
-0.586537
-0.586537
-0.586537
-0.586537
-0.586537
-0.586537
-0.586537
-0.586537
-0.586537
-0.586537
-0.586537
-0.586537
-0.586537
-0.586537
-0.586537
-0.586537
-0.586537
-0.586537
-0.586537
-0.586537
-0.586537
-0.586537
-0.586537
-0.586537
-0.586537
-0.586537
-0.586537
-0.586537
-0.586537
-0.586537
-0.586537
-0.586537
-0.586537
-0.586537
-0.586537
-0.586537
-0.586537
-0.586537
-0.586537
-0.586537
-0.586537
-0.586537
-0.586537
-0.586537
-0.586537
-0.586537
-0.586537
-0.586537
-0.586537
-0.586537
-0.586537
-0.586537
-0.586537
-0.586537
-0.586537
-0.586537
-0.586537
-0.586537
-0.586537
-0.586537
-0.586537
-0.586537
-0.586537
-0.586537
-0.586537
-0.586537
-0.586537
-0.586537
-0.586537
-0.586537
-0.586537
-0.586537
-0.586537
-0.586537
-0.586537
-0.586537
-0.586537
-0.586537
-0.586537
-0.586537
-0.586537
-0.586537
-0.586537
-0.586537
-0.586537
-0.586537
-0.586537
-0.586537
-0.586537
-0.586537
-0.586537
-0.586537
-0.586537
-0.586537
-0.586537
-0.586537
-0.586537
-0.586537
-0.586537
-0.586537
-0.586537
-0.586537
-0.586537
-0.586537
-0.586537
-0.586537
-0.586537
-0.586537
-0.586537
-0.586537
-0.586537
-0.586537
-0.586537
-0.586537
-0.586537
-0.586537
-0.586537
-0.586537
-0.586537
-0.586537
-0.586537
-0.586537
-0.586537
-0.586537
-0.586537
-0.586537
-0.586537
-0.586537
-0.586537
-0.586537
-0.586537
-0.586537
-0.586537
-0.586537
-0.586537
-0.586537
-0.586537
-0.586537
-0.586537
-0.586537
-0.586537
-0.586537
-0.586537
-0.586537
-0.586537
-0.586537
-0.586537
-0.586537
-0.586537
-0.586537
-0.586537
-0.586537
-0.586537
-0.586537
-0.586537
-0.586537
-0.586537
-0.586537
-0.586537
-0.586537
-0.586537
-0.586537
-0.586537
-0.586537
-0.586537
-0.586537
-0.586537
-0.586537
-0.586537
-0.586537
-0.586537
-0.586537
-0.586537
-0.586537
-0.586537
-0.586537
-0.586537
-0.586537
-0.586537
-0.586537
-0.586537
-0.586537
-0.586537
-0.586537
-0.586537
-0.586537
-0.586537
-0.586537
-0.586537
-0.586537
-0.586537
-0.586537
-0.586537
-0.586537
-0.586537
-0.586537
-0.586537
-0.586537
-0.586537
-0.586537
-0.586537
-0.586537
-0.586537
-0.586537
-0.586537
-0.586537
-0.586537
-0.586537
-0.586537
-0.586537
-0.586537
-0.586537
-0.586537
-0.586537
-0.586537
-0.586537
-0.586537
-0.586537
-0.586537
-0.586537
-0.586537
-0.586537
-0.586537
-0.586537
-0.586537
-0.586537
-0.586537
-0.586537
-0.586537
-0.586537
-0.586537
-0.586537
-0.586537
-0.586537
-0.586537
-0.586537
-0.586537
-0.586537
-0.586537
-0.586537
-0.586537
-0.586537
-0.586537
-0.586537
-0.586537
-0.586537
-0.586537
-0.586537
-0.586537
-0.586537
-0.586537
-0.586537
-0.586537
-0.586537
-0.586537
-0.586537
-0.586537
-0.586537
-0.586537
-0.586537
-0.586537
-0.586537
-0.586537
-0.586537
-0.586537
-0.586537
-0.586537
-0.586537
-0.586537
-0.586537
-0.586537
-0.586537
-0.586537
-0.586537
-0.586537
-0.586537
-0.586537
-0.586537
-0.586537
-0.586537
-0.586537
-0.586537
-0.586537
-0.586537
-0.586537
-0.586537
-0.586537
-0.586537
-0.586537
-0.586537
-0.586537
-0.586537
-0.586537
-0.586537
-0.586537
-0.586537
-0.586537
-0.586537
-0.586537
-0.586537
-0.586537
-0.586537
-0.586537
-0.586537
-0.586537
-0.586537
-0.586537
-0.586537
-0.586537
-0.586537
-0.586537
-0.586537
-0.586537
-0.586537
-0.586537
-0.586537
-0.586537
-0.586537
-0.586537
-0.586537
-0.586537
-0.586537
-0.586537
-0.586537
-0.586537
-0.586537
-0.586537
-0.586537
-0.586537
-0.586537
-0.586537
-0.586537
-0.586537
-0.586537
-0.586537
-0.586537
-0.586537
-0.586537
-0.586537
-0.586537
-0.586537
-0.586537
-0.586537
-0.586537
-0.586537
-0.586537
-0.586537
-0.586537
-0.586537
-0.586537
-0.586537
-0.586537
-0.586537
-0.586537
-0.586537
-0.586537
-0.586537
-0.586537
-0.586537
-0.586537
-0.586537
-0.586537
-0.586537
-0.586537
-0.586537
-0.586537
-0.586537
-0.586537
-0.586537
-0.586537
-0.586537
-0.586537
-0.586537
-0.586537
-0.586537
-0.586537
-0.586537
-0.586537
-0.586537
-0.586537
-0.586537
-0.586537
-0.586537
-0.586537
-0.586537
-0.586537
-0.586537
-0.586537
-0.586537
-0.586537
-0.586537
-0.586537
-0.586537
-0.586537
-0.586537
-0.586537
-0.586537
-0.586537
-0.586537
-0.586537
-0.586537
-0.586537
-0.586537
-0.586537
-0.586537
-0.586537
-0.586537
-0.586537
-0.586537
-0.586537
-0.586537
-0.586537
-0.586537
-0.586537
-0.586537
-0.586537
-0.586537
-0.586537
-0.586537
-0.586537
-0.586537
-0.586537
-0.586537
-0.586537
-0.586537
-0.586537
-0.586537
-0.586537
-0.586537
-0.586537
-0.586537
-0.586537
-0.586537
-0.586537
-0.586537
-0.586537
-0.586537
-0.586537
-0.586537
-0.586537
-0.586537
-0.586537
-0.586537
-0.586537
-0.586537
-0.586537
-0.586537
-0.586537
-0.586537
-0.586537
-0.586537
-0.586537
-0.586537
-0.586537
-0.586537
-0.586537
-0.586537
-0.586537
-0.586537
-0.586537
-0.586537
-0.586537
-0.586537
-0.586537
-0.586537
-0.586537
-0.586537
-0.586537
-0.586537
-0.586537
-0.586537
-0.586537
-0.586537
-0.586537
-0.586537
-0.586537
-0.586537
-0.586537
-0.586537
-0.586537
-0.586537
-0.586537
-0.586537
-0.586537
-0.586537
-0.586537
-0.586537
-0.586537
-0.586537
-0.586537
-0.586537
-0.586537
-0.586537
-0.586537
-0.586537
-0.586537
-0.586537
-0.586537
-0.586537
-0.586537
-0.586537
-0.586537
-0.586537
-0.586537
-0.586537
-0.586537
-0.586537
-0.586537
-0.586537
-0.586537
-0.586537
-0.586537
-0.586537
-0.586537
-0.586537
-0.586537
-0.586537
-0.586537
-0.586537
-0.586537
-0.586537
-0.586537
-0.586537
-0.586537
-0.586537
-0.586537
-0.586537
-0.586537
-0.586537
-0.586537
-0.586537
-0.586537
-0.586537
-0.586537
-0.586537
-0.586537
-0.586537
-0.586537
-0.586537
-0.586537
-0.586537
-0.586537
-0.586537
-0.586537
-0.586537
-0.586537
-0.586537
-0.586537
-0.586537
-0.586537
-0.586537
-0.586537
-0.586537
-0.586537
-0.586537
-0.586537
-0.586537
-0.586537
-0.586537
-0.586537
-0.586537
-0.586537
-0.586537
-0.586537
-0.586537
-0.586537
-0.586537
-0.586537
-0.586537
-0.586537
-0.586537
-0.586537
-0.586537
-0.586537
-0.586537
-0.586537
-0.586537
-0.586537
-0.586537
-0.586537
-0.586537
-0.586537
-0.586537
-0.586537
-0.586537
-0.586537
-0.586537
-0.586537
-0.586537
-0.586537
-0.586537
-0.586537
-0.586537
-0.586537
-0.586537
-0.586537
-0.586537
-0.586537
-0.586537
-0.586537
-0.586537
-0.586537
-0.586537
-0.586537
-0.586537
-0.586537
-0.586537
-0.586537
-0.586537
-0.586537
-0.586537
-0.586537
-0.586537
-0.586537
-0.586537
-0.586537
-0.586537
-0.586537
-0.586537
-0.586537
-0.586537
-0.586537
-0.586537
-0.586537
-0.586537
-0.586537
-0.586537
-0.586537
-0.586537
-0.586537
-0.586537
-0.586537
-0.586537
-0.586537
-0.586537
-0.586537
-0.586537
-0.586537
-0.586537
-0.586537
-0.586537
-0.586537
-0.586537
-0.586537
-0.586537
-0.586537
-0.586537
-0.586537
-0.586537
-0.586537
-0.586537
-0.586537
-0.586537
-0.586537
-0.586537
-0.586537
-0.586537
-0.586537
-0.586537
-0.586537
-0.586537
-0.586537
-0.586537
-0.586537
-0.586537
-0.586537
-0.586537
-0.586537
-0.586537
-0.586537
-0.586537
-0.586537
-0.586537
-0.586537
-0.586537
-0.586537
-0.586537
-0.586537
-0.586537
-0.586537
-0.586537
-0.586537
-0.586537
-0.586537
-0.586537
-0.586537
-0.586537
-0.586537
-0.586537
-0.586537
-0.586537
-0.586537
-0.586537
-0.586537
-0.586537
-0.586537
-0.586537
-0.586537
-0.586537
-0.586537
-0.586537
-0.586537
-0.586537
-0.586537
-0.586537
-0.586537
-0.586537
-0.586537
-0.586537
-0.586537
-0.586537
-0.586537
-0.586537
-0.586537
-0.586537
-0.586537
-0.586537
-0.586537
-0.586537
-0.586537
-0.586537
-0.586537
-0.586537
-0.586537
-0.586537
-0.586537
-0.586537
-0.586537
-0.586537
-0.586537
-0.586537
-0.586537
-0.586537
-0.586537
-0.586537
-0.586537
-0.586537
-0.586537
-0.586537
-0.586537
-0.586537
-0.586537
-0.586537
-0.586537
-0.586537
-0.586537
-0.586537
-0.586537
-0.586537
-0.586537
-0.586537
-0.586537
-0.586537
-0.586537
-0.586537
-0.586537
-0.586537
-0.586537
-0.586537
-0.586537
-0.586537
-0.586537
-0.586537
-0.586537
-0.586537
-0.586537
-0.586537
-0.586537
-0.586537
-0.586537
-0.586537
-0.586537
-0.586537
-0.586537
-0.586537
-0.586537
-0.586537
-0.586537
-0.586537
-0.586537
-0.586537
-0.586537
-0.586537
-0.586537
-0.586537
-0.586537
-0.586537
-0.586537
-0.586537
-0.586537
-0.586537
-0.586537
-0.586537
-0.586537
-0.586537
-0.586537
-0.586537
-0.586537
-0.586537
-0.586537
-0.586537
-0.586537
-0.586537
-0.586537
-0.586537
-0.586537
-0.586537
-0.586537
-0.586537
-0.586537
-0.586537
-0.586537
-0.586537
-0.586537
-0.586537
-0.586537
-0.586537
-0.586537
-0.586537
-0.586537
-0.586537
-0.586537
-0.586537
-0.586537
-0.586537
-0.586537
-0.586537
-0.586537
-0.586537
-0.586537
-0.586537
-0.586537
-0.586537
-0.586537
-0.586537
-0.586537
-0.586537
-0.586537
-0.586537
-0.586537
-0.586537
-0.586537
-0.586537
-0.586537
-0.586537
-0.586537
-0.586537
-0.586537
-0.586537
-0.586537
-0.586537
-0.586537
-0.586537
-0.586537
-0.586537
-0.586537
-0.586537
-0.586537
-0.586537
-0.586537
-0.586537
-0.586537
-0.586537
-0.586537
-0.586537
-0.586537
-0.586537
-0.586537
-0.586537
-0.586537
-0.586537
-0.586537
-0.586537
-0.586537
-0.586537
-0.586537
-0.586537
-0.586537
-0.586537
-0.586537
-0.586537
-0.586537
-0.586537
-0.586537
-0.586537
-0.586537
-0.586537
-0.586537
-0.586537
-0.586537
-0.586537
-0.586537
-0.586537
-0.586537
-0.586537
-0.586537
-0.586537
-0.586537
-0.586537
-0.586537
-0.586537
-0.586537
-0.586537
-0.586537
-0.586537
-0.586537
-0.586537
-0.586537
-0.586537
-0.586537
-0.586537
-0.586537
-0.586537
-0.586537
-0.586537
-0.586537
-0.586537
-0.586537
-0.586537
-0.586537
-0.586537
-0.586537
-0.586537
-0.586537
-0.586537
-0.586537
-0.586537
-0.586537
-0.586537
-0.586537
-0.586537
-0.586537
-0.586537
-0.586537
-0.586537
-0.586537
-0.586537
-0.586537
-0.586537
-0.586537
-0.586537
-0.586537
-0.586537
-0.586537
-0.586537
-0.586537
-0.586537
-0.586537
-0.586537
-0.586537
-0.586537
-0.586537
-0.586537
-0.586537
-0.586537
-0.586537
-0.586537
-0.586537
-0.586537
-0.586537
-0.586537
-0.586537
-0.586537
-0.586537
-0.586537
-0.586537
-0.586537
-0.586537
-0.586537
-0.586537
-0.586537
-0.586537
-0.586537
-0.586537
-0.586537
-0.586537
-0.586537
-0.586537
-0.586537
-0.586537
-0.586537
-0.586537
-0.586537
-0.586537
-0.586537
-0.586537
-0.586537
-0.586537
-0.586537
-0.586537
-0.586537
-0.586537
-0.586537
-0.586537
-0.586537
-0.586537
-0.586537
-0.586537
-0.586537
-0.586537
-0.586537
-0.586537
-0.586537
-0.586537
-0.586537
-0.586537
-0.586537
-0.586537
-0.586537
-0.586537
-0.586537
-0.586537
-0.586537
-0.586537
-0.586537
-0.586537
-0.586537
-0.586537
-0.586537
-0.586537
-0.586537
-0.586537
-0.586537
-0.586537
-0.586537
-0.586537
-0.586537
-0.586537
-0.586537
-0.586537
-0.586537
-0.586537
-0.586537
-0.586537
-0.586537
-0.586537
-0.586537
-0.586537
-0.586537
-0.586537
-0.586537
-0.586537
-0.586537
-0.586537
-0.586537
-0.586537
-0.586537
-0.586537
-0.586537
-0.586537
-0.586537
-0.586537
-0.586537
-0.586537
-0.586537
-0.586537
-0.586537
-0.586537
-0.586537
-0.586537
-0.586537
-0.586537
-0.586537
-0.586537
-0.586537
-0.586537
-0.586537
-0.586537
-0.586537
-0.586537
-0.586537
-0.586537
-0.586537
-0.586537
-0.586537
-0.586537
-0.586537
-0.586537
-0.586537
-0.586537
-0.586537
-0.586537
-0.586537
-0.586537
-0.586537
-0.586537
-0.586537
-0.586537
-0.586537
-0.586537
-0.586537
-0.586537
-0.586537
-0.586537
-0.586537
-0.586537
-0.586537
-0.586537
-0.586537
-0.586537
-0.586537
-0.586537
-0.586537
-0.586537
-0.586537
-0.586537
-0.586537
-0.586537
-0.586537
-0.586537
-0.586537
-0.586537
-0.586537
-0.586537
-0.586537
-0.586537
-0.586537
-0.586537
-0.586537
-0.586537
-0.586537
-0.586537
-0.586537
-0.586537
-0.586537
-0.586537
-0.586537
-0.586537
-0.586537
-0.586537
-0.586537
-0.586537
-0.586537
-0.586537
-0.586537
-0.586537
-0.586537
-0.586537
-0.586537
-0.586537
-0.586537
-0.586537
-0.586537
-0.586537
-0.586537
-0.586537
-0.586537
-0.586537
-0.586537
-0.586537
-0.586537
-0.586537
-0.586537
-0.586537
-0.586537
-0.586537
-0.586537
-0.586537
-0.586537
-0.586537
-0.586537
-0.586537
-0.586537
-0.586537
-0.586537
-0.586537
-0.586537
-0.586537
-0.586537
-0.586537
-0.586537
-0.586537
-0.586537
-0.586537
-0.586537
-0.586537
-0.586537
-0.586537
-0.586537
-0.586537
-0.586537
-0.586537
-0.586537
-0.586537
-0.586537
-0.586537
-0.586537
-0.586537
-0.586537
-0.586537
-0.586537
-0.586537
-0.586537
-0.586537
-0.586537
-0.586537
-0.586537
-0.586537
-0.586537
-0.586537
-0.586537
-0.586537
-0.586537
-0.586537
-0.586537
-0.586537
-0.586537
-0.586537
-0.586537
-0.586537
-0.586537
-0.586537
-0.586537
-0.586537
-0.586537
-0.586537
-0.586537
-0.586537
-0.586537
-0.586537
-0.586537
-0.586537
-0.586537
-0.586537
-0.586537
-0.586537
-0.586537
-0.586537
-0.586537
-0.586537
-0.586537
-0.586537
-0.586537
-0.586537
-0.586537
-0.586537
-0.586537
-0.586537
-0.586537
-0.586537
-0.586537
-0.586537
-0.586537
-0.586537
-0.586537
-0.586537
-0.586537
-0.586537
-0.586537
-0.586537
-0.586537
-0.586537
-0.586537
-0.586537
-0.586537
-0.586537
-0.586537
-0.586537
-0.586537
-0.586537
-0.586537
-0.586537
-0.586537
-0.586537
-0.586537
-0.586537
-0.586537
-0.586537
-0.586537
-0.586537
-0.586537
-0.586537
-0.586537
-0.586537
-0.586537
-0.586537
-0.586537
-0.586537
-0.586537
-0.586537
-0.586537
-0.586537
-0.586537
-0.586537
-0.586537
-0.586537
-0.586537
-0.586537
-0.586537
-0.586537
-0.586537
-0.586537
-0.586537
-0.586537
-0.586537
-0.586537
-0.586537
-0.586537
-0.586537
-0.586537
-0.586537
-0.586537
-0.586537
-0.586537
-0.586537
-0.586537
-0.586537
-0.586537
-0.586537
-0.586537
-0.586537
-0.586537
-0.586537
-0.586537
-0.586537
-0.586537
-0.586537
-0.586537
-0.586537
-0.586537
-0.586537
-0.586537
-0.586537
-0.586537
-0.586537
-0.586537
-0.586537
-0.586537
-0.586537
-0.586537
-0.586537
-0.586537
-0.586537
-0.586537
-0.586537
-0.586537
-0.586537
-0.586537
-0.586537
-0.586537
-0.586537
-0.586537
-0.586537
-0.586537
-0.586537
-0.586537
-0.586537
-0.586537
-0.586537
-0.586537
-0.586537
-0.586537
-0.586537
-0.586537
-0.586537
-0.586537
-0.586537
-0.586537
-0.586537
-0.586537
-0.586537
-0.586537
-0.586537
-0.586537
-0.586537
-0.586537
-0.586537
-0.586537
-0.586537
-0.586537
-0.586537
-0.586537
-0.586537
-0.586537
-0.586537
-0.586537
-0.586537
-0.586537
-0.586537
-0.586537
-0.586537
-0.586537
-0.586537
-0.586537
-0.586537
-0.586537
-0.586537
-0.586537
-0.586537
-0.586537
-0.586537
-0.586537
-0.586537
-0.586537
-0.586537
-0.586537
-0.586537
-0.586537
-0.586537
-0.586537
-0.586537
-0.586537
-0.586537
-0.586537
-0.586537
-0.586537
-0.586537
-0.586537
-0.586537
-0.586537
-0.586537
-0.586537
-0.586537
-0.586537
-0.586537
-0.586537
-0.586537
-0.586537
-0.586537
-0.586537
-0.586537
-0.586537
-0.586537
-0.586537
-0.586537
-0.586537
-0.586537
-0.586537
-0.586537
-0.586537
-0.586537
-0.586537
-0.586537
-0.586537
-0.586537
-0.586537
-0.586537
-0.586537
-0.586537
-0.586537
-0.586537
-0.586537
-0.586537
-0.586537
-0.586537
-0.586537
-0.586537
-0.586537
-0.586537
-0.586537
-0.586537
-0.586537
-0.586537
-0.586537
-0.586537
-0.586537
-0.586537
-0.586537
-0.586537
-0.586537
-0.586537
-0.586537
-0.586537
-0.586537
-0.586537
-0.586537
-0.586537
-0.586537
-0.586537
-0.586537
-0.586537
-0.586537
-0.586537
-0.586537
-0.586537
-0.586537
-0.586537
-0.586537
-0.586537
-0.586537
-0.586537
-0.586537
-0.586537
-0.586537
-0.586537
-0.586537
-0.586537
-0.586537
-0.586537
-0.586537
-0.586537
-0.586537
-0.586537
-0.586537
-0.586537
-0.586537
-0.586537
-0.586537
-0.586537
-0.586537
-0.586537
-0.586537
-0.586537
-0.586537
-0.586537
-0.586537
-0.586537
-0.586537
-0.586537
-0.586537
-0.586537
-0.586537
-0.586537
-0.586537
-0.586537
-0.586537
-0.586537
-0.586537
-0.586537
-0.586537
-0.586537
-0.586537
-0.586537
-0.586537
-0.586537
-0.586537
-0.586537
-0.586537
-0.586537
-0.586537
-0.586537
-0.586537
-0.586537
-0.586537
-0.586537
-0.586537
-0.586537
-0.586537
-0.586537
-0.586537
-0.586537
-0.586537
-0.586537
-0.586537
-0.586537
-0.586537
-0.586537
-0.586537
-0.586537
-0.586537
-0.586537
-0.586537
-0.586537
-0.586537
-0.586537
-0.586537
-0.586537
-0.586537
-0.586537
-0.586537
-0.586537
-0.586537
-0.586537
-0.586537
-0.586537
-0.586537
-0.586537
-0.586537
-0.586537
-0.586537
-0.586537
-0.586537
-0.586537
-0.586537
-0.586537
-0.586537
-0.586537
-0.586537
-0.586537
-0.586537
-0.586537
-0.586537
-0.586537
-0.586537
-0.586537
-0.586537
-0.586537
-0.586537
-0.586537
-0.586537
-0.586537
-0.586537
-0.586537
-0.586537
-0.586537
-0.586537
-0.586537
-0.586537
-0.586537
-0.586537
-0.586537
-0.586537
-0.586537
-0.586537
-0.586537
-0.586537
-0.586537
-0.586537
-0.586537
-0.586537
-0.586537
-0.586537
-0.586537
-0.586537
-0.586537
-0.586537
-0.586537
-0.586537
-0.586537
-0.586537
-0.586537
-0.586537
-0.586537
-0.586537
-0.586537
-0.586537
-0.586537
-0.586537
-0.586537
-0.586537
-0.586537
-0.586537
-0.586537
-0.586537
-0.586537
-0.586537
-0.586537
-0.586537
-0.586537
-0.586537
-0.586537
-0.586537
-0.586537
-0.586537
-0.586537
-0.586537
-0.586537
-0.586537
-0.586537
-0.586537
-0.586537
-0.586537
-0.586537
-0.586537
-0.586537
-0.586537
-0.586537
-0.586537
-0.586537
-0.586537
-0.586537
-0.586537
-0.586537
-0.586537
-0.586537
-0.586537
-0.586537
-0.586537
-0.586537
-0.586537
-0.586537
-0.586537
-0.586537
-0.586537
-0.586537
-0.586537
-0.586537
-0.586537
-0.586537
-0.586537
-0.586537
-0.586537
-0.586537
-0.586537
-0.586537
-0.586537
-0.586537
-0.586537
-0.586537
-0.586537
-0.586537
-0.586537
-0.586537
-0.586537
-0.586537
-0.586537
-0.586537
-0.586537
-0.586537
-0.586537
-0.586537
-0.586537
-0.586537
-0.586537
-0.586537
-0.586537
-0.586537
-0.586537
-0.586537
-0.586537
-0.586537
-0.586537
-0.586537
-0.586537
-0.586537
-0.586537
-0.586537
-0.586537
-0.586537
-0.586537
-0.586537
-0.586537
-0.586537
-0.586537
-0.586537
-0.586537
-0.586537
-0.586537
-0.586537
-0.586537
-0.586537
-0.586537
-0.586537
-0.586537
-0.586537
-0.586537
-0.586537
-0.586537
-0.586537
-0.586537
-0.586537
-0.586537
-0.586537
-0.586537
-0.586537
-0.586537
-0.586537
-0.586537
-0.586537
-0.586537
-0.586537
-0.586537
-0.586537
-0.586537
-0.586537
-0.586537
-0.586537
-0.586537
-0.586537
-0.586537
-0.586537
-0.586537
-0.586537
-0.586537
-0.586537
-0.586537
-0.586537
-0.586537
-0.586537
-0.586537
-0.586537
-0.586537
-0.586537
-0.586537
-0.586537
-0.586537
-0.586537
-0.586537
-0.586537
-0.586537
-0.586537
-0.586537
-0.586537
-0.586537
-0.586537
-0.586537
-0.586537
-0.586537
-0.586537
-0.586537
-0.586537
-0.586537
-0.586537
-0.586537
-0.586537
-0.586537
-0.586537
-0.586537
-0.586537
-0.586537
-0.586537
-0.586537
-0.586537
-0.586537
-0.586537
-0.586537
-0.586537
-0.586537
-0.586537
-0.586537
-0.586537
-0.586537
-0.586537
-0.586537
-0.586537
-0.586537
-0.586537
-0.586537
-0.586537
-0.586537
-0.586537
-0.586537
-0.586537
-0.586537
-0.586537
-0.586537
-0.586537
-0.586537
-0.586537
-0.586537
-0.586537
-0.586537
-0.586537
-0.586537
-0.586537
-0.586537
-0.586537
-0.586537
-0.586537
-0.586537
-0.586537
-0.586537
-0.586537
-0.586537
-0.586537
-0.586537
-0.586537
-0.586537
-0.586537
-0.586537
-0.586537
-0.586537
-0.586537
-0.586537
-0.586537
-0.586537
-0.586537
-0.586537
-0.586537
-0.586537
-0.586537
-0.586537
-0.586537
-0.586537
-0.586537
-0.586537
-0.586537
-0.586537
-0.586537
-0.586537
-0.586537
-0.586537
-0.586537
-0.586537
-0.586537
-0.586537
-0.586537
-0.586537
-0.586537
-0.586537
-0.586537
-0.586537
-0.586537
-0.586537
-0.586537
-0.586537
-0.586537
-0.586537
-0.586537
-0.586537
-0.586537
-0.586537
-0.586537
-0.586537
-0.586537
-0.586537
-0.586537
-0.586537
-0.586537
-0.586537
-0.586537
-0.586537
-0.586537
-0.586537
-0.586537
-0.586537
-0.586537
-0.586537
-0.586537
-0.586537
-0.586537
-0.586537
-0.586537
-0.586537
-0.586537
-0.586537
-0.586537
-0.586537
-0.586537
-0.586537
-0.586537
-0.586537
-0.586537
-0.586537
-0.586537
-0.586537
-0.586537
-0.586537
-0.586537
-0.586537
-0.586537
-0.586537
-0.586537
-0.586537
-0.586537
-0.586537
-0.586537
-0.586537
-0.586537
-0.586537
-0.586537
-0.586537
-0.586537
-0.586537
-0.586537
-0.586537
-0.586537
-0.586537
-0.586537
-0.586537
-0.586537
-0.586537
-0.586537
-0.586537
-0.586537
-0.586537
-0.586537
-0.586537
-0.586537
-0.586537
-0.586537
-0.586537
-0.586537
-0.586537
-0.586537
-0.586537
-0.586537
-0.586537
-0.586537
-0.586537
-0.586537
-0.586537
-0.586537
-0.586537
-0.586537
-0.586537
-0.586537
-0.586537
-0.586537
-0.586537
-0.586537
-0.586537
-0.586537
-0.586537
-0.586537
-0.586537
-0.586537
-0.586537
-0.586537
-0.586537
-0.586537
-0.586537
-0.586537
-0.586537
-0.586537
-0.586537
-0.586537
-0.586537
-0.586537
-0.586537
-0.586537
-0.586537
-0.586537
-0.586537
-0.586537
-0.586537
-0.586537
-0.586537
-0.586537
-0.586537
-0.586537
-0.586537
-0.586537
-0.586537
-0.586537
-0.586537
-0.586537
-0.586537
-0.586537
-0.586537
-0.586537
-0.586537
-0.586537
-0.586537
-0.586537
-0.586537
-0.586537
-0.586537
-0.586537
-0.586537
-0.586537
-0.586537
-0.586537
-0.586537
-0.586537
-0.586537
-0.586537
-0.586537
-0.586537
-0.586537
-0.586537
-0.586537
-0.586537
-0.586537
-0.586537
-0.586537
-0.586537
-0.586537
-0.586537
-0.586537
-0.586537
-0.586537
-0.586537
-0.586537
-0.586537
-0.586537
-0.586537
-0.586537
-0.586537
-0.586537
-0.586537
-0.586537
-0.586537
-0.586537
-0.586537
-0.586537
-0.586537
-0.586537
-0.586537
-0.586537
-0.586537
-0.586537
-0.586537
-0.586537
-0.586537
-0.586537
-0.586537
-0.586537
-0.586537
-0.586537
-0.586537
-0.586537
-0.586537
-0.586537
-0.586537
-0.586537
-0.586537
-0.586537
-0.586537
-0.586537
-0.586537
-0.586537
-0.586537
-0.586537
-0.586537
-0.586537
-0.586537
-0.586537
-0.586537
-0.586537
-0.586537
-0.586537
-0.586537
-0.586537
-0.586537
-0.586537
-0.586537
-0.586537
-0.586537
-0.586537
-0.586537
-0.586537
-0.586537
-0.586537
-0.586537
-0.586537
-0.586537
-0.586537
-0.586537
-0.586537
-0.586537
-0.586537
-0.586537
-0.586537
-0.586537
-0.586537
-0.586537
-0.586537
-0.586537
-0.586537
-0.586537
-0.586537
-0.586537
-0.586537
-0.586537
-0.586537
-0.586537
-0.586537
-0.586537
-0.586537
-0.586537
-0.586537
-0.586537
-0.586537
-0.586537
-0.586537
-0.586537
-0.586537
-0.586537
-0.586537
-0.586537
-0.586537
-0.586537
-0.586537
-0.586537
-0.586537
-0.586537
-0.586537
-0.586537
-0.586537
-0.586537
-0.586537
-0.586537
-0.586537
-0.586537
-0.586537
-0.586537
-0.586537
-0.586537
-0.586537
-0.586537
-0.586537
-0.586537
-0.586537
-0.586537
-0.586537
-0.586537
-0.586537
-0.586537
-0.586537
-0.586537
-0.586537
-0.586537
-0.586537
-0.586537
-0.586537
-0.586537
-0.586537
-0.586537
-0.586537
-0.586537
-0.586537
-0.586537
-0.586537
-0.586537
-0.586537
-0.586537
-0.586537
-0.586537
-0.586537
-0.586537
-0.586537
-0.586537
-0.586537
-0.586537
-0.586537
-0.586537
-0.586537
-0.586537
-0.586537
-0.586537
-0.586537
-0.586537
-0.586537
-0.586537
-0.586537
-0.586537
-0.586537
-0.586537
-0.586537
-0.586537
-0.586537
-0.586537
-0.586537
-0.586537
-0.586537
-0.586537
-0.586537
-0.586537
-0.586537
-0.586537
-0.586537
-0.586537
-0.586537
-0.586537
-0.586537
-0.586537
-0.586537
-0.586537
-0.586537
-0.586537
-0.586537
-0.586537
-0.586537
-0.586537
-0.586537
-0.586537
-0.586537
-0.586537
-0.586537
-0.586537
-0.586537
-0.586537
-0.586537
-0.586537
-0.586537
-0.586537
-0.586537
-0.586537
-0.586537
-0.586537
-0.586537
-0.586537
-0.586537
-0.586537
-0.586537
-0.586537
-0.586537
-0.586537
-0.586537
-0.586537
-0.586537
-0.586537
-0.586537
-0.586537
-0.586537
-0.586537
-0.586537
-0.586537
-0.586537
-0.586537
-0.586537
-0.586537
-0.586537
-0.586537
-0.586537
-0.586537
-0.586537
-0.586537
-0.586537
-0.586537
-0.586537
-0.586537
-0.586537
-0.586537
-0.586537
-0.586537
-0.586537
-0.586537
-0.586537
-0.586537
-0.586537
-0.586537
-0.586537
-0.586537
-0.586537
-0.586537
-0.586537
-0.586537
-0.586537
-0.586537
-0.586537
-0.586537
-0.586537
-0.586537
-0.586537
-0.586537
-0.586537
-0.586537
-0.586537
-0.586537
-0.586537
-0.586537
-0.586537
-0.586537
-0.586537
-0.586537
-0.586537
-0.586537
-0.586537
-0.586537
-0.586537
-0.586537
-0.586537
-0.586537
-0.586537
-0.586537
-0.586537
-0.586537
-0.586537
-0.586537
-0.586537
-0.586537
-0.586537
-0.586537
-0.586537
-0.586537
-0.586537
-0.586537
-0.586537
-0.586537
-0.586537
-0.586537
-0.586537
-0.586537
-0.586537
-0.586537
-0.586537
-0.586537
-0.586537
-0.586537
-0.586537
-0.586537
-0.586537
-0.586537
-0.586537
-0.586537
-0.586537
-0.586537
-0.586537
-0.586537
-0.586537
-0.586537
-0.586537
-0.586537
-0.586537
-0.586537
-0.586537
-0.586537
-0.586537
-0.586537
-0.586537
-0.586537
-0.586537
-0.586537
-0.586537
-0.586537
-0.586537
-0.586537
-0.586537
-0.586537
-0.586537
-0.586537
-0.586537
-0.586537
-0.586537
-0.586537
-0.586537
-0.586537
-0.586537
-0.586537
-0.586537
-0.586537
-0.586537
-0.586537
-0.586537
-0.586537
-0.586537
-0.586537
-0.586537
-0.586537
-0.586537
-0.586537
-0.586537
-0.586537
-0.586537
-0.586537
-0.586537
-0.586537
-0.586537
-0.586537
-0.586537
-0.586537
-0.586537
-0.586537
-0.586537
-0.586537
-0.586537
-0.586537
-0.586537
-0.586537
-0.586537
-0.586537
-0.586537
-0.586537
-0.586537
-0.586537
-0.586537
-0.586537
-0.586537
-0.586537
-0.586537
-0.586537
-0.586537
-0.586537
-0.586537
-0.586537
-0.586537
-0.586537
-0.586537
-0.586537
-0.586537
-0.586537
-0.586537
-0.586537
-0.586537
-0.586537
-0.586537
-0.586537
-0.586537
-0.586537
-0.586537
-0.586537
-0.586537
-0.586537
-0.586537
-0.586537
-0.586537
-0.586537
-0.586537
-0.586537
-0.586537
-0.586537
-0.586537
-0.586537
-0.586537
-0.586537
-0.586537
-0.586537
-0.586537
-0.586537
-0.586537
-0.586537
-0.586537
-0.586537
-0.586537
-0.586537
-0.586537
-0.586537
-0.586537
-0.586537
-0.586537
-0.586537
-0.586537
-0.586537
-0.586537
-0.586537
-0.586537
-0.586537
-0.586537
-0.586537
-0.586537
-0.586537
-0.586537
-0.586537
-0.586537
-0.586537
-0.586537
-0.586537
-0.586537
-0.586537
-0.586537
-0.586537
-0.586537
-0.586537
-0.586537
-0.586537
-0.586537
-0.586537
-0.586537
-0.586537
-0.586537
-0.586537
-0.586537
-0.586537
-0.586537
-0.586537
-0.586537
-0.586537
-0.586537
-0.586537
-0.586537
-0.586537
-0.586537
-0.586537
-0.586537
-0.586537
-0.586537
-0.586537
-0.586537
-0.586537
-0.586537
-0.586537
-0.586537
-0.586537
-0.586537
-0.586537
-0.586537
-0.586537
-0.586537
-0.586537
-0.586537
-0.586537
-0.586537
-0.586537
-0.586537
-0.586537
-0.586537
-0.586537
-0.586537
-0.586537
-0.586537
-0.586537
-0.586537
-0.586537
-0.586537
-0.586537
-0.586537
-0.586537
-0.586537
-0.586537
-0.586537
-0.586537
-0.586537
-0.586537
-0.586537
-0.586537
-0.586537
-0.586537
-0.586537
-0.586537
-0.586537
-0.586537
-0.586537
-0.586537
-0.586537
-0.586537
-0.586537
-0.586537
-0.586537
-0.586537
-0.586537
-0.586537
-0.586537
-0.586537
-0.586537
-0.586537
-0.586537
-0.586537
-0.586537
-0.586537
-0.586537
-0.586537
-0.586537
-0.586537
-0.586537
-0.586537
-0.586537
-0.586537
-0.586537
-0.586537
-0.586537
-0.586537
-0.586537
-0.586537
-0.586537
-0.586537
-0.586537
-0.586537
-0.586537
-0.586537
-0.586537
-0.586537
-0.586537
-0.586537
-0.586537
-0.586537
-0.586537
-0.586537
-0.586537
-0.586537
-0.586537
-0.586537
-0.586537
-0.586537
-0.586537
-0.586537
-0.586537
-0.586537
-0.586537
-0.586537
-0.586537
-0.586537
-0.586537
-0.586537
-0.586537
-0.586537
-0.586537
-0.586537
-0.586537
-0.586537
-0.586537
-0.586537
-0.586537
-0.586537
-0.586537
-0.586537
-0.586537
-0.586537
-0.586537
-0.586537
-0.586537
-0.586537
-0.586537
-0.586537
-0.586537
-0.586537
-0.586537
-0.586537
-0.586537
-0.586537
-0.586537
-0.586537
-0.586537
-0.586537
-0.586537
-0.586537
-0.586537
-0.586537
-0.586537
-0.586537
-0.586537
-0.586537
-0.586537
-0.586537
-0.586537
-0.586537
-0.586537
-0.586537
-0.586537
-0.586537
-0.586537
-0.586537
-0.586537
-0.586537
-0.586537
-0.586537
-0.586537
-0.586537
-0.586537
-0.586537
-0.586537
-0.586537
-0.586537
-0.586537
-0.586537
-0.586537
-0.586537
-0.586537
-0.586537
-0.586537
-0.586537
-0.586537
-0.586537
-0.586537
-0.586537
-0.586537
-0.586537
-0.586537
-0.586537
-0.586537
-0.586537
-0.586537
-0.586537
-0.586537
-0.586537
-0.586537
-0.586537
-0.586537
-0.586537
-0.586537
-0.586537
-0.586537
-0.586537
-0.586537
-0.586537
-0.586537
-0.586537
-0.586537
-0.586537
-0.586537
-0.586537
-0.586537
-0.586537
-0.586537
-0.586537
-0.586537
-0.586537
-0.586537
-0.586537
-0.586537
-0.586537
-0.586537
-0.586537
-0.586537
-0.586537
-0.586537
-0.586537
-0.586537
-0.586537
-0.586537
-0.586537
-0.586537
-0.586537
-0.586537
-0.586537
-0.586537
-0.586537
-0.586537
-0.586537
-0.586537
-0.586537
-0.586537
-0.586537
-0.586537
-0.586537
-0.586537
-0.586537
-0.586537
-0.586537
-0.586537
-0.586537
-0.586537
-0.586537
-0.586537
-0.586537
-0.586537
-0.586537
-0.586537
-0.586537
-0.586537
-0.586537
-0.586537
-0.586537
-0.586537
-0.586537
-0.586537
-0.586537
-0.586537
-0.586537
-0.586537
-0.586537
-0.586537
-0.586537
-0.586537
-0.586537
-0.586537
-0.586537
-0.586537
-0.586537
-0.586537
-0.586537
-0.586537
-0.586537
-0.586537
-0.586537
-0.586537
-0.586537
-0.586537
-0.586537
-0.586537
-0.586537
-0.586537
-0.586537
-0.586537
-0.586537
-0.586537
-0.586537
-0.586537
-0.586537
-0.586537
-0.586537
-0.586537
-0.586537
-0.586537
-0.586537
-0.586537
-0.586537
-0.586537
-0.586537
-0.586537
-0.586537
-0.586537
-0.586537
-0.586537
-0.586537
-0.586537
-0.586537
-0.586537
-0.586537
-0.586537
-0.586537
-0.586537
-0.586537
-0.586537
-0.586537
-0.586537
-0.586537
-0.586537
-0.586537
-0.586537
-0.586537
-0.586537
-0.586537
-0.586537
-0.586537
-0.586537
-0.586537
-0.586537
-0.586537
-0.586537
-0.586537
-0.586537
-0.586537
-0.586537
-0.586537
-0.586537
-0.586537
-0.586537
-0.586537
-0.586537
-0.586537
-0.586537
-0.586537
-0.586537
-0.586537
-0.586537
-0.586537
-0.586537
-0.586537
-0.586537
-0.586537
-0.586537
-0.586537
-0.586537
-0.586537
-0.586537
-0.586537
-0.586537
-0.586537
-0.586537
-0.586537
-0.586537
-0.586537
-0.586537
-0.586537
-0.586537
-0.586537
-0.586537
-0.586537
-0.586537
-0.586537
-0.586537
-0.586537
-0.586537
-0.586537
-0.586537
-0.586537
-0.586537
-0.586537
-0.586537
-0.586537
-0.586537
-0.586537
-0.586537
-0.586537
-0.586537
-0.586537
-0.586537
-0.586537
-0.586537
-0.586537
-0.586537
-0.586537
-0.586537
-0.586537
-0.586537
-0.586537
-0.586537
-0.586537
-0.586537
-0.586537
-0.586537
-0.586537
-0.586537
-0.586537
-0.586537
-0.586537
-0.586537
-0.586537
-0.586537
-0.586537
-0.586537
-0.586537
-0.586537
-0.586537
-0.586537
-0.586537
-0.586537
-0.586537
-0.586537
-0.586537
-0.586537
-0.586537
-0.586537
-0.586537
-0.586537
-0.586537
-0.586537
-0.586537
-0.586537
-0.586537
-0.586537
-0.586537
-0.586537
-0.586537
-0.586537
-0.586537
-0.586537
-0.586537
-0.586537
-0.586537
-0.586537
-0.586537
-0.586537
-0.586537
-0.586537
-0.586537
-0.586537
-0.586537
-0.586537
-0.586537
-0.586537
-0.586537
-0.586537
-0.586537
-0.586537
-0.586537
-0.586537
-0.586537
-0.586537
-0.586537
-0.586537
-0.586537
-0.586537
-0.586537
-0.586537
-0.586537
-0.586537
-0.586537
-0.586537
-0.586537
-0.586537
-0.586537
-0.586537
-0.586537
-0.586537
-0.586537
-0.586537
-0.586537
-0.586537
-0.586537
-0.586537
-0.586537
-0.586537
-0.586537
-0.586537
-0.586537
-0.586537
-0.586537
-0.586537
-0.586537
-0.586537
-0.586537
-0.586537
-0.586537
-0.586537
-0.586537
-0.586537
-0.586537
-0.586537
-0.586537
-0.586537
-0.586537
-0.586537
-0.586537
-0.586537
-0.586537
-0.586537
-0.586537
-0.586537
-0.586537
-0.586537
-0.586537
-0.586537
-0.586537
-0.586537
-0.586537
-0.586537
-0.586537
-0.586537
-0.586537
-0.586537
-0.586537
-0.586537
-0.586537
-0.586537
-0.586537
-0.586537
-0.586537
-0.586537
-0.586537
-0.586537
-0.586537
-0.586537
-0.586537
-0.586537
-0.586537
-0.586537
-0.586537
-0.586537
-0.586537
-0.586537
-0.586537
-0.586537
-0.586537
-0.586537
-0.586537
-0.586537
-0.586537
-0.586537
-0.586537
-0.586537
-0.586537
-0.586537
-0.586537
-0.586537
-0.586537
-0.586537
-0.586537
-0.586537
-0.586537
-0.586537
-0.586537
-0.586537
-0.586537
-0.586537
-0.586537
-0.586537
-0.586537
-0.586537
-0.586537
-0.586537
-0.586537
-0.586537
-0.586537
-0.586537
-0.586537
