0.76286
0.742151
0.739626
0.731718
0.727174
0.732184
0.734133
0.729012
0.725998
0.734724
0.71636
0.717929
0.718935
0.729191
0.732601
0.723439
0.718391
0.717114
0.719459
0.714153
0.712115
0.720735
0.733379
0.723227
0.711925
0.713136
0.714369
0.713151
0.718105
0.710894
0.713544
0.709424
0.71875
0.707619
0.724886
0.731836
0.711191
0.722622
0.716222
0.710999
0.717886
0.708301
0.708466
0.713522
0.710762
0.7235
0.724453
0.711142
0.707773
0.71952
0.721869
0.721172
0.714984
0.706837
0.703265
0.719982
0.713844
0.714435
0.713033
0.716923
0.71152
0.707844
0.719275
0.703035
0.717573
0.71092
0.71301
0.707755
0.717482
0.709796
0.710659
0.706863
0.711282
0.704694
0.703461
0.69689
0.699007
0.705999
0.695
0.699642
0.697601
0.698224
0.691519
0.70255
0.695737
0.697566
0.702531
0.696342
0.695651
0.692083
0.697603
0.69504
0.702284
0.700759
0.707022
0.710848
0.708305
0.701555
0.701328
0.699883
0.701317
0.689878
0.689809
0.690951
0.694864
0.696198
0.695831
0.692397
0.688921
0.693068
0.693489
0.681974
0.688269
0.684598
0.692408
0.693492
0.683884
0.682343
0.685595
0.684679
0.685906
0.687198
0.685086
0.682989
0.684304
0.690277
0.684123
0.688696
0.684905
0.692489
0.684763
0.686553
0.673927
0.673966
0.680501
0.688751
0.673062
0.683956
0.672568
0.678119
0.681134
0.696885
0.681214
0.686486
0.674173
0.66567
0.677329
0.676471
0.666358
0.666328
0.668319
0.674439
0.673798
0.671113
0.679536
0.674739
0.662683
0.665956
0.682374
0.66072
0.661925
0.672801
0.656096
0.67106
0.667814
0.653347
0.655419
0.671016
0.656743
0.661003
0.665498
0.67028
0.656829
0.664545
0.661568
0.655752
0.662385
0.657175
0.648029
0.657064
0.656722
0.659586
0.652939
0.666988
0.650765
0.652272
0.652106
0.647056
0.646396
0.648415
0.660178
0.647783
0.652916
0.64616
0.6571
0.645606
0.640874
0.642406
0.647794
0.637689
0.643673
0.645139
0.650104
0.642222
0.643365
0.644528
0.652538
0.643342
0.647847
0.64526
0.647619
0.650718
0.642108
0.647441
0.643389
0.648342
0.641227
0.64427
0.635391
0.644321
0.630812
0.64235
0.637327
0.637183
0.633538
0.640229
0.64012
0.640385
0.637972
0.645713
0.6432
0.638732
0.643021
0.640778
0.636804
0.635354
0.638575
0.637094
0.635718
0.642129
0.632274
0.64055
0.633777
0.645803
0.649658
0.6299
0.64037
0.628601
0.647401
0.649656
0.632524
0.642874
0.638351
0.634243
0.630916
0.629285
0.634447
0.625421
0.626157
0.623231
0.625437
0.631711
0.631549
0.637556
0.631028
0.633495
0.630057
0.624788
0.635233
0.621797
0.641611
0.626329
0.62403
0.633782
0.624524
0.634375
0.626549
0.626938
0.62843
0.630899
0.631403
0.629148
0.630769
0.627798
0.629362
0.633598
0.640253
0.629937
0.618739
0.627534
0.630026
0.618481
0.621032
0.622101
0.626153
0.6245
0.621765
0.627087
0.617122
0.62039
0.623291
0.633435
0.619401
0.623337
0.622836
0.621967
0.614664
0.617282
0.628775
0.630378
0.626521
0.620761
0.6192
0.62648
0.61822
0.613585
0.632169
0.623173
0.626409
0.619799
0.629586
0.629446
0.626716
0.617885
0.626853
0.623076
0.627226
0.619364
0.621413
0.61719
0.618973
0.621205
0.622574
0.626062
0.621099
0.618318
0.621535
0.614022
0.610477
0.61813
0.622127
0.615495
0.625491
0.615984
0.622566
0.613334
0.623885
0.619707
0.619794
0.619546
0.61702
0.620176
0.61729
0.6258
0.611496
0.620172
0.611425
0.623941
0.61588
0.622463
0.618791
0.627024
0.619088
0.616087
0.623396
0.621113
0.622753
0.620538
0.611624
0.614786
0.617589
0.622062
0.619132
0.615603
0.618887
0.613646
0.608208
0.610946
0.608676
0.613932
0.606218
0.607035
0.613895
0.614072
0.605123
0.608813
0.610764
0.609146
0.620516
0.613637
0.602463
0.609908
0.615382
0.612833
0.613183
0.613967
0.618693
0.620374
0.606861
0.612331
0.606862
0.617622
0.607632
0.617419
0.611596
0.617935
0.621839
0.609234
0.61701
0.608929
0.610448
0.615067
0.610099
0.622036
0.624031
0.61184
0.613573
0.623895
0.609896
0.605544
0.616785
0.606916
0.604744
0.604052
0.607745
0.609388
0.607852
0.61202
0.603349
0.606078
0.605604
0.611183
0.607166
0.606518
0.605163
0.601918
0.615639
0.607622
0.606359
0.60743
0.604273
0.608828
0.607423
0.606609
0.608664
0.6072
0.604451
0.598896
0.607783
0.608415
0.607827
0.617936
0.621239
0.611285
0.604018
0.605742
0.609526
0.609347
0.601866
0.607778
0.605797
0.600983
0.590442
0.599616
0.597992
0.599622
0.604911
0.600418
0.605545
0.600016
0.621212
0.608279
0.601047
0.606035
0.602894
0.599114
0.602467
0.602655
0.603151
0.597238
0.609076
0.599739
0.606987
0.602434
0.59678
0.600444
0.603527
0.601252
0.602624
0.603108
0.606753
0.596997
0.60214
0.60468
0.600007
0.596261
0.605618
0.597168
0.613819
0.599208
0.597101
0.598004
0.611804
0.610346
0.603649
0.605097
0.602572
0.592236
0.590543
0.602213
0.595616
0.586659
0.591044
0.597465
0.598031
0.597035
0.587411
0.606909
0.606632
0.596758
0.601394
0.606548
0.617323
0.600308
0.589614
0.594048
0.592466
0.59554
0.591271
0.601535
0.593103
0.603265
0.593284
0.593547
0.601996
0.593667
0.601718
0.590001
0.588617
0.6003
0.602997
0.592764
0.595035
0.590414
0.606186
0.59354
0.595871
0.606071
0.594383
0.59898
0.596317
0.592625
0.593924
0.588698
0.595387
0.58825
0.584642
0.590091
0.585593
0.593328
0.593429
0.598873
0.587462
0.593991
0.586406
0.586265
0.593618
0.589452
0.598339
0.585196
0.592295
0.590109
0.591391
0.597123
0.589547
0.589734
0.59111
0.588136
0.588488
0.586465
0.589052
0.59017
0.595455
0.586944
0.586766
0.587257
0.592204
0.59446
0.591098
0.590641
0.584081
0.587754
0.589148
0.589508
0.582672
0.590141
0.575028
0.585533
0.582206
0.578888
0.574765
0.586944
0.589938
0.577932
0.575214
0.591644
0.579126
0.582839
0.585483
0.585745
0.590868
0.581228
0.586131
0.585434
0.584173
0.585161
0.58112
0.593809
0.57729
0.588885
0.578554
0.581522
0.588165
0.589801
0.587723
0.578463
0.589683
0.579942
0.590197
0.582027
0.591661
0.576637
0.581765
0.591169
0.580374
0.579499
0.59586
0.579309
0.579825
0.578207
0.578202
0.583259
0.57438
0.603454
0.592698
0.580271
0.584754
0.576726
0.581335
0.575524
0.578062
0.569239
0.576475
0.576923
0.574307
0.579309
0.577441
0.585813
0.578023
0.587627
0.576193
0.586472
0.574168
0.575204
0.57601
0.57674
0.580673
0.581716
0.576402
0.579074
0.573455
0.581976
0.575511
0.574177
0.58003
0.576267
0.574255
0.58054
0.579414
0.579857
0.576815
0.577921
0.571657
0.582275
0.57625
0.574921
0.580458
0.574319
0.580331
0.572297
0.576014
0.565274
0.582775
0.570703
0.574534
0.575656
0.573882
0.580247
0.572008
0.56989
0.566091
0.577585
0.570813
0.574372
0.575431
0.574615
0.574833
0.571714
0.573166
0.565884
0.577072
0.569944
0.568984
0.574928
0.574266
0.576082
0.571831
0.570241
0.565141
0.577213
0.571282
0.569201
0.575129
0.574039
0.575344
0.571471
0.570446
0.56586
0.576642
0.570696
0.569591
0.575527
0.574489
0.5755
0.571584
0.571699
0.567443
0.577433
0.571195
0.569435
0.576972
0.574835
0.57475
0.571683
0.570181
0.566504
0.577854
0.570571
0.569767
0.574853
0.575049
0.57469
0.571249
0.570551
0.566162
0.577973
0.571359
0.568822
0.574872
0.573645
0.575249
0.571544
0.572031
0.564937
0.577567
0.571334
0.569193
0.575269
0.574309
0.574565
0.573724
0.570493
0.567952
0.580308
0.569794
0.569081
0.574972
0.574834
0.574963
0.571199
0.570311
0.565365
0.577049
0.570507
0.569391
0.575137
0.574364
0.574682
0.572096
0.571096
0.567806
0.576992
0.570846
0.569384
0.574809
0.574842
0.575342
0.571801
0.570214
0.566634
0.577183
0.570384
0.569277
0.575073
0.574654
0.574872
0.571521
0.570078
0.567638
0.577384
0.571287
0.569565
0.575598
0.574212
0.574658
0.57155
0.569409
0.565341
0.576627
0.570159
0.569437
0.576107
0.575254
0.57506
0.571799
0.570593
0.566819
0.576691
0.571191
0.569366
0.575993
0.575058
0.575112
0.571794
0.569948
0.565927
0.578077
0.574022
0.568898
0.575457
0.573437
0.574864
0.571785
0.570296
0.56634
0.577038
0.57071
0.56963
0.574375
0.574016
0.575705
0.571458
0.570429
0.566297
0.576814
0.570254
0.56949
0.575122
0.574245
0.575061
0.571388
0.570239
0.567279
0.577263
0.570273
0.569039
0.575545
0.574724
0.574651
0.573641
0.570205
0.565541
0.576695
0.570125
0.569388
0.574595
0.574303
0.575127
0.571268
0.570475
0.565129
0.576841
0.570632
0.568916
0.575861
0.574384
0.574462
0.572336
0.569843
0.564924
0.576409
0.572119
0.598914
0.596821
0.598898
0.6031
0.593542
0.585872
0.57699
0.600427
0.582111
0.594489
0.618789
0.622266
0.615542
0.582866
0.575704
0.569145
0.581972
0.577705
0.574993
0.580581
0.579723
0.579383
0.577141
0.577193
0.56988
0.580892
0.574409
0.573595
0.581638
0.575626
0.579552
0.576936
0.573477
0.567526
0.580394
0.57725
0.574308
0.578849
0.576793
0.579568
0.576556
0.573453
0.567513
0.582689
0.573456
0.574659
0.578621
0.576063
0.578942
0.577169
0.572959
0.567969
0.580119
0.57656
0.574815
0.579118
0.575583
0.579813
0.576478
0.573683
0.567754
0.580903
0.573606
0.573353
0.578705
0.575627
0.578798
0.577454
0.576911
0.567742
0.580095
0.575909
0.574735
0.579685
0.575919
0.57936
0.576243
0.573224
0.567557
0.579392
0.574273
0.57375
0.578882
0.575122
0.57907
0.577235
0.576461
0.56764
0.580018
0.57392
0.574208
0.58003
0.57564
0.578895
0.57641
0.57376
0.567209
0.578952
0.573365
0.574555
0.578464
0.575517
0.579003
0.577143
0.572947
0.566855
0.579586
0.573393
0.573266
0.580689
0.578648
0.579628
0.576357
0.574114
0.567474
0.580228
0.574926
0.574444
0.579243
0.575092
0.578435
0.576341
0.573065
0.567555
0.579993
0.574031
0.573476
0.578947
0.575845
0.579878
0.576556
0.573787
0.567595
0.580214
0.573427
0.57354
0.579658
0.575249
0.578991
0.576724
0.576547
0.567601
0.579481
0.574021
0.57406
0.579013
0.575641
0.579404
0.577827
0.573619
0.569125
0.580957
0.574696
0.573128
0.579479
0.575839
0.579109
0.575919
0.574489
0.567309
0.579939
0.5738
0.574234
0.578668
0.575672
0.579318
0.576623
0.573396
0.567576
0.580072
0.573742
0.57355
0.578449
0.575242
0.57872
0.576844
0.573798
0.566654
0.579829
0.57387
0.574709
0.582407
0.57555
0.579435
0.575979
0.573397
0.568657
0.57974
0.57406
0.573673
0.57871
0.576067
0.578857
0.577073
0.573077
0.566864
0.580172
0.574308
0.573501
0.579059
0.575582
0.579029
0.576002
0.573292
0.567739
0.580179
0.573329
0.573611
0.578637
0.575789
0.579491
0.576721
0.573423
0.567343
0.580059
0.573798
0.57326
0.578934
0.575155
0.579815
0.576467
0.573653
0.567614
0.580395
0.573442
0.573554
0.578909
0.575768
0.579014
0.577168
0.57349
0.567235
0.580951
0.576617
0.574094
0.579008
0.575361
0.57926
0.577174
0.573673
0.566865
0.579821
0.573988
0.573725
0.578918
0.575632
0.579457
0.576852
0.573171
0.568124
0.579692
0.573598
0.57327
0.578707
0.57562
0.57964
0.576725
0.573367
0.567968
0.579611
0.572849
0.573805
0.578823
0.575358
0.579217
0.57642
0.573108
0.566677
0.579677
0.573896
0.573304
0.578941
0.575377
0.579486
0.576075
0.573358
0.56733
0.580033
0.573621
0.57332
0.579007
0.575315
0.57886
0.576819
0.572767
0.567765
0.579789
0.574718
0.57316
0.578793
0.575359
0.57992
0.576684
0.573854
0.56758
0.57992
0.573802
0.573455
0.578503
0.575242
0.582085
0.578014
0.573778
0.567711
0.579799
0.574885
0.573387
0.579787
0.575244
0.579271
0.576629
0.573577
0.569035
0.580386
0.574611
0.573508
0.578823
0.575273
0.581911
0.576428
0.573721
0.566684
0.58025
0.574232
0.573914
0.579167
0.574892
0.579476
0.576516
0.573314
0.56752
0.580071
0.573811
0.573556
0.578312
0.575067
0.579006
0.576813
0.573044
0.566696
0.580134
0.573549
0.57339
0.57951
0.575733
0.579036
0.575805
0.573934
0.567672
0.579377
0.574923
0.574051
0.578466
0.575611
0.578736
0.576874
0.57335
0.567313
0.579974
0.573623
0.573211
0.578911
0.576008
0.579393
0.576934
0.573951
0.568297
0.579397
0.574238
0.573562
0.579076
0.575518
0.578769
0.576345
0.573138
0.567036
0.58014
0.573454
0.572837
0.57863
0.574964
0.579694
0.57978
0.573954
0.567482
0.580991
0.573791
0.573291
0.579661
0.57565
0.57886
0.576869
0.573689
0.567705
0.57959
0.574326
0.574169
0.578999
0.577205
0.579384
0.576389
0.573368
0.567516
0.580181
0.574085
0.573288
0.578866
0.575297
0.578848
0.577399
0.573866
0.568204
0.579813
0.574116
0.573872
0.579232
0.575602
0.579446
0.576553
0.57337
0.567667
0.579116
0.573238
0.573659
0.578769
0.575797
0.579021
0.577235
0.573437
0.567646
0.579623
0.574981
0.573304
0.579048
0.57534
0.579217
0.576182
0.572737
0.567584
0.579833
0.573678
0.573253
0.579347
0.575452
0.578769
0.576944
0.576964
0.567812
0.579731
0.574382
0.573618
0.578819
0.575781
0.579512
0.576567
0.573524
0.56712
0.580267
0.57397
0.573417
0.578893
0.575518
0.579773
0.577107
0.573425
0.567062
0.580359
0.574474
0.57357
0.579801
0.575223
0.579641
0.57638
0.57359
0.568083
0.580435
0.574123
0.574493
0.579545
0.575783
0.579133
0.576313
0.574308
0.566756
0.579997
0.573949
0.574284
0.578809
0.57555
0.578985
0.576746
0.573167
0.567114
0.579848
0.573914
0.57297
0.578399
0.575293
0.578853
0.576361
0.573501
0.566405
0.579897
0.573371
0.573297
0.578758
0.575354
0.579768
0.576038
0.573805
0.568055
0.57975
0.573764
0.573744
0.578381
0.57548
0.578919
0.576542
0.573082
0.56675
0.580287
0.574067
0.575773
0.58221
0.575452
0.579026
0.576811
0.573591
0.56788
0.580207
0.573874
0.573287
0.579509
0.575678
0.578734
0.576741
0.57284
0.566961
0.580084
0.574281
0.57297
0.578875
0.576193
0.580241
0.576638
0.573786
0.567461
0.580765
0.573559
0.573359
0.578693
0.575851
0.578626
0.576857
0.57426
0.567931
0.57997
0.575803
0.573761
0.579361
0.575367
0.579062
0.576245
0.573855
0.567356
0.579944
0.574264
0.573573
0.579005
0.575269
0.578728
0.577166
0.573485
0.568132
0.580461
0.574619
0.573858
0.579122
0.575576
0.579525
0.57672
0.573113
0.567668
0.579538
0.573257
0.574454
0.578329
0.575584
0.578698
0.577069
0.573471
0.566684
0.58023
0.573264
0.573112
0.578844
0.575495
0.579553
0.576429
0.573601
0.567539
0.57964
0.573899
0.573909
0.578748
0.575604
0.581266
0.577816
0.572996
0.56748
0.57972
0.573977
0.573775
0.578895
0.576226
0.579647
0.576354
0.573383
0.566963
0.579523
0.574235
0.573381
0.579597
0.575162
0.578899
0.576819
0.572973
0.567133
0.580076
0.574096
0.573208
0.578859
0.575538
0.579143
0.576861
0.573072
0.568586
0.582839
0.575122
0.57335
0.579746
0.575522
0.579203
0.576058
0.573139
0.566851
0.580325
0.574372
0.573891
0.578861
0.575684
0.580113
0.576719
0.573708
0.568694
0.580688
0.573657
0.573278
0.57902
0.575304
0.578906
0.576484
0.573712
0.566775
0.579505
0.573458
0.573658
0.579365
0.575662
0.579036
0.577165
0.576656
0.568302
0.579698
0.574514
0.573539
0.578315
0.57633
0.578883
0.577166
0.573426
0.567938
0.580029
0.57501
0.573496
0.578802
0.575805
0.580425
0.575952
0.573006
0.567898
0.579926
0.573217
0.573485
0.578395
0.575565
0.579146
0.576902
0.573667
0.567549
0.579819
0.57384
0.572979
0.578888
0.575434
0.579325
0.576681
0.573293
0.567786
0.580854
0.574188
0.56769
0.573211
0.570028
0.573501
0.571213
0.567946
0.562058
0.574767
0.568429
0.568316
0.573911
0.570571
0.574193
0.571102
0.568055
0.561595
0.574279
0.568444
0.568184
0.574029
0.569987
0.573476
0.571227
0.568413
0.563645
0.576699
0.568959
0.568057
0.57349
0.570704
0.573719
0.570865
0.568305
0.562022
0.57404
0.568343
0.568297
0.573196
0.569819
0.574116
0.571069
0.567832
0.56157
0.574835
0.568276
0.567559
0.57343
0.569747
0.573956
0.570627
0.567869
0.562171
0.574192
0.567834
0.568622
0.573839
0.570164
0.573021
0.571221
0.567328
0.561532
0.574325
0.568682
0.567955
0.573704
0.569987
0.573792
0.571489
0.568284
0.562346
0.575021
0.568335
0.567646
0.574099
0.570316
0.573329
0.571304
0.568655
0.562171
0.574381
0.569245
0.568342
0.574074
0.570244
0.57396
0.571842
0.56766
0.56411
0.574974
0.568398
0.567963
0.57354
0.570006
0.57333
0.571083
0.568158
0.561853
0.574812
0.568569
0.568399
0.57708
0.570378
0.573247
0.571085
0.567804
0.562054
0.575049
0.568152
0.567539
0.57354
0.5697
0.573224
0.571405
0.568281
0.561167
0.574703
0.56825
0.568045
0.57414
0.569802
0.574437
0.572508
0.567914
0.562755
0.574582
0.568534
0.568431
0.57459
0.570517
0.574081
0.571137
0.567747
0.562025
0.575008
0.568018
0.5679
0.573681
0.570213
0.573523
0.571401
0.568342
0.562194
0.574437
0.568736
0.567966
0.573438
0.569698
0.573562
0.571318
0.56784
0.561522
0.574258
0.568393
0.567891
0.573191
0.570283
0.574462
0.570817
0.568408
0.562044
0.57486
0.5679
0.567864
0.573367
0.569915
0.573637
0.571345
0.567746
0.561799
0.574143
0.568548
0.567997
0.573884
0.569899
0.573802
0.570848
0.568142
0.561544
0.574603
0.568613
0.567941
0.576369
0.569999
0.573331
0.571558
0.567808
0.562115
0.574814
0.568532
0.568221
0.573779
0.57034
0.57435
0.571348
0.567916
0.562309
0.574412
0.568281
0.56822
0.573189
0.570344
0.574271
0.571398
0.567865
0.561681
0.57452
0.568537
0.567952
0.57597
0.570174
0.573569
0.570955
0.568154
0.562022
0.573956
0.568067
0.568247
0.573383
0.570073
0.573315
0.57163
0.567762
0.562364
0.574105
0.57019
0.568219
0.573339
0.570079
0.574243
0.571533
0.568331
0.562025
0.574586
0.568389
0.567985
0.573402
0.569585
0.573628
0.57131
0.568526
0.561755
0.574837
0.569364
0.567817
0.574117
0.57009
0.573926
0.571296
0.570855
0.56351
0.575087
0.568805
0.568186
0.574156
0.570318
0.573732
0.570684
0.567867
0.561086
0.575002
0.568866
0.568111
0.573336
0.570146
0.573818
0.572241
0.571226
0.562359
0.574734
0.567914
0.567871
0.57312
0.569977
0.573523
0.571314
0.568014
0.560902
0.574574
0.568189
0.568
0.573692
0.570388
0.57376
0.570286
0.568506
0.561567
0.574433
0.568234
0.568517
0.572983
0.56976
0.57341
0.570902
0.56802
0.561775
0.574833
0.567963
0.567595
0.573869
0.56991
0.57403
0.571038
0.568314
0.562285
0.574783
0.568396
0.568121
0.573349
0.570385
0.573438
0.57118
0.567604
0.561298
0.574254
0.569343
0.56731
0.573337
0.569578
0.573664
0.57114
0.568262
0.562191
0.575715
0.568334
0.567442
0.574015
0.569874
0.573294
0.571787
0.569318
0.563811
0.576643
0.568843
0.568647
0.573884
0.570053
0.574279
0.57099
0.568334
0.562324
0.574399
0.568178
0.568185
0.573069
0.570125
0.573185
0.572463
0.568023
0.563163
0.574471
0.569695
0.56818
0.573237
0.570278
0.574154
0.571031
0.567991
0.562881
0.574664
0.56784
0.56836
0.573458
0.571387
0.573769
0.571247
0.568326
0.561377
0.574719
0.568913
0.568444
0.573296
0.570175
0.573708
0.570622
0.568295
0.563078
0.574381
0.567524
0.567983
0.572853
0.56963
0.573535
0.571096
0.568067
0.561534
0.574589
0.568894
0.567602
0.573428
0.570625
0.574154
0.570882
0.568768
0.561877
0.575442
0.571557
0.568195
0.574051
0.569907
0.573626
0.570882
0.568617
0.561952
0.574684
0.568899
0.568184
0.574331
0.570372
0.574307
0.574057
0.568967
0.564708
0.575185
0.56893
0.568538
0.573843
0.569818
0.573802
0.570839
0.567852
0.561494
0.574605
0.568301
0.568236
0.57331
0.570159
0.573904
0.570816
0.567823
0.562913
0.575541
0.568184
0.567941
0.573179
0.569839
0.573603
0.570969
0.567785
0.561554
0.574226
0.567924
0.568265
0.573536
0.57148
0.573964
0.570362
0.568634
0.562031
0.574953
0.568305
0.567894
0.57382
0.570001
0.573346
0.571649
0.568189
0.562484
0.574333
0.568453
0.571654
0.573584
0.57029
0.574322
0.570957
0.568024
0.562353
0.57417
0.567758
0.567861
0.573485
0.569933
0.573291
0.571827
0.567786
0.563141
0.575924
0.57048
0.567755
0.573655
0.569274
0.574059
0.570975
0.568858
0.562293
0.575789
0.568131
0.567944
0.573438
0.569965
0.573706
0.571247
0.569382
0.562546
0.57414
0.568717
0.568858
0.574013
0.570042
0.573645
0.570524
0.569377
0.562188
0.574782
0.568376
0.568029
0.573825
0.569481
0.573323
0.571809
0.567368
0.562652
0.575007
0.56885
0.568005
0.573267
0.570381
0.573734
0.571135
0.568403
0.562579
0.574835
0.567896
0.568568
0.574233
0.573321
0.573831
0.571056
0.568317
0.561387
0.574178
0.569397
0.56769
0.573434
0.569879
0.57389
0.570309
0.56822
0.562678
0.574253
0.568166
0.568881
0.573307
0.569908
0.573393
0.571137
0.567677
0.561597
0.574801
0.568634
0.567915
0.573202
0.569768
0.574178
0.570919
0.568735
0.562571
0.575459
0.568738
0.568279
0.573539
0.569752
0.573478
0.571135
0.568048
0.562317
0.574754
0.568526
0.568036
0.573215
0.570342
0.573602
0.571577
0.568606
0.564131
0.575644
0.56936
0.568561
0.573658
0.569788
0.573978
0.570766
0.568194
0.561584
0.574664
0.568184
0.568895
0.572971
0.570107
0.576977
0.571298
0.568366
0.562672
0.574333
0.568206
0.568116
0.572948
0.570107
0.573844
0.571166
0.567631
0.561634
0.574211
0.568382
0.568168
0.574585
0.570045
0.574274
0.570227
0.568401
0.562358
0.575215
0.568784
0.567666
0.573457
0.569745
0.573999
0.571892
0.567659
0.561845
0.574445
0.568847
0.567917
0.57332
0.569833
0.573866
0.570836
0.568138
0.562549
0.574217
0.568049
0.568062
0.573594
0.569613
0.573559
0.571784
0.568545
0.562683
0.574818
0.569052
0.567388
0.573962
0.569815
0.574145
0.570971
0.569525
0.562031
0.575905
0.567855
0.568474
0.574018
0.570428
0.573536
0.571631
0.571785
0.562337
0.573914
0.569079
0.568763
0.573203
0.569801
0.57403
0.570303
0.569012
0.562089
0.574296
0.568115
0.56799
0.573628
0.570123
0.573674
0.571727
0.56738
0.562635
0.574474
0.568812
0.568264
0.572967
0.570238
0.574462
0.570909
0.568455
0.563351
0.574296
0.567565
0.56874
0.573345
0.569443
0.573702
0.570946
0.568107
0.561079
0.57453
0.568418
0.568001
0.573649
0.569529
0.573372
0.570669
0.568462
0.562473
0.57482
0.568649
0.568032
0.573551
0.570229
0.573379
0.571325
0.567603
0.561509
0.574203
0.568388
0.568103
0.573694
0.570268
0.574278
0.571197
0.568339
0.564172
0.576348
0.568502
0.567973
0.573329
0.569527
0.573855
0.571055
0.567619
0.561821
0.574254
0.569604
0.567664
0.573793
0.571424
0.574388
0.572094
0.568555
0.564157
0.575535
0.569584
0.568733
0.574139
0.570371
0.573253
0.570642
0.568678
0.561774
0.574862
0.568548
0.568759
0.572759
0.570447
0.573339
0.570472
0.56844
0.56255
0.574649
0.567542
0.567809
0.572753
0.569414
0.573726
0.571236
0.567329
0.560904
0.574742
0.568636
0.568414
0.573258
0.570266
0.573869
0.570657
0.568358
0.562134
0.574524
0.568308
0.567795
0.572679
0.570102
0.573617
0.571683
0.568102
0.561884
0.57439
0.571712
0.568298
0.573649
0.570027
0.573987
0.570896
0.56803
0.562119
0.574752
0.568389
0.567719
0.572738
0.570264
0.5735
0.571851
0.568882
0.564348
0.574837
0.569283
0.567845
0.573493
0.5695
0.57409
0.571284
0.569208
0.562305
0.575304
0.567772
0.568534
0.574525
0.5711
0.57307
0.571429
0.568728
0.562314
0.574263
0.569062
0.56888
0.573443
0.570078
0.573708
0.570832
0.568528
0.561901
0.57479
0.568689
0.567805
0.57373
0.569929
0.573407
0.571666
0.568271
0.562469
0.574458
0.568732
0.569057
0.5734
0.570292
0.573896
0.570624
0.568796
0.56316
0.573995
0.567811
0.572463
0.573222
0.569511
0.573448
0.571808
0.567945
0.563296
0.574493
0.569299
0.567486
0.573715
0.569798
0.573771
0.570333
0.5682
0.562396
0.575774
0.568972
0.568202
0.573486
0.570058
0.573441
0.571109
0.567808
0.561617
0.574722
0.568593
0.568022
0.573198
0.569854
0.574065
0.570712
0.569823
0.562524
0.574668
0.568508
0.567758
0.572938
0.570402
0.573015
0.571642
0.567599
0.561478
0.574905
0.569009
0.568705
0.575331
0.570002
0.574487
0.571521
0.568647
0.564698
0.576201
0.569615
0.568972
0.574221
0.570729
0.573426
0.570482
0.569234
0.561842
0.574532
0.568158
0.568789
0.573497
0.573577
0.573839
0.570511
0.568358
0.56189
0.574423
0.567868
0.567964
0.572598
0.569987
0.573298
0.57117
0.567527
0.561219
0.574724
0.568282
0.568997
0.57399
0.570545
0.574408
0.570517
0.568624
0.562855
0.574645
0.568239
0.568138
0.572869
0.570641
0.573375
0.571494
0.567939
0.562031
0.574925
0.56882
0.568168
0.57362
0.56974
0.574663
0.570781
0.568153
0.561846
0.57452
0.567906
0.568082
0.574067
0.570726
0.573217
0.571404
0.567973
0.562652
0.574772
0.568766
0.567733
0.573281
0.569704
0.574753
0.571289
0.569591
0.562412
0.575674
0.567543
0.568215
0.575779
0.570064
0.57545
0.572328
0.568045
0.562324
0.574572
0.569743
0.568468
0.573369
0.569993
0.573737
0.570722
0.568776
0.561855
0.57514
0.568101
0.568077
0.573902
0.570151
0.573458
0.571583
0.568712
0.562619
0.574503
0.569122
0.568133
0.573614
0.569992
0.574018
0.570808
0.568394
0.563602
0.574136
0.567875
0.568609
0.572743
0.569516
0.573479
0.571291
0.56931
0.561844
0.575131
0.568748
0.567587
0.573235
0.569713
0.573892
0.57091
0.568615
0.562691
0.574866
0.567707
0.568616
0.573884
0.570073
0.57358
0.571418
0.567739
0.56137
0.573979
0.568774
0.568203
0.572942
0.570095
0.573906
0.571192
0.571714
0.561787
0.574431
0.568162
0.567754
0.574198
0.569808
0.573201
0.571038
0.567601
0.56123
0.575292
0.56926
0.568856
0.573599
0.569943
0.574834
0.57206
0.568846
0.565772
0.575457
0.56909
0.569079
0.573927
0.570338
0.573582
0.570429
0.568875
0.561471
0.574602
0.568783
0.568807
0.573509
0.569793
0.573917
0.57076
0.568283
0.562198
0.575382
0.568341
0.567921
0.573469
0.56992
0.573509
0.571369
0.567634
0.561103
0.574173
0.568474
0.568623
0.573198
0.569794
0.574226
0.570825
0.570936
0.562674
0.573885
0.56792
0.568131
0.572769
0.57004
0.573383
0.571638
0.567575
0.564553
0.576556
0.569295
0.56799
0.574213
0.569852
0.574025
0.570859
0.567349
0.562651
0.574321
0.567966
0.568071
0.573059
0.570241
0.573548
0.572047
0.568179
0.562253
0.57434
0.568809
0.567751
0.573122
0.569753
0.574524
0.571078
0.5681
0.561941
0.575187
0.567449
0.569392
0.573498
0.570708
0.573038
0.57132
0.568111
0.562069
0.574484
0.569494
0.568601
0.572834
0.570158
0.573987
0.570469
0.56911
0.561716
0.575018
0.568195
0.568353
0.573541
0.569947
0.573464
0.571556
0.567738
0.562332
0.574125
0.568677
0.568501
0.57329
0.569474
0.574278
0.570757
0.56872
0.562769
0.57444
0.571766
0.568734
0.57271
0.56974
0.573349
0.572174
0.567626
0.561937
0.57446
0.568145
0.567386
0.573299
0.569904
0.574059
0.57056
0.568895
0.564002
0.574607
0.567899
0.568687
0.573946
0.569984
0.573757
0.570888
0.567621
0.561022
0.574309
0.568555
0.56786
0.57352
0.569859
0.573616
0.57165
0.56855
0.561879
0.575423
0.568746
0.568006
0.573175
0.569844
0.573263
0.571312
0.568747
0.561773
0.576778
0.569563
0.568766
0.57411
0.570492
0.574238
0.57167
0.568815
0.565385
0.575142
0.569342
0.568818
0.573318
0.570098
0.573508
0.570922
0.568135
0.561844
0.574886
0.568518
0.569445
0.57618
0.569361
0.573556
0.570478
0.568537
0.56228
0.57527
0.568048
0.567992
0.573008
0.569988
0.57337
0.571264
0.567978
0.56176
0.575668
0.568902
0.568271
0.573194
0.57019
0.574275
0.570576
0.568895
0.562272
0.57477
0.568156
0.568077
0.573506
0.569863
0.573267
0.57176
0.56821
0.562824
0.575013
0.569119
0.567705
0.573537
0.570149
0.573993
0.571353
0.567826
0.562015
0.574275
0.567982
0.567935
0.572898
0.57028
0.573983
0.571701
0.567343
0.562144
0.574696
0.568798
0.567427
0.573738
0.5694
0.57425
0.571131
0.568959
0.561981
0.575131
0.569003
0.568043
0.573982
0.573572
0.574393
0.571678
0.567515
0.561582
0.574158
0.568487
0.568321
0.573637
0.569509
0.57435
0.570769
0.56853
0.562097
0.574863
0.567986
0.569461
0.572835
0.569735
0.573542
0.571649
0.570729
0.562929
0.574691
0.568583
0.568638
0.573208
0.570003
0.573846
0.571079
0.568715
0.56256
0.575085
0.567457
0.568574
0.573044
0.570172
0.57417
0.571407
0.568232
0.561378
0.574437
0.568162
0.567895
0.573067
0.56969
0.574052
0.57055
0.569261
0.563561
0.574316
0.567791
0.568717
0.573764
0.569961
0.573387
0.571088
0.567726
0.561532
0.574533
0.569173
0.568171
0.573017
0.569614
0.576563
0.571995
0.56829
0.562219
0.575211
0.568097
0.568196
0.5728
0.569698
0.573547
0.571159
0.568564
0.564097
0.574904
0.568798
0.568327
0.574472
0.569933
0.573919
0.572053
0.568721
0.565383
0.575059
0.568878
0.568522
0.573241
0.570527
0.573403
0.570365
0.568257
0.561374
0.574774
0.568473
0.568176
0.573153
0.569853
0.57367
0.570866
0.568183
0.562195
0.574876
0.568608
0.56839
0.573507
0.569873
0.573934
0.571289
0.568613
0.561734
0.573954
0.567913
0.568522
0.572942
0.570177
0.573909
0.570743
0.568647
0.561951
0.574199
0.568149
0.567922
0.573576
0.569936
0.573494
0.571712
0.571232
0.563267
0.5748
0.568739
0.56795
0.573168
0.569938
0.573761
0.571223
0.568226
0.562728
0.574288
0.567834
0.568062
0.573126
0.570187
0.573839
0.5713
0.568092
0.562176
0.57507
0.569259
0.567349
0.573595
0.569308
0.57417
0.571219
0.568831
0.562245
0.576207
0.56776
0.567973
0.574219
0.570747
0.573439
0.571509
0.568407
0.562528
0.574127
0.568921
0.569116
0.573906
0.570092
0.574312
0.570862
0.568375
0.562594
0.574645
0.568449
0.568122
0.572907
0.569612
0.573122
0.571682
0.567682
0.563104
0.574457
0.569377
0.568075
0.57361
0.570084
0.573869
0.571086
0.568624
0.562994
0.577941
0.568047
0.568409
0.573155
0.570357
0.573528
0.570789
0.568616
0.561887
0.574495
0.568341
0.567629
0.572947
0.569799
0.573833
0.570624
0.569108
0.56346
0.574517
0.567616
0.56858
0.573084
0.569442
0.573081
0.571096
0.567489
0.561533
0.574523
0.568534
0.567968
0.572935
0.570431
0.573843
0.570878
0.569027
0.561832
0.575219
0.568675
0.568166
0.573806
0.569727
0.573608
0.570917
0.569461
0.562051
0.574417
0.568169
0.56851
0.573953
0.569972
0.574138
0.57137
0.568422
0.563825
0.574853
0.569011
0.568388
0.573501
0.56978
0.573353
0.57042
0.567284
0.561129
0.574915
0.570888
0.568539
0.572971
0.569913
0.573708
0.571118
0.567987
0.562937
0.575412
0.568035
0.568192
0.573101
0.569719
0.573469
0.570587
0.567987
0.562359
0.574197
0.568115
0.56824
0.573197
0.571708
0.57356
0.57032
0.568844
0.562053
0.574713
0.568431
0.567309
0.573423
0.569754
0.573604
0.572159
0.568208
0.56226
0.574699
0.569188
0.568229
0.573462
0.569901
0.574151
0.571004
0.567996
0.562398
0.573978
0.567857
0.567902
0.573196
0.570135
0.573171
0.571788
0.56811
0.563331
0.57474
0.569758
0.567647
0.573837
0.569552
0.574223
0.571161
0.568803
0.562237
0.575871
0.567516
0.569885
0.576835
0.570006
0.573017
0.571334
0.568896
0.562165
0.573944
0.56917
0.569008
0.57389
0.570126
0.573568
0.570461
0.56893
0.562186
0.574482
0.568815
0.569132
0.573416
0.569559
0.573589
0.571505
0.567542
0.563126
0.574404
0.568998
0.568476
0.573181
0.57049
0.574168
0.571164
0.56884
0.562714
0.574485
0.567812
0.568837
0.57427
0.570305
0.573583
0.571113
0.567768
0.561346
0.574205
0.568297
0.568048
0.573404
0.56988
0.574131
0.569995
0.568133
0.562524
0.574298
0.568001
0.568727
0.573124
0.569358
0.573365
0.570989
0.567536
0.561329
0.574503
0.567928
0.568194
0.57324
0.573886
0.574745
0.570443
0.569013
0.562735
0.575535
0.568683
0.568306
0.573778
0.569735
0.573693
0.572764
0.568301
0.562454
0.574243
0.568349
0.569512
0.573295
0.570582
0.574145
0.571733
0.568596
0.564163
0.575915
0.569802
0.568502
0.573498
0.570258
0.573773
0.570701
0.56862
0.561753
0.574806
0.56861
0.568965
0.573179
0.570405
0.573723
0.570592
0.568195
0.562596
0.574425
0.568049
0.568094
0.572889
0.569856
0.573392
0.5709
0.568083
0.561576
0.574552
0.568597
0.568297
0.573903
0.569668
0.574613
0.570475
0.568644
0.56231
0.574794
0.568254
0.567756
0.573217
0.569797
0.575874
0.572672
0.567663
0.56201
0.574747
0.568757
0.568274
0.573145
0.569909
0.574281
0.570591
0.567838
0.562455
0.574452
0.567694
0.568036
0.573829
0.569922
0.573546
0.572028
0.568411
0.563019
0.574911
0.569457
0.567543
0.573509
0.569511
0.574243
0.571138
0.570968
0.561925
0.575712
0.567616
0.568312
0.574215
0.570297
0.573516
0.57147
0.569059
0.56258
0.574524
0.569124
0.568906
0.57336
0.569965
0.574028
0.570339
0.568575
0.561593
0.57453
0.568315
0.567731
0.57393
0.569784
0.573164
0.571987
0.567764
0.562668
0.57453
0.568684
0.568563
0.573002
0.570086
0.574159
0.571238
0.571061
0.562918
0.574341
0.567818
0.568906
0.573972
0.569447
0.572914
0.571012
0.568135
0.561266
0.574362
0.568452
0.568037
0.573374
0.569201
0.573995
0.570236
0.568094
0.56266
0.574615
0.568112
0.568266
0.573408
0.570071
0.573487
0.571205
0.567816
0.561305
0.574247
0.568282
0.568119
0.573504
0.570126
0.574075
0.571243
0.5691
0.562823
0.574551
0.568665
0.568065
0.573362
0.57011
0.572828
0.571014
0.567587
0.561767
0.574147
0.570307
0.567737
0.573456
0.569678
0.57398
0.571681
0.567896
0.564538
0.575688
0.569427
0.568457
0.573548
0.569947
0.573166
0.570535
0.569061
0.562481
0.578409
0.568887
0.56886
0.57268
0.569706
0.574232
0.570451
0.568332
0.562516
0.574813
0.567819
0.56805
0.572507
0.5698
0.573729
0.571894
0.568147
0.561191
0.574653
0.568211
0.568776
0.573293
0.569859
0.574129
0.570263
0.568298
0.561977
0.574644
0.568438
0.56796
0.572662
0.569995
0.573513
0.571577
0.568223
0.562058
0.574
0.568334
0.56782
0.573592
0.56966
0.57462
0.570883
0.568079
0.562139
0.574135
0.568608
0.56791
0.572999
0.570005
0.573126
0.571958
0.568153
0.563263
0.574849
0.568926
0.568074
0.573184
0.56959
0.57397
0.574136
0.569002
0.562078
0.5755
0.570374
0.568155
0.573997
0.56986
0.573463
0.571253
0.568636
0.56268
0.57444
0.569083
0.568945
0.573136
0.57041
0.573746
0.570555
0.569069
0.56313
0.574714
0.56867
0.567755
0.573721
0.569355
0.573101
0.572032
0.568339
0.562858
0.574113
0.568926
0.568811
0.573113
0.570042
0.574208
0.571458
0.568029
0.563279
0.574034
0.567624
0.568756
0.57303
0.569809
0.573316
0.571583
0.568038
0.561835
0.57455
0.569199
0.567742
0.573637
0.569963
0.573683
0.570666
0.568336
0.562408
0.574493
0.567725
0.568332
0.573298
0.569987
0.573759
0.571354
0.567719
0.561468
0.574085
0.568615
0.569194
0.576261
0.569619
0.574049
0.570753
0.568393
0.562464
0.574701
0.56812
0.567759
0.573639
0.571707
0.573151
0.571293
0.567398
0.561488
0.575376
0.569386
0.569046
0.57328
0.570596
0.573853
0.572002
0.569005
0.564371
0.575244
0.569084
0.569026
0.574031
0.570232
0.573687
0.57068
0.569048
0.561744
0.574337
0.568538
0.568767
0.572798
0.57004
0.573618
0.570407
0.568167
0.562359
0.574654
0.568259
0.567953
0.572744
0.569468
0.573853
0.572397
0.567229
0.561173
0.574655
0.568782
0.567978
0.573742
0.570409
0.574162
0.57071
0.568845
0.562812
0.574337
0.568233
0.568133
0.572737
0.57435
0.573992
0.57154
0.567638
0.562356
0.574067
0.56893
0.567907
0.573289
0.56939
0.574312
0.570552
0.568137
0.561988
0.574539
0.567847
0.569139
0.573337
0.570444
0.573709
0.571774
0.568129
0.562543
0.574494
0.569037
0.567857
0.572887
0.569555
0.574546
0.571167
0.56959
0.562282
0.575242
0.567503
0.568476
0.573861
0.570385
0.573346
0.571521
0.568263
0.562462
0.574719
0.569672
0.568177
0.573589
0.570047
0.573988
0.570652
0.568894
0.562043
0.574977
0.568546
0.567558
0.573706
0.569637
0.573694
0.57478
0.567879
0.562151
0.574363
0.568864
0.568609
0.573307
0.569764
0.576438
0.571911
0.568366
0.563022
0.574027
0.567615
0.56921
0.572815
0.569632
0.573658
0.571423
0.567997
0.561968
0.574717
0.56891
0.56806
0.573738
0.569958
0.573816
0.570653
0.568936
0.562637
0.574799
0.568096
0.568588
0.573639
0.569902
0.573498
0.571344
0.56745
0.561163
0.574029
0.568468
0.568111
0.573363
0.569738
0.574087
0.570557
0.568525
0.562194
0.574611
0.567909
0.568017
0.574939
0.569408
0.573399
0.571342
0.567625
0.561474
0.574805
0.56858
0.567583
0.573442
0.569667
0.573883
0.572024
0.569009
0.56594
0.575667
0.569761
0.568964
0.573947
0.570145
0.573577
0.570209
0.572285
0.561563
0.574975
0.569023
0.568504
0.5735
0.569885
0.573461
0.570868
0.567963
0.562331
0.575139
0.568061
0.567942
0.573182
0.570286
0.574433
0.571292
0.56744
0.561604
0.57477
0.567916
0.568443
0.573049
0.569994
0.574729
0.570749
0.568752
0.563119
0.574315
0.567824
0.567902
0.573388
0.569891
0.573164
0.571603
0.568187
0.562797
0.574528
0.569583
0.567771
0.574082
0.56992
0.57406
0.570568
0.567765
0.562134
0.574523
0.567902
0.567779
0.573604
0.570618
0.573497
0.571856
0.568033
0.562666
0.574651
0.569204
0.567313
0.572857
0.569858
0.574629
0.571094
0.568716
0.563238
0.578395
0.567433
0.568301
0.573334
0.570445
0.573432
0.571461
0.568019
0.56187
0.574414
0.568975
0.568452
0.57338
0.570361
0.573772
0.571122
0.569388
0.561754
0.574197
0.568308
0.56803
0.572797
0.570067
0.573836
0.571708
0.568466
0.562369
0.573577
0.568791
0.568485
0.573266
0.570161
0.573782
0.570745
0.568078
0.562682
0.574262
0.567404
0.568399
0.57246
0.569963
0.573185
0.571409
0.567829
0.561534
0.574656
0.568597
0.567402
0.573474
0.569611
0.573795
0.570364
0.568787
0.56318
0.574385
0.567901
0.568682
0.573487
0.569244
0.573567
0.570634
0.567321
0.561087
0.574472
0.571696
0.567541
0.573238
0.569528
0.573862
0.570741
0.568304
0.562663
0.57563
0.569736
0.567721
0.57363
0.572381
0.573274
0.571263
0.56859
0.562854
0.575281
0.569133
0.56829
0.574217
0.57015
0.573965
0.572316
0.569123
0.565168
0.574998
0.569637
0.568886
0.573393
0.570304
0.5737
0.570871
0.56835
0.561811
0.574872
0.568673
0.568401
0.573295
0.569595
0.573641
0.571042
0.569006
0.562834
0.574897
0.568515
0.567972
0.573242
0.570604
0.573041
0.571394
0.567743
0.562864
0.57432
0.568369
0.567708
0.573217
0.569911
0.57401
0.570728
0.568372
0.562818
0.574393
0.568235
0.56907
0.575955
0.569783
