261.076
54.6677
35.4326
28.2553
38.153
44.3481
46.136
47.5787
51.9314
51.3081
53.1529
54.0029
54.1004
53.7799
53.2054
51.8298
47.1054
46.7124
46.1391
45.5273
44.9127
44.3093
43.4348
42.4927
41.2986
34.9329
35.2103
35.771
35.8991
35.1251
34.2798
34.1928
33.9757
33.7127
33.4635
33.282
33.2363
33.4612
33.7326
34.1398
34.5224
35.1024
35.5614
36.1509
36.6984
37.126
37.686
38.2741
38.8683
38.8796
38.504
38.6239
38.3814
38.9614
39.2712
39.5946
42.9621
44.939
46.0642
47.1573
48.0973
49.1879
50.0635
50.9754
51.7657
52.563
53.4095
55.5015
52.5173
55.1667
57.0828
58.1078
59.4111
60.6002
62.0548
63.3787
66.608
66.87
76.8413
75.6487
73.4684
73.2479
77.0722
75.3904
82.6416
81.1252
82.4261
86.0534
90.2125
94.1759
92.8396
100.543
99.7881
99.2443
98.4064
94.0981
94.4905
94.7443
95.2035
117.518
121.11
122.195
106.34
102.556
103.19
116.429
120.527
118.113
118.285
119.011
120.245
120.557
134.379
120.963
132.971
135.682
124.392
121.628
120.708
129.805
118.573
119.598
125.783
117.148
117.046
111.44
124.764
119.054
113.467
93.3138
97.2031
97.7147
96.8926
117.912
79.0216
82.9013
78.273
56.1818
79.3276
76.6968
53.9824
62.736
61.3893
55.1332
56.8016
55.5314
55.5796
53.7797
54.3519
53.669
52.7311
51.9145
49.6676
48.1477
45.6784
43.3051
39.2011
38.0052
31.794
39.7606
30.6853
35.5798
29.9218
33.4532
29.1756
27.6768
27.1689
25.2324
25.5845
25.3112
22.8163
22.5945
22.9701
21.79
21.7402
20.9547
19.1678
18.6167
18.4776
17.4841
18.1177
15.9814
16.5034
16.4743
15.2861
13.9772
13.463
13.0046
13.1908
13.0395
12.647
11.9689
10.8961
10.8195
9.86336
9.78638
10.0549
10.074
9.72983
9.04603
8.36275
7.81142
7.4275
7.1294
7.00509
6.7614
6.70583
6.6288
6.48586
6.34972
6.18408
5.94803
5.74205
5.47451
5.28887
5.07155
4.85357
4.65839
4.51945
4.36177
4.21124
2.53113
4.36715
4.33104
3.94157
3.73955
3.51491
3.34242
3.26756
3.16113
3.0773
3.02378
2.9677
2.88536
2.88528
2.79627
2.77386
2.71943
2.69202
2.64228
2.58311
2.56023
2.47104
2.45696
2.40782
2.32814
2.28929
2.2216
2.18707
2.16213
2.06277
2.07202
1.98204
1.95272
1.89543
1.86762
1.81932
1.80876
1.7535
1.69545
1.6991
1.65205
1.6231
1.63203
1.56723
1.54601
1.5382
1.50818
1.4652
1.45053
1.47212
1.40119
1.39739
1.38084
1.37043
1.35303
1.31822
1.31972
1.32005
1.2693
1.29654
1.23891
1.27041
1.21248
1.24333
1.21771
1.20148
1.18658
1.17655
1.15589
1.15882
1.14788
1.12164
1.12281
1.12542
1.09785
1.12077
1.07299
1.08911
1.06595
1.06902
1.07891
1.0378
1.04117
1.04056
1.03987
1.00577
1.03411
1.02055
1.02176
0.98981
1.01169
0.98272
0.989654
0.982207
0.977186
0.969435
0.959598
0.990412
0.956461
0.96714
0.942066
0.962936
0.926996
0.964887
0.932571
0.936232
0.928713
0.930504
0.898885
0.928251
0.902738
0.905721
0.935601
0.902971
0.90077
0.87598
0.897066
0.893261
0.873367
0.904402
0.871351
0.907661
0.790366
0.959071
0.788051
0.961606
0.793505
0.929173
0.875088
0.790838
0.929634
0.872135
0.799122
0.894329
0.875219
0.7857
0.906245
0.789369
0.905766
0.792287
0.910754
0.792358
0.870824
0.798741
0.903212
0.796072
0.875582
0.786223
0.869909
0.790943
0.878347
0.792834
0.84379
0.793001
0.841571
0.781505
0.866049
0.782326
0.787578
0.861752
0.780956
0.787525
0.842211
0.778635
0.837685
0.784821
0.782808
0.849587
0.787262
0.776063
0.783051
0.845454
0.788332
0.786969
0.787655
0.846524
0.794108
0.779992
0.786006
0.780396
0.818398
0.782466
0.79067
0.785146
0.792562
0.822773
0.783026
0.7913
0.78287
0.783983
0.790105
0.783611
0.795267
0.79864
0.78512
0.788348
0.798069
0.785598
0.778687
0.790438
0.780364
0.779031
0.777701
0.781321
0.783755
0.781429
0.785496
0.776925
0.779517
0.779807
0.784779
0.780821
0.781929
0.778432
0.775469
0.788977
0.78106
0.780048
0.78109
0.777347
0.78234
0.781153
0.779692
0.78206
0.780562
0.777932
0.772984
0.780876
0.781784
0.781
0.79126
0.795673
0.784651
0.777425
0.779089
0.78275
0.782823
0.775261
0.781063
0.779248
0.774269
0.763766
0.773094
0.7714
0.774615
0.778126
0.774106
0.780072
0.773271
0.794375
0.781757
0.774677
0.779382
0.777966
0.772311
0.775488
0.777829
0.776617
0.770691
0.783115
0.772947
0.780346
0.776501
0.77026
0.774292
0.777242
0.774919
0.776192
0.777365
0.77981
0.770589
0.776397
0.778217
0.773572
0.769745
0.778983
0.770655
0.788541
0.772507
0.770332
0.77139
0.785156
0.784137
0.776975
0.778674
0.776005
0.76614
0.763928
0.775631
0.770269
0.761768
0.764334
0.773033
0.771142
0.771392
0.760699
0.780365
0.781159
0.771567
0.774749
0.780084
0.7909
0.775112
0.764512
0.768853
0.766113
0.768966
0.764482
0.774927
0.76704
0.776804
0.766652
0.766635
0.776322
0.767406
0.77516
0.763334
0.763707
0.774762
0.77637
0.766601
0.769854
0.763814
0.77977
0.76741
0.768878
0.779174
0.76776
0.773087
0.769616
0.767593
0.76766
0.762
0.769427
0.762082
0.758377
0.764434
0.759007
0.767522
0.767027
0.772496
0.761495
0.767653
0.759882
0.761542
0.76699
0.762855
0.771945
0.758546
0.765835
0.764338
0.766858
0.770455
0.763434
0.763851
0.764431
0.761991
0.763037
0.759696
0.762408
0.764366
0.770317
0.760357
0.760221
0.760496
0.765567
0.768052
0.765105
0.763901
0.757296
0.761244
0.762429
0.762962
0.756016
0.763488
0.748391
0.760776
0.756636
0.752224
0.748345
0.760885
0.763421
0.753161
0.748439
0.767284
0.752579
0.756635
0.759313
0.759
0.765662
0.754695
0.761263
0.759459
0.757659
0.75834
0.754702
0.767601
0.750522
0.763122
0.751894
0.754766
0.761432
0.762822
0.761409
0.751793
0.76448
0.753248
0.764002
0.755555
0.765653
0.750229
0.755235
0.764774
0.753683
0.752959
0.769965
0.754553
0.753063
0.75172
0.751421
0.756407
0.747613
0.778207
0.770145
0.75417
0.759337
0.750252
0.755556
0.748653
0.751532
0.742462
0.74983
0.750505
0.7492
0.752599
0.75081
0.759508
0.751284
0.760803
0.749584
0.760242
0.747733
0.749581
0.749374
0.750409
0.75445
0.756538
0.749905
0.754089
0.746853
0.75554
0.74899
0.74767
0.75327
0.751468
0.748014
0.753973
0.752651
0.753239
0.750197
0.752224
0.745321
0.755476
0.751055
0.748544
0.753779
0.747493
0.753604
0.74586
0.750374
0.738396
0.756133
0.745572
0.748094
0.749058
0.747067
0.753634
0.745442
0.744234
0.739793
0.750967
0.745693
0.748006
0.748906
0.747822
0.748201
0.745163
0.748162
0.739375
0.750402
0.744706
0.74246
0.748386
0.747417
0.749382
0.745192
0.744718
0.738667
0.750399
0.746076
0.742957
0.748489
0.747291
0.749592
0.744922
0.744829
0.739215
0.749868
0.745565
0.743719
0.749226
0.747652
0.748997
0.744898
0.745855
0.741207
0.75058
0.74599
0.742935
0.750428
0.748084
0.748153
0.745165
0.744382
0.739956
0.751081
0.745289
0.743374
0.748043
0.748279
0.748218
0.744728
0.744671
0.739539
0.751216
0.746196
0.742656
0.748182
0.746668
0.748668
0.744929
0.746415
0.738277
0.750909
0.746007
0.742774
0.748555
0.747471
0.748058
0.747138
0.744914
0.742098
0.753737
0.744638
0.742627
0.748481
0.748006
0.748292
0.744546
0.744623
0.738693
0.750219
0.745368
0.743067
0.748606
0.747452
0.747986
0.745554
0.745817
0.741603
0.750205
0.74558
0.742808
0.748199
0.748034
0.748749
0.74522
0.744641
0.740255
0.750587
0.74527
0.743009
0.748462
0.747889
0.748351
0.74501
0.744439
0.741097
0.750407
0.746233
0.743188
0.748862
0.747303
0.748062
0.745079
0.744064
0.738806
0.74989
0.745043
0.742988
0.749736
0.748397
0.748439
0.745321
0.744867
0.740309
0.749932
0.746046
0.742909
0.74919
0.7483
0.748685
0.745343
0.744193
0.739337
0.751713
0.749941
0.742398
0.74894
0.746716
0.748233
0.745172
0.74455
0.739868
0.7502
0.745621
0.743208
0.747759
0.747198
0.749124
0.744877
0.744701
0.740363
0.750046
0.745072
0.743002
0.748419
0.747402
0.74854
0.744738
0.744378
0.741308
0.750806
0.745206
0.742571
0.748848
0.747919
0.748033
0.747033
0.744835
0.738768
0.749909
0.744875
0.743
0.748097
0.747444
0.748394
0.744757
0.744821
0.738605
0.750136
0.745523
0.742388
0.74921
0.747506
0.748126
0.745897
0.74411
0.738245
0.749628
0.747101
0.772877
0.791626
0.793309
0.797999
0.788419
0.782427
0.769638
0.795131
0.779731
0.792121
0.814594
0.862719
0.809701
0.762223
0.754035
0.744491
0.75844
0.755041
0.750841
0.755972
0.755908
0.755042
0.752714
0.753136
0.745418
0.757498
0.751247
0.748826
0.757685
0.751736
0.755023
0.75246
0.749465
0.742803
0.756616
0.754536
0.750207
0.75438
0.752679
0.75497
0.751785
0.749456
0.742527
0.758826
0.750093
0.750489
0.753821
0.752014
0.754229
0.752547
0.74865
0.742996
0.756123
0.753164
0.750088
0.754263
0.751679
0.755381
0.751924
0.749485
0.742949
0.757186
0.750255
0.74836
0.754246
0.751525
0.754074
0.752848
0.753113
0.742613
0.756232
0.75231
0.750284
0.754696
0.751855
0.754527
0.751692
0.749104
0.742636
0.755462
0.750835
0.749091
0.754128
0.751194
0.754288
0.752625
0.752798
0.742495
0.75627
0.750439
0.749172
0.755847
0.751592
0.754047
0.751563
0.749653
0.742048
0.755388
0.749913
0.749685
0.75358
0.751448
0.754131
0.75256
0.748837
0.741628
0.755737
0.749873
0.748308
0.755962
0.754503
0.75475
0.751674
0.749896
0.742367
0.756428
0.751886
0.749497
0.754591
0.751068
0.753737
0.751725
0.748971
0.74243
0.756382
0.750605
0.748608
0.754195
0.751828
0.75506
0.752038
0.749629
0.742664
0.756451
0.750104
0.748444
0.754815
0.751268
0.754184
0.752133
0.752443
0.74243
0.755717
0.750597
0.749131
0.754265
0.751701
0.754613
0.753185
0.749764
0.744781
0.757009
0.751216
0.748093
0.754731
0.751914
0.75427
0.751478
0.750584
0.742252
0.756203
0.750423
0.749328
0.754006
0.751563
0.754602
0.752031
0.749129
0.742846
0.756155
0.750513
0.74873
0.753733
0.751313
0.753978
0.752244
0.749638
0.741649
0.755955
0.750595
0.749651
0.757874
0.751548
0.754484
0.751333
0.74916
0.744042
0.755918
0.750621
0.748691
0.753951
0.752746
0.754002
0.752373
0.748841
0.74181
0.756298
0.75101
0.748605
0.754235
0.751513
0.754065
0.751292
0.749256
0.742816
0.756738
0.749846
0.748676
0.753817
0.751895
0.75452
0.752021
0.749218
0.74216
0.756165
0.750367
0.748226
0.754266
0.751119
0.755236
0.751838
0.749538
0.742522
0.756553
0.750054
0.748599
0.754261
0.751826
0.754384
0.752506
0.749209
0.741988
0.757333
0.753974
0.749103
0.754251
0.751568
0.754484
0.753016
0.749569
0.741703
0.755813
0.750627
0.74884
0.754288
0.751676
0.754589
0.752611
0.749084
0.74304
0.755781
0.750315
0.748742
0.75399
0.751573
0.754714
0.752058
0.749215
0.743267
0.755895
0.749648
0.748964
0.754053
0.751505
0.754331
0.752055
0.748886
0.741547
0.755874
0.750503
0.748377
0.754244
0.751411
0.754801
0.751542
0.749266
0.742417
0.756742
0.750387
0.748461
0.754403
0.751495
0.754144
0.752476
0.748608
0.742706
0.755961
0.751293
0.748228
0.754289
0.75135
0.755035
0.752132
0.749704
0.74264
0.756244
0.750439
0.74862
0.753715
0.751322
0.757255
0.753936
0.749777
0.742653
0.755797
0.751371
0.74844
0.755108
0.75128
0.754637
0.752092
0.749388
0.744754
0.756575
0.751343
0.748629
0.754179
0.751398
0.757774
0.752008
0.749567
0.74172
0.756385
0.75084
0.748979
0.754493
0.751075
0.754743
0.751968
0.749197
0.742981
0.756394
0.750521
0.748656
0.753603
0.751226
0.754173
0.752228
0.748868
0.741682
0.75629
0.750167
0.748654
0.754697
0.751902
0.754365
0.75122
0.749881
0.742822
0.755549
0.751609
0.749242
0.753855
0.751827
0.754077
0.752372
0.749246
0.742219
0.756333
0.750402
0.748304
0.754148
0.752221
0.754561
0.752297
0.749687
0.743227
0.755723
0.750963
0.748698
0.754303
0.751806
0.75397
0.75179
0.749048
0.741913
0.756407
0.750063
0.747952
0.753788
0.751017
0.754972
0.755247
0.750297
0.742771
0.757168
0.750433
0.748384
0.754827
0.751771
0.75407
0.752202
0.749587
0.742689
0.75587
0.751056
0.749393
0.754373
0.753634
0.754936
0.751841
0.749343
0.742652
0.756362
0.750759
0.748243
0.754205
0.751462
0.754042
0.752723
0.749759
0.743253
0.755957
0.750754
0.749027
0.754564
0.751582
0.754717
0.752064
0.749209
0.742906
0.755379
0.749896
0.748705
0.754021
0.751921
0.754234
0.75259
0.749157
0.742809
0.755749
0.751764
0.748425
0.754165
0.751416
0.754424
0.751632
0.748615
0.742864
0.755918
0.750536
0.748304
0.754603
0.751519
0.753954
0.752526
0.7529
0.742654
0.756003
0.750873
0.748796
0.754078
0.751864
0.754802
0.752038
0.749358
0.742167
0.75642
0.750795
0.748553
0.754148
0.751654
0.754972
0.752884
0.74923
0.742021
0.756487
0.751201
0.748665
0.755057
0.75127
0.754795
0.751842
0.749367
0.743525
0.756634
0.750762
0.749485
0.755717
0.751872
0.754435
0.751721
0.750216
0.741698
0.756191
0.750626
0.749343
0.75396
0.751665
0.7543
0.752128
0.749014
0.742214
0.756091
0.750632
0.748014
0.753778
0.751334
0.75421
0.751703
0.74938
0.741243
0.756158
0.750412
0.748574
0.754111
0.751427
0.754721
0.751448
0.749618
0.743496
0.755909
0.750343
0.748755
0.753612
0.751361
0.754228
0.751943
0.749229
0.741577
0.756405
0.750793
0.750935
0.757522
0.751404
0.754182
0.752392
0.749462
0.743028
0.756343
0.750382
0.748348
0.754743
0.751712
0.753925
0.752218
0.748735
0.741829
0.756075
0.751037
0.748014
0.75419
0.752205
0.756017
0.752019
0.749721
0.742593
0.756923
0.75019
0.74836
0.753959
0.751923
0.753841
0.752355
0.750193
0.74281
0.756114
0.752412
0.748939
0.754622
0.751465
0.754346
0.751634
0.749769
0.742324
0.756079
0.750894
0.748519
0.754207
0.751441
0.753874
0.752518
0.749316
0.743183
0.756453
0.751527
0.74887
0.754387
0.751716
0.754765
0.752152
0.748936
0.742999
0.755692
0.749796
0.749483
0.753556
0.751658
0.753925
0.752508
0.749145
0.741873
0.756404
0.749913
0.74819
0.754045
0.75163
0.754771
0.751907
0.749412
0.742435
0.755694
0.750495
0.748931
0.754054
0.751736
0.756329
0.753995
0.748729
0.742456
0.755841
0.750589
0.748854
0.754173
0.752238
0.754898
0.7517
0.749205
0.741977
0.755709
0.750892
0.748531
0.754741
0.751527
0.753971
0.752292
0.748813
0.741987
0.756206
0.750605
0.748453
0.754181
0.751651
0.754133
0.752114
0.748978
0.744186
0.759064
0.752005
0.74871
0.754905
0.75147
0.754468
0.751476
0.748865
0.741775
0.756428
0.750967
0.749019
0.754228
0.751868
0.755339
0.752054
0.749514
0.743907
0.756983
0.750252
0.748421
0.754109
0.751334
0.754076
0.751887
0.749574
0.741533
0.75559
0.750084
0.748665
0.754628
0.751728
0.754318
0.752631
0.752973
0.74366
0.755972
0.751161
0.74865
0.753461
0.752439
0.754424
0.7526
0.749124
0.743005
0.756116
0.751687
0.748621
0.75419
0.751988
0.756099
0.751262
0.748715
0.743025
0.75611
0.749867
0.748633
0.753699
0.751672
0.754418
0.752306
0.749548
0.742444
0.755992
0.750459
0.748057
0.754275
0.751485
0.754558
0.75213
0.749087
0.742939
0.757029
0.75083
0.742876
0.748401
0.746232
0.748821
0.746659
0.743836
0.736932
0.751135
0.745197
0.743329
0.749212
0.746591
0.749306
0.746531
0.743977
0.736551
0.750461
0.745054
0.743313
0.749322
0.746056
0.748604
0.746597
0.744291
0.738583
0.752898
0.745789
0.743217
0.748765
0.746896
0.749023
0.746135
0.744172
0.737024
0.750197
0.744999
0.743398
0.74851
0.745808
0.749405
0.746807
0.743568
0.736601
0.751022
0.744942
0.742679
0.748815
0.746327
0.74921
0.746149
0.743787
0.73723
0.750454
0.744383
0.743878
0.749152
0.74617
0.748329
0.74668
0.743154
0.736691
0.750663
0.745381
0.743134
0.749079
0.74626
0.748982
0.746922
0.744072
0.737403
0.7513
0.744967
0.742675
0.749437
0.746354
0.748599
0.746698
0.74448
0.737131
0.750628
0.745968
0.74367
0.749456
0.74642
0.749207
0.747108
0.743658
0.739954
0.751201
0.745049
0.74302
0.748912
0.746021
0.748636
0.746366
0.744057
0.736906
0.751025
0.745396
0.743509
0.752423
0.746442
0.748451
0.746592
0.74371
0.73735
0.751333
0.744804
0.742731
0.748858
0.745858
0.748438
0.746713
0.744228
0.736088
0.750789
0.744859
0.743093
0.749394
0.745898
0.749585
0.748389
0.744296
0.738009
0.750764
0.74518
0.743527
0.749859
0.746854
0.749157
0.746625
0.743509
0.737015
0.751074
0.7448
0.743043
0.748935
0.746293
0.748751
0.746814
0.744318
0.737241
0.750536
0.745237
0.743033
0.748818
0.745917
0.748786
0.746652
0.743671
0.736503
0.750421
0.745046
0.743052
0.748568
0.746318
0.749744
0.746344
0.744269
0.737098
0.751107
0.744676
0.742937
0.748696
0.745904
0.748726
0.746768
0.743503
0.736821
0.75031
0.745158
0.743154
0.749274
0.74599
0.748999
0.746185
0.74396
0.736399
0.750773
0.745207
0.743122
0.75245
0.746015
0.748604
0.747054
0.743588
0.737087
0.751034
0.74534
0.743373
0.748972
0.746445
0.749529
0.746808
0.743815
0.737649
0.750699
0.744894
0.743342
0.748479
0.746375
0.750275
0.746837
0.743665
0.736619
0.750622
0.745296
0.743056
0.751248
0.746295
0.74887
0.74648
0.743994
0.737058
0.749957
0.744933
0.743345
0.748716
0.746204
0.748469
0.747178
0.74379
0.737212
0.750264
0.746815
0.743352
0.748616
0.746072
0.749529
0.746996
0.744195
0.737241
0.75067
0.745056
0.74327
0.748723
0.745648
0.748799
0.746829
0.744364
0.736662
0.750996
0.746003
0.742933
0.749414
0.746066
0.749171
0.746645
0.746769
0.739309
0.751564
0.74547
0.743219
0.749326
0.746358
0.749074
0.746069
0.743754
0.736027
0.751287
0.745559
0.743177
0.748572
0.746333
0.749057
0.747708
0.747641
0.737367
0.750961
0.744484
0.743071
0.748412
0.74614
0.748723
0.746748
0.743789
0.735894
0.750753
0.74475
0.743106
0.748952
0.746412
0.749277
0.745793
0.744322
0.736566
0.750642
0.74494
0.743557
0.748142
0.74592
0.748611
0.746363
0.743904
0.736667
0.751039
0.744624
0.742629
0.749357
0.745932
0.749246
0.746606
0.744154
0.737541
0.751041
0.744982
0.743281
0.748532
0.746395
0.74853
0.746584
0.743468
0.736163
0.750513
0.746203
0.742481
0.748582
0.745707
0.74878
0.746647
0.744155
0.737392
0.751926
0.745102
0.74259
0.749329
0.745968
0.74853
0.74725
0.745847
0.739012
0.752798
0.745563
0.74393
0.749067
0.746094
0.749503
0.746451
0.744108
0.737783
0.750606
0.744903
0.743269
0.748238
0.746156
0.748371
0.747899
0.744313
0.738301
0.75075
0.746172
0.743178
0.748396
0.746247
0.749452
0.746564
0.743781
0.738277
0.750857
0.744431
0.743478
0.748779
0.747495
0.748975
0.746647
0.744052
0.736341
0.750897
0.745624
0.743577
0.748527
0.746197
0.748913
0.746027
0.744236
0.73875
0.750609
0.744163
0.743065
0.748221
0.745661
0.748653
0.746465
0.743989
0.736291
0.750632
0.745509
0.742775
0.748709
0.746572
0.749454
0.746233
0.744559
0.73712
0.751478
0.748984
0.743047
0.74934
0.74596
0.748866
0.746432
0.74445
0.737066
0.750904
0.745512
0.743264
0.74955
0.746438
0.749562
0.750051
0.744911
0.740835
0.751426
0.745571
0.743582
0.749169
0.74578
0.749074
0.746259
0.743652
0.736459
0.750754
0.745411
0.743167
0.748534
0.746196
0.748937
0.74638
0.743576
0.738542
0.75178
0.744763
0.743104
0.74842
0.745889
0.748891
0.746411
0.743599
0.73656
0.750451
0.744496
0.743351
0.748899
0.747712
0.749291
0.745729
0.744507
0.737243
0.751169
0.744877
0.742944
0.74919
0.745975
0.748485
0.747031
0.744125
0.737531
0.750615
0.745163
0.746748
0.74897
0.746353
0.749617
0.746415
0.743774
0.737696
0.750282
0.744438
0.742912
0.748721
0.746081
0.748458
0.747257
0.743682
0.737984
0.752099
0.747523
0.742829
0.748942
0.745423
0.749268
0.74633
0.744739
0.737302
0.752007
0.74476
0.74304
0.748784
0.746061
0.748846
0.746942
0.745067
0.737553
0.750281
0.74545
0.744013
0.749154
0.746253
0.74877
0.745933
0.745126
0.737525
0.750743
0.744963
0.743149
0.749266
0.745423
0.748639
0.747432
0.743215
0.737781
0.751235
0.745544
0.743227
0.748529
0.746544
0.749132
0.746561
0.744357
0.73796
0.751012
0.744678
0.743704
0.749557
0.749538
0.749137
0.746493
0.74419
0.736244
0.750468
0.745875
0.742766
0.748676
0.745901
0.749222
0.74571
0.744078
0.7381
0.750416
0.744709
0.744452
0.748539
0.745971
0.748634
0.746567
0.74341
0.736482
0.751003
0.745193
0.743071
0.74856
0.745916
0.749406
0.746537
0.744549
0.737929
0.75192
0.745358
0.743338
0.748854
0.745799
0.748691
0.746621
0.743986
0.737316
0.750955
0.745116
0.743172
0.748473
0.746549
0.749099
0.747027
0.744473
0.740009
0.75175
0.746084
0.743565
0.748917
0.745721
0.749181
0.746233
0.744106
0.736578
0.750878
0.744839
0.74401
0.748353
0.746222
0.752244
0.747098
0.744135
0.738144
0.750598
0.744828
0.743247
0.748155
0.746206
0.749017
0.746665
0.743525
0.736485
0.750432
0.745058
0.743278
0.749779
0.746373
0.749515
0.745598
0.744333
0.73763
0.751295
0.745462
0.742886
0.748821
0.745746
0.749251
0.747263
0.743558
0.736802
0.750725
0.745407
0.743128
0.748633
0.745949
0.749086
0.746308
0.743861
0.737882
0.75044
0.744652
0.743168
0.748882
0.74556
0.748781
0.7472
0.744383
0.737734
0.751166
0.745773
0.742529
0.749239
0.74576
0.749314
0.746521
0.745466
0.737105
0.752067
0.744374
0.743599
0.749374
0.746435
0.74933
0.74715
0.748111
0.737294
0.749976
0.7458
0.743852
0.748423
0.745811
0.749159
0.745917
0.744923
0.737254
0.750557
0.74475
0.743065
0.749051
0.746339
0.749313
0.747012
0.743302
0.737592
0.750616
0.745386
0.7434
0.748244
0.746351
0.749882
0.746254
0.744481
0.739141
0.750592
0.744444
0.743734
0.748813
0.74548
0.748995
0.746401
0.744114
0.736175
0.75077
0.745013
0.743098
0.74896
0.745419
0.74862
0.7462
0.744346
0.737799
0.751063
0.745291
0.743212
0.748881
0.746248
0.748529
0.746781
0.743383
0.736447
0.750399
0.745149
0.743273
0.748908
0.746228
0.749466
0.746697
0.744192
0.739558
0.752479
0.744962
0.743009
0.748539
0.745646
0.749092
0.746508
0.743498
0.736852
0.75045
0.746236
0.742752
0.748918
0.747688
0.749866
0.747573
0.744778
0.739846
0.751748
0.746247
0.74375
0.749342
0.746363
0.748445
0.746029
0.744537
0.736881
0.751131
0.745227
0.744022
0.748123
0.746478
0.748692
0.745996
0.744402
0.73818
0.750934
0.744154
0.742826
0.748073
0.745462
0.748898
0.746713
0.743115
0.735833
0.750903
0.745351
0.743431
0.748787
0.746357
0.74911
0.746099
0.74417
0.737422
0.75153
0.744882
0.742782
0.74804
0.74632
0.748763
0.747186
0.744006
0.736692
0.750661
0.749076
0.743412
0.748707
0.745883
0.749057
0.746493
0.743887
0.737307
0.75102
0.745085
0.742745
0.747988
0.746429
0.748816
0.747296
0.744734
0.739923
0.751011
0.745985
0.742975
0.748733
0.745521
0.74916
0.746703
0.745102
0.737734
0.751457
0.744329
0.743673
0.749773
0.747067
0.748348
0.747208
0.744599
0.737097
0.75049
0.745681
0.743895
0.748658
0.746085
0.748964
0.74623
0.744573
0.737082
0.750989
0.74538
0.742973
0.749036
0.745994
0.748949
0.747157
0.744019
0.737529
0.750772
0.745435
0.744357
0.748762
0.746476
0.74908
0.746128
0.744554
0.73881
0.750224
0.744502
0.747577
0.748562
0.745524
0.748755
0.74723
0.743709
0.738269
0.7511
0.745934
0.74259
0.748993
0.745774
0.748894
0.745756
0.744156
0.73767
0.751933
0.746061
0.743479
0.748781
0.746106
0.748642
0.746628
0.743532
0.736513
0.750877
0.745175
0.743107
0.748443
0.745886
0.749158
0.746273
0.745677
0.738156
0.750934
0.745122
0.742736
0.748306
0.746432
0.74822
0.747081
0.743598
0.736355
0.751069
0.745509
0.743835
0.750923
0.746055
0.749745
0.747051
0.744488
0.740406
0.752382
0.746279
0.744126
0.749509
0.746753
0.748608
0.746055
0.74499
0.736723
0.750752
0.744807
0.743996
0.748927
0.749787
0.749145
0.745977
0.7443
0.737134
0.750683
0.744455
0.743023
0.747784
0.745934
0.748493
0.746741
0.743426
0.736202
0.750902
0.744851
0.744427
0.749204
0.746534
0.74949
0.745969
0.744386
0.739422
0.750835
0.744849
0.74324
0.748271
0.746768
0.748767
0.746928
0.743747
0.736932
0.751275
0.745596
0.743249
0.748942
0.745858
0.749828
0.746284
0.744028
0.737053
0.7507
0.744559
0.743092
0.749268
0.746789
0.748446
0.746843
0.743894
0.737809
0.750847
0.745454
0.742931
0.748557
0.745718
0.75005
0.746664
0.745466
0.737696
0.751814
0.744072
0.743284
0.751077
0.746191
0.750702
0.748154
0.744005
0.7372
0.750695
0.746443
0.74353
0.748666
0.746043
0.748959
0.746157
0.744573
0.737104
0.751292
0.744989
0.743128
0.749284
0.746726
0.748672
0.746992
0.744586
0.737541
0.750715
0.745793
0.74334
0.748761
0.74604
0.749181
0.746102
0.744366
0.739454
0.75024
0.744289
0.743793
0.748075
0.745591
0.748705
0.746653
0.74513
0.736983
0.751345
0.74545
0.742853
0.748636
0.745723
0.749143
0.746323
0.744554
0.738179
0.751154
0.744535
0.743703
0.749081
0.746013
0.748811
0.746828
0.743463
0.736233
0.750148
0.745359
0.743178
0.748198
0.746156
0.749124
0.746609
0.748155
0.737041
0.750624
0.744899
0.742997
0.749577
0.745919
0.748547
0.746485
0.743542
0.736249
0.751506
0.74589
0.743874
0.748847
0.746051
0.750843
0.747636
0.744666
0.741715
0.751793
0.74586
0.744174
0.749166
0.746424
0.748693
0.7459
0.744766
0.736562
0.750722
0.7454
0.744014
0.749003
0.745843
0.749148
0.746215
0.744021
0.737647
0.751576
0.745014
0.743131
0.748691
0.745999
0.748572
0.746792
0.743418
0.735976
0.750308
0.745014
0.743765
0.748425
0.745798
0.749463
0.7463
0.747325
0.738189
0.750166
0.744386
0.743352
0.747971
0.746009
0.74858
0.747095
0.743627
0.73962
0.752662
0.745836
0.743114
0.74943
0.745952
0.749282
0.746282
0.743119
0.737841
0.750472
0.744684
0.743229
0.748287
0.746195
0.74873
0.747492
0.744457
0.737073
0.750537
0.745501
0.742808
0.748394
0.745799
0.749651
0.74642
0.743905
0.737361
0.751471
0.743985
0.744454
0.748743
0.7468
0.74837
0.746631
0.744003
0.737074
0.750666
0.746198
0.743698
0.748052
0.746327
0.749105
0.745968
0.744973
0.736886
0.751433
0.744981
0.743451
0.749007
0.746028
0.748754
0.747072
0.743743
0.737147
0.750337
0.745329
0.743624
0.748593
0.745593
0.749572
0.746356
0.744603
0.738239
0.750698
0.749189
0.743771
0.748042
0.74561
0.74865
0.747509
0.743578
0.736876
0.750621
0.744613
0.742494
0.748727
0.745946
0.749302
0.746016
0.744768
0.740541
0.750862
0.744607
0.743842
0.749207
0.746138
0.748977
0.746374
0.74335
0.736016
0.75047
0.745265
0.74304
0.748787
0.745969
0.748721
0.747093
0.744451
0.736986
0.751645
0.74532
0.743195
0.748641
0.745942
0.748519
0.746727
0.744578
0.736701
0.753031
0.746692
0.744015
0.74937
0.746554
0.749631
0.747107
0.744714
0.741509
0.751149
0.746097
0.743948
0.748633
0.746032
0.748687
0.746329
0.744047
0.73679
0.751149
0.745283
0.744488
0.751611
0.745454
0.748675
0.745941
0.74447
0.737596
0.751487
0.744693
0.743141
0.748317
0.746011
0.748727
0.746632
0.743857
0.736541
0.751822
0.745959
0.743337
0.74826
0.746238
0.749626
0.74625
0.744614
0.737751
0.751033
0.744768
0.743122
0.748778
0.745837
0.74861
0.747259
0.743992
0.738016
0.7511
0.745551
0.742763
0.748802
0.746192
0.749215
0.746818
0.743659
0.737179
0.750514
0.744702
0.743061
0.748235
0.746389
0.749215
0.747345
0.74316
0.737027
0.750814
0.745335
0.742642
0.749175
0.745496
0.749432
0.74651
0.744903
0.737069
0.751378
0.745504
0.743148
0.749375
0.749857
0.749635
0.747179
0.743353
0.736333
0.750393
0.74519
0.743417
0.74877
0.745457
0.749497
0.74638
0.744317
0.737639
0.751039
0.744643
0.745436
0.747991
0.745926
0.748765
0.747121
0.74681
0.737792
0.751023
0.745185
0.743708
0.748351
0.746214
0.749076
0.746639
0.744571
0.737994
0.751241
0.744264
0.743586
0.748276
0.746224
0.749438
0.746995
0.744078
0.736408
0.750739
0.744842
0.743036
0.748434
0.745653
0.749383
0.745812
0.745077
0.739294
0.75053
0.744361
0.743853
0.749093
0.746059
0.748579
0.74664
0.74356
0.736346
0.750868
0.745889
0.743246
0.748413
0.745687
0.751741
0.748103
0.744131
0.737343
0.751411
0.744682
0.743378
0.74818
0.745681
0.748873
0.746478
0.744595
0.739161
0.75109
0.745478
0.743473
0.749724
0.746371
0.749039
0.747435
0.744473
0.741366
0.751173
0.74564
0.743566
0.748534
0.746566
0.748571
0.745765
0.744272
0.73639
0.750832
0.745291
0.743585
0.74846
0.745899
0.74902
0.74639
0.744181
0.737505
0.751132
0.745332
0.743591
0.748792
0.74599
0.749146
0.746654
0.744525
0.736533
0.750489
0.744483
0.743764
0.748215
0.74621
0.749474
0.746236
0.744495
0.737039
0.750326
0.744642
0.743028
0.748674
0.746111
0.748607
0.747128
0.747632
0.738398
0.751115
0.74529
0.743038
0.748436
0.745982
0.749149
0.746685
0.744075
0.738219
0.750518
0.744552
0.743115
0.748309
0.746399
0.749938
0.746695
0.743953
0.737117
0.751238
0.745932
0.742419
0.748913
0.745368
0.749558
0.7466
0.744796
0.7372
0.752455
0.744412
0.743014
0.749483
0.746993
0.74864
0.747049
0.744212
0.73741
0.750253
0.745631
0.744245
0.749146
0.746217
0.749598
0.746266
0.744186
0.73809
0.750736
0.745287
0.743347
0.748186
0.745691
0.748451
0.747274
0.743625
0.738168
0.75068
0.74589
0.743074
0.748847
0.745988
0.749227
0.746625
0.744547
0.738373
0.754103
0.744613
0.743575
0.748394
0.746265
0.748606
0.746327
0.744431
0.736769
0.750652
0.745058
0.742733
0.748159
0.745863
0.749075
0.745991
0.745417
0.739136
0.750674
0.74433
0.743763
0.748395
0.745517
0.748434
0.746738
0.743467
0.736529
0.750762
0.74509
0.743166
0.748211
0.746394
0.749151
0.746344
0.744808
0.737033
0.751341
0.74526
0.743266
0.749277
0.745692
0.748789
0.746157
0.74542
0.737076
0.751413
0.744835
0.743561
0.749491
0.746085
0.749394
0.746877
0.744354
0.739554
0.750937
0.745749
0.743461
0.748715
0.745795
0.748449
0.745815
0.743223
0.736136
0.751078
0.74849
0.743655
0.748238
0.745941
0.748895
0.746711
0.74384
0.738668
0.751708
0.744639
0.743333
0.748296
0.745762
0.748688
0.746021
0.743943
0.738081
0.750361
0.744752
0.743286
0.74853
0.747732
0.748532
0.745802
0.744773
0.737161
0.750898
0.745205
0.742453
0.74863
0.745815
0.748864
0.747724
0.744226
0.73726
0.750849
0.745598
0.743286
0.748723
0.745858
0.749249
0.746425
0.743768
0.737809
0.750155
0.744472
0.743031
0.748469
0.746274
0.748584
0.747396
0.74404
0.738242
0.750989
0.746381
0.742831
0.749246
0.745637
0.749568
0.74659
0.744745
0.73741
0.752108
0.744195
0.745128
0.752119
0.745993
0.748185
0.746962
0.744718
0.737232
0.750246
0.745913
0.74412
0.749421
0.746302
0.748853
0.745993
0.74487
0.737739
0.750789
0.745875
0.744244
0.748558
0.745641
0.748782
0.746986
0.743492
0.738168
0.750626
0.745495
0.743617
0.74863
0.746473
0.749201
0.746655
0.744753
0.738217
0.750618
0.744543
0.743818
0.749617
0.746356
0.748814
0.746701
0.743693
0.736262
0.750431
0.744969
0.743144
0.748682
0.745862
0.749305
0.745545
0.743971
0.737779
0.750447
0.744561
0.74391
0.748447
0.74541
0.748519
0.746428
0.743336
0.736254
0.750579
0.744614
0.743375
0.748564
0.750392
0.75003
0.745969
0.744815
0.738146
0.751744
0.74533
0.743433
0.749111
0.745738
0.748901
0.748227
0.744208
0.73792
0.750418
0.745002
0.745475
0.748559
0.74657
0.749518
0.747124
0.744489
0.739847
0.752166
0.746495
0.743626
0.748743
0.746267
0.748934
0.746199
0.744553
0.736679
0.750882
0.745587
0.74417
0.748443
0.746519
0.748937
0.746053
0.744216
0.738329
0.750641
0.744547
0.743239
0.748269
0.74599
0.748641
0.746236
0.743922
0.736752
0.750727
0.745223
0.743316
0.749104
0.745692
0.7498
0.745955
0.744487
0.737615
0.750967
0.744861
0.742852
0.74862
0.745905
0.751118
0.748912
0.743652
0.73701
0.750903
0.745408
0.743402
0.748447
0.745939
0.749452
0.746127
0.743716
0.737947
0.750619
0.744379
0.743083
0.749135
0.746205
0.748662
0.7474
0.744274
0.738072
0.751253
0.746036
0.742559
0.748815
0.745554
0.749543
0.746484
0.746877
0.737075
0.751994
0.744181
0.743542
0.74932
0.746357
0.748802
0.746817
0.744881
0.737498
0.750682
0.745774
0.743999
0.748569
0.745971
0.74916
0.745808
0.744494
0.736634
0.750965
0.745047
0.742883
0.749287
0.745692
0.748379
0.747382
0.743713
0.737657
0.750795
0.745339
0.743704
0.748279
0.746116
0.749427
0.746707
0.747673
0.738681
0.750483
0.744571
0.744041
0.749425
0.74553
0.748218
0.746517
0.744047
0.736282
0.750529
0.745196
0.743019
0.74865
0.745233
0.750052
0.745706
0.744007
0.738088
0.750793
0.744812
0.743334
0.748719
0.7461
0.748699
0.746842
0.743759
0.73619
0.750584
0.744921
0.743124
0.748788
0.746275
0.749347
0.746665
0.745016
0.738202
0.750734
0.745224
0.743263
0.748737
0.746298
0.748024
0.746443
0.743964
0.736831
0.750399
0.747007
0.743048
0.748714
0.745857
0.749207
0.747142
0.743814
0.740289
0.751947
0.746078
0.743484
0.748897
0.74599
0.74829
0.745969
0.744761
0.737545
0.754558
0.745655
0.743923
0.748113
0.745804
0.749544
0.74592
0.744347
0.73819
0.751137
0.744544
0.743173
0.747936
0.745804
0.748936
0.74746
0.744207
0.736066
0.750907
0.744823
0.743905
0.748567
0.745849
0.749384
0.745679
0.744157
0.737019
0.750882
0.745088
0.743035
0.747898
0.74614
0.749149
0.74691
0.74407
0.736982
0.750148
0.74497
0.742935
0.748814
0.745686
0.749874
0.746292
0.74384
0.737326
0.75031
0.745316
0.743138
0.748601
0.74606
0.748269
0.747491
0.744114
0.738161
0.75112
0.745488
0.743108
0.748505
0.745511
0.749139
0.74968
0.745107
0.737501
0.751752
0.747984
0.743259
0.749404
0.746031
0.748806
0.746809
0.744551
0.737576
0.750711
0.74588
0.744082
0.7484
0.746385
0.749084
0.746141
0.744913
0.739008
0.75092
0.745455
0.742809
0.749082
0.745438
0.748488
0.747577
0.744274
0.737833
0.750248
0.745489
0.743942
0.748373
0.746239
0.749475
0.746999
0.74405
0.738954
0.750207
0.744307
0.743793
0.748344
0.745802
0.748307
0.7469
0.743917
0.736804
0.750778
0.74595
0.742899
0.74915
0.745979
0.749031
0.745982
0.744301
0.737721
0.750733
0.744414
0.743437
0.748573
0.745985
0.748924
0.74687
0.743656
0.736377
0.7503
0.745647
0.744447
0.751582
0.745777
0.749185
0.746309
0.744183
0.737907
0.750818
0.744683
0.742848
0.749037
0.748077
0.748353
0.746777
0.743191
0.736396
0.751499
0.74644
0.744174
0.748518
0.746612
0.749265
0.747519
0.744789
0.740009
0.751489
0.745819
0.744216
0.74929
0.746411
0.748755
0.746243
0.744848
0.736892
0.750539
0.745519
0.743906
0.748282
0.746029
0.748872
0.745911
0.744008
0.737738
0.750888
0.74483
0.743028
0.748089
0.745649
0.749205
0.748177
0.743098
0.736085
0.750774
0.745429
0.743058
0.749229
0.746484
0.74944
0.746174
0.744743
0.738325
0.750535
0.744895
0.743243
0.747965
0.750805
0.74939
0.746984
0.743535
0.737399
0.750285
0.745455
0.74295
0.748704
0.745431
0.749505
0.745978
0.743924
0.737073
0.750716
0.744617
0.744333
0.749061
0.746426
0.749022
0.747232
0.744001
0.737531
0.750779
0.745648
0.743058
0.74827
0.745451
0.749825
0.746561
0.745595
0.737683
0.751565
0.744274
0.743616
0.749305
0.746484
0.748653
0.747057
0.744119
0.737268
0.751021
0.74636
0.743361
0.748928
0.746198
0.749241
0.74618
0.74474
0.737326
0.75111
0.745287
0.742705
0.748993
0.745731
0.749115
0.750195
0.743792
0.737005
0.750637
0.745537
0.743622
0.748618
0.745877
0.751604
0.747971
0.744178
0.738759
0.750284
0.744236
0.744346
0.748116
0.745675
0.748854
0.746913
0.743802
0.736979
0.750753
0.745602
0.74323
0.74904
0.746269
0.749048
0.746207
0.744755
0.738012
0.75111
0.744572
0.74373
0.748786
0.745985
0.748682
0.746794
0.743368
0.735987
0.750224
0.745196
0.743375
0.748615
0.745735
0.749323
0.746129
0.74428
0.737334
0.750869
0.744563
0.743105
0.75039
0.745488
0.749092
0.746875
0.743507
0.736335
0.751321
0.74499
0.742733
0.748781
0.74571
0.749153
0.747583
0.744892
0.742014
0.751961
0.746482
0.744119
0.749208
0.746132
0.748715
0.745631
0.748961
0.736373
0.751125
0.745753
0.743663
0.748889
0.745934
0.748635
0.746277
0.743912
0.737628
0.751448
0.744662
0.743127
0.748463
0.74644
0.749538
0.747185
0.743376
0.736488
0.75089
0.744523
0.743575
0.748265
0.746045
0.74988
0.746138
0.744716
0.738697
0.750699
0.744509
0.743021
0.748711
0.746073
0.748299
0.747074
0.74413
0.737865
0.750713
0.746122
0.74293
0.749313
0.745994
0.749317
0.746098
0.743585
0.737294
0.750778
0.744643
0.743154
0.748772
0.746677
0.748805
0.74731
0.743876
0.737697
0.75079
0.745635
0.742157
0.748219
0.745982
0.749858
0.746351
0.744757
0.738709
0.754634
0.74399
0.743461
0.748659
0.746527
0.748593
0.746872
0.743816
0.736759
0.750674
0.745722
0.743523
0.748539
0.746418
0.749042
0.746622
0.745632
0.736936
0.750406
0.745012
0.743179
0.748081
0.746137
0.749063
0.747069
0.744388
0.737235
0.749732
0.745423
0.743715
0.748681
0.746275
0.749241
0.746262
0.744077
0.738132
0.750437
0.744142
0.743415
0.747704
0.74605
0.748353
0.746905
0.743643
0.736649
0.750839
0.745168
0.742576
0.749017
0.745544
0.749061
0.745748
0.7447
0.738895
0.750586
0.744478
0.74386
0.748908
0.745142
0.748794
0.746001
0.743121
0.735845
0.750729
0.749397
0.742607
0.748598
0.745577
0.749207
0.746181
0.744216
0.737817
0.751834
0.746387
0.742844
0.749019
0.748456
0.748363
0.746618
0.744474
0.737788
0.75186
0.745767
0.74335
0.749418
0.746237
0.749231
0.747853
0.745053
0.741176
0.751095
0.746285
0.743931
0.748648
0.74642
0.748904
0.746369
0.744367
0.736819
0.751066
0.745333
0.743516
0.748609
0.745608
0.748785
0.746515
0.744835
0.738235
0.751099
0.745113
0.743014
0.748442
0.746648
0.748379
0.746777
0.743502
0.737666
0.750416
0.745045
0.742818
0.748587
0.745907
0.749211
0.746062
0.744144
0.738286
0.750601
0.744745
0.744215
0.751334
0.745798
