2.87063
2.12902
1.48741
1.03427
0.73424
0.535192
0.399152
-0.343354
-0.335216
-0.32669
-0.318114
-0.309724
-0.301667
-0.294017
-0.286798
-0.280002
-0.273603
-0.267572
-0.261878
-0.256494
-0.251396
-0.246563
-0.241974
-0.237612
-0.233458
-0.229493
-0.225703
-0.222069
-0.218577
-0.215214
-0.211966
-0.208822
-0.205773
-0.202812
-0.19993
-0.197122
-0.194383
-0.191709
-0.189097
-0.186544
-0.184048
-0.181605
-0.179215
-0.176876
-0.174586
-0.172344
-0.170148
-0.167997
-0.16589
-0.163825
-0.161802
-0.159819
-0.157875
-0.15597
-0.154101
-0.152268
-0.15047
-0.148706
-0.146976
-0.145277
-0.14361
-0.141974
-0.140367
-0.138789
-0.137239
-0.135717
-0.134222
-0.132752
-0.131308
-0.129888
-0.128492
-0.12712
-0.125771
-0.124444
-0.123139
-0.121855
-0.120591
-0.119348
-0.118125
-0.116921
-0.115736
-0.114569
-0.11342
-0.112289
-0.111176
-0.110078
-0.108998
-0.107933
-0.106884
-0.105851
-0.104833
-0.103829
-0.10284
-0.101865
-0.100903
-0.0999557
-0.0990214
-0.0981
-0.0971914
-0.0962954
-0.0954116
-0.0945398
-0.0936799
-0.0928314
-0.0919944
-0.0911684
-0.0903534
-0.0895491
-0.0887553
-0.0879718
-0.0871984
-0.086435
-0.0856813
-0.0849373
-0.0842026
-0.0834772
-0.0827608
-0.0820534
-0.0813547
-0.0806646
-0.079983
-0.0793098
-0.0786447
-0.0779876
-0.0773385
-0.0766971
-0.0760634
-0.0754373
-0.0748185
-0.074207
-0.0736027
-0.0730054
-0.0724151
-0.0718315
-0.0712548
-0.0706846
-0.0701209
-0.0695637
-0.0690128
-0.068468
-0.0679294
-0.0673969
-0.0668703
-0.0663495
-0.0658345
-0.0653251
-0.0648214
-0.0643231
-0.0638303
-0.0633428
-0.0628606
-0.0623836
-0.0619117
-0.0614448
-0.0609829
-0.060526
-0.0600738
-0.0596264
-0.0591837
-0.0587456
-0.0583121
-0.0578831
-0.0574586
-0.0570384
-0.0566225
-0.0562109
-0.0558035
-0.0554002
-0.055001
-0.0546059
-0.0542147
-0.0538274
-0.053444
-0.0530645
-0.0526886
-0.0523166
-0.0519482
-0.0515834
-0.0512221
-0.0508645
-0.0505102
-0.0501595
-0.0498121
-0.0494681
-0.0491273
-0.0487899
-0.0484557
-0.0481246
-0.0477967
-0.0474719
-0.0471502
-0.0468314
-0.0465157
-0.0462029
-0.0458931
-0.0455861
-0.045282
-0.0449806
-0.0446821
-0.0443863
-0.0440932
-0.0438027
-0.0435149
-0.0432298
-0.0429472
-0.0426671
-0.0423896
-0.0421146
-0.041842
-0.0415719
-0.0413042
-0.0410388
-0.0407758
-0.0405151
-0.0402568
-0.0400006
-0.0397468
-0.0394951
-0.0392457
-0.0389984
-0.0387532
-0.0385102
-0.0382693
-0.0380304
-0.0377936
-0.0375588
-0.037326
-0.0370952
-0.0368664
-0.0366395
-0.0364145
-0.0361915
-0.0359702
-0.0357509
-0.0355334
-0.0353177
-0.0351038
-0.0348917
-0.0346813
-0.0344727
-0.0342658
-0.0340606
-0.033857
-0.0336552
-0.033455
-0.0332564
-0.0330595
-0.0328641
-0.0326703
-0.0324781
-0.0322875
-0.0320984
-0.0319108
-0.0317247
-0.03154
-0.0313569
-0.0311752
-0.030995
-0.0308162
-0.0306387
-0.0304627
-0.0302883
-0.0301157
-0.0299445
-0.0297746
-0.029606
-0.0294388
-0.0292728
-0.0291082
-0.0289448
-0.0287826
-0.0286217
-0.028462
-0.0283036
-0.0281464
-0.0279903
-0.0278355
-0.0276818
-0.0275293
-0.0273779
-0.0272277
-0.0270786
-0.0269307
-0.0267838
-0.0266381
-0.0264934
-0.0263498
-0.0262073
-0.0260658
-0.0259254
-0.0257861
-0.0256477
-0.0255104
-0.0253741
-0.0252388
-0.0251044
-0.0249711
-0.0248387
-0.0247073
-0.0245768
-0.0244473
-0.0243188
-0.0241911
-0.0240644
-0.0239386
-0.0238137
-0.0236896
-0.0235665
-0.0234443
-0.0233229
-0.0232024
-0.0230827
-0.0229639
-0.0228459
-0.0227288
-0.0226124
-0.0224969
-0.0223822
-0.0222683
-0.0221552
-0.0220429
-0.0219314
-0.0218206
-0.0217106
-0.0216014
-0.0214929
-0.0213852
-0.0212782
-0.0211719
-0.0210664
-0.0209615
-0.0208574
-0.020754
-0.0206513
-0.0205493
-0.020448
-0.0203474
-0.0202474
-0.0201481
-0.0200495
-0.0199515
-0.0198542
-0.0197575
-0.0196615
-0.0195661
-0.0194713
-0.0193771
-0.0192836
-0.0191907
-0.0190984
-0.0190067
-0.0189156
-0.018825
-0.0187351
-0.0186457
-0.018557
-0.0184687
-0.0183811
-0.018294
-0.0182075
-0.0181215
-0.0180361
-0.0179512
-0.0178668
-0.017783
-0.0176997
-0.0176169
-0.0175346
-0.0174529
-0.0173716
-0.0172909
-0.0172106
-0.0171309
-0.0170516
-0.0169729
-0.0168946
-0.0168168
-0.0167394
-0.0166626
-0.0165862
-0.0165102
-0.0164347
-0.0163597
-0.0162851
-0.016211
-0.0161373
-0.016064
-0.0159912
-0.0159188
-0.0158468
-0.0157753
-0.0157041
-0.0156334
-0.0155631
-0.0154932
-0.0154237
-0.0153546
-0.0152859
-0.0152176
-0.0151497
-0.0150822
-0.0150151
-0.0149483
-0.0148819
-0.0148159
-0.0147502
-0.014685
-0.0146201
-0.0145555
-0.0144913
-0.0144275
-0.014364
-0.0143009
-0.0142381
-0.0141756
-0.0141135
-0.0140517
-0.0139903
-0.0139292
-0.0138684
-0.013808
-0.0137478
-0.013688
-0.0136285
-0.0135693
-0.0135105
-0.0134519
-0.0133937
-0.0133357
-0.0132781
-0.0132207
-0.0131637
-0.0131069
-0.0130504
-0.0129943
-0.0129384
-0.0128828
-0.0128274
-0.0127724
-0.0127176
-0.0126631
-0.0126089
-0.012555
-0.0125013
-0.0124479
-0.0123947
-0.0123418
-0.0122892
-0.0122368
-0.0121847
-0.0121328
-0.0120812
-0.0120299
-0.0119787
-0.0119279
-0.0118772
-0.0118269
-0.0117767
-0.0117268
-0.0116771
-0.0116277
-0.0115785
-0.0115295
-0.0114808
-0.0114323
-0.011384
-0.0113359
-0.011288
-0.0112404
-0.011193
-0.0111458
-0.0110988
-0.0110521
-0.0110055
-0.0109592
-0.010913
-0.0108671
-0.0108214
-0.0107759
-0.0107306
-0.0106854
-0.0106405
-0.0105958
-0.0105513
-0.010507
-0.0104629
-0.0104189
-0.0103752
-0.0103316
-0.0102883
-0.0102451
-0.0102021
-0.0101593
-0.0101167
-0.0100742
-0.010032
-0.0099899
-0.00994801
-0.00990629
-0.00986475
-0.00982339
-0.0097822
-0.00974119
-0.00970035
-0.00965968
-0.00961917
-0.00957884
-0.00953867
-0.00949867
-0.00945883
-0.00941916
-0.00937965
-0.0093403
-0.00930111
-0.00926208
-0.00922322
-0.00918451
-0.00914596
-0.00910756
-0.00906932
-0.00903124
-0.00899331
-0.00895554
-0.00891791
-0.00888044
-0.00884312
-0.00880595
-0.00876892
-0.00873205
-0.00869532
-0.00865874
-0.00862231
-0.00858602
-0.00854987
-0.00851387
-0.00847801
-0.00844229
-0.00840671
-0.00837127
-0.00833598
-0.00830082
-0.0082658
-0.00823092
-0.00819618
-0.00816157
-0.0081271
-0.00809276
-0.00805855
-0.00802448
-0.00799054
-0.00795674
-0.00792306
-0.00788952
-0.0078561
-0.00782282
-0.00778966
-0.00775663
-0.00772373
-0.00769096
-0.00765832
-0.0076258
-0.0075934
-0.00756114
-0.00752899
-0.00749698
-0.00746508
-0.00743331
-0.00740166
-0.00737013
-0.00733873
-0.00730744
-0.00727627
-0.00724522
-0.0072143
-0.00718349
-0.0071528
-0.00712222
-0.00709177
-0.00706143
-0.00703121
-0.0070011
-0.00697111
-0.00694123
-0.00691147
-0.00688182
-0.00685229
-0.00682287
-0.00679356
-0.00676437
-0.00673528
-0.00670631
-0.00667745
-0.0066487
-0.00662007
-0.00659154
-0.00656312
-0.00653481
-0.0065066
-0.00647851
-0.00645052
-0.00642264
-0.00639487
-0.00636721
-0.00633965
-0.00631219
-0.00628485
-0.0062576
-0.00623047
-0.00620343
-0.0061765
-0.00614968
-0.00612296
-0.00609634
-0.00606982
-0.00604341
-0.00601709
-0.00599088
-0.00596477
-0.00593877
-0.00591286
-0.00588705
-0.00586134
-0.00583574
-0.00581023
-0.00578482
-0.00575951
-0.0057343
-0.00570918
-0.00568416
-0.00565924
-0.00563442
-0.0056097
-0.00558506
-0.00556053
-0.00553609
-0.00551175
-0.0054875
-0.00546335
-0.00543929
-0.00541532
-0.00539145
-0.00536768
-0.00534399
-0.0053204
-0.0052969
-0.0052735
-0.00525018
-0.00522696
-0.00520383
-0.00518079
-0.00515784
-0.00513498
-0.00511221
-0.00508954
-0.00506695
-0.00504445
-0.00502204
-0.00499972
-0.00497749
-0.00495534
-0.00493329
-0.00491132
-0.00488944
-0.00486765
-0.00484594
-0.00482432
-0.00480279
-0.00478134
-0.00475998
-0.0047387
-0.00471751
-0.00469641
-0.00467539
-0.00465445
-0.0046336
-0.00461283
-0.00459214
-0.00457154
-0.00455102
-0.00453059
-0.00451024
-0.00448997
-0.00446978
-0.00444968
-0.00442968
-0.00440977
-0.00438993
-0.00437017
-0.0043505
-0.0043309
-0.00431138
-0.00429195
-0.00427259
-0.00425331
-0.00423411
-0.00421499
-0.00419594
-0.00417698
-0.00415809
-0.00413928
-0.00412055
-0.00410189
-0.00408331
-0.00406481
-0.00404638
-0.00402803
-0.00400976
-0.00399156
-0.00397344
-0.00395539
-0.00393742
-0.00391952
-0.0039017
-0.00388395
-0.00386628
-0.00384868
-0.00383115
-0.00381369
-0.00379631
-0.003779
-0.00376176
-0.0037446
-0.00372751
-0.00371048
-0.00369353
-0.00367665
-0.00365984
-0.0036431
-0.00362643
-0.00360983
-0.0035933
-0.00357684
-0.00356045
-0.00354412
-0.00352787
-0.00351168
-0.00349557
-0.00347952
-0.00346354
-0.00344762
-0.00343178
-0.003416
-0.00340028
-0.00338464
-0.00336906
-0.00335354
-0.0033381
-0.00332271
-0.0033074
-0.00329215
-0.00327696
-0.00326184
-0.00324678
-0.00323179
-0.00321686
-0.003202
-0.0031872
-0.00317246
-0.00315779
-0.00314318
-0.00312863
-0.00311414
-0.00309972
-0.00308536
-0.00307106
-0.00305682
-0.00304264
-0.00302853
-0.00301448
-0.00300048
-0.00298655
-0.00297268
-0.00295887
-0.00294511
-0.00293142
-0.00291779
-0.00290421
-0.0028907
-0.00287724
-0.00286385
-0.00285051
-0.00283723
-0.002824
-0.00281084
-0.00279773
-0.00278468
-0.00277169
-0.00275875
-0.00274587
-0.00273305
-0.00272028
-0.00270757
-0.00269492
-0.00268232
-0.00266978
-0.00265729
-0.00264485
-0.00263248
-0.00262015
-0.00260788
-0.00259567
-0.00258351
-0.0025714
-0.00255934
-0.00254734
-0.00253539
-0.0025235
-0.00251166
-0.00249987
-0.00248813
-0.00247645
-0.00246481
-0.00245323
-0.0024417
-0.00243022
-0.0024188
-0.00240742
-0.00239609
-0.00238482
-0.00237359
-0.00236242
-0.00235129
-0.00234022
-0.00232919
-0.00231822
-0.00230729
-0.00229641
-0.00228558
-0.0022748
-0.00226407
-0.00225339
-0.00224275
-0.00223216
-0.00222162
-0.00221113
-0.00220068
-0.00219029
-0.00217993
-0.00216963
-0.00215937
-0.00214916
-0.00213899
-0.00212887
-0.0021188
-0.00210877
-0.00209879
-0.00208885
-0.00207895
-0.00206911
-0.0020593
-0.00204954
-0.00203983
-0.00203016
-0.00202053
-0.00201095
-0.00200141
-0.00199191
-0.00198246
-0.00197305
-0.00196368
-0.00195436
-0.00194508
-0.00193584
-0.00192664
-0.00191748
-0.00190837
-0.0018993
-0.00189027
-0.00188128
-0.00187233
-0.00186342
-0.00185456
-0.00184573
-0.00183694
-0.0018282
-0.0018195
-0.00181083
-0.0018022
-0.00179362
-0.00178507
-0.00177657
-0.0017681
-0.00175967
-0.00175128
-0.00174293
-0.00173462
-0.00172634
-0.0017181
-0.00170991
-0.00170174
-0.00169362
-0.00168554
-0.00167749
-0.00166948
-0.0016615
-0.00165357
-0.00164567
-0.0016378
-0.00162997
-0.00162218
-0.00161443
-0.00160671
-0.00159902
-0.00159138
-0.00158376
-0.00157619
-0.00156864
-0.00156114
-0.00155366
-0.00154623
-0.00153882
-0.00153145
-0.00152412
-0.00151682
-0.00150955
-0.00150232
-0.00149512
-0.00148796
-0.00148082
-0.00147372
-0.00146666
-0.00145963
-0.00145263
-0.00144566
-0.00143872
-0.00143182
-0.00142495
-0.00141811
-0.00141131
-0.00140453
-0.00139779
-0.00139108
-0.0013844
-0.00137775
-0.00137113
-0.00136454
-0.00135799
-0.00135146
-0.00134497
-0.0013385
-0.00133207
-0.00132566
-0.00131929
-0.00131295
-0.00130663
-0.00130035
-0.00129409
-0.00128787
-0.00128167
-0.0012755
-0.00126936
-0.00126326
-0.00125717
-0.00125112
-0.0012451
-0.0012391
-0.00123314
-0.0012272
-0.00122128
-0.0012154
-0.00120955
-0.00120372
-0.00119792
-0.00119214
-0.0011864
-0.00118068
-0.00117499
-0.00116932
-0.00116368
-0.00115807
-0.00115249
-0.00114693
-0.00114139
-0.00113589
-0.00113041
-0.00112495
-0.00111952
-0.00111412
-0.00110874
-0.00110339
-0.00109806
-0.00109276
-0.00108748
-0.00108223
-0.00107701
-0.0010718
-0.00106663
-0.00106147
-0.00105635
-0.00105124
-0.00104616
-0.0010411
-0.00103607
-0.00103106
-0.00102608
-0.00102112
-0.00101618
-0.00101127
-0.00100638
-0.00100151
-0.000996667
-0.000991846
-0.000987048
-0.000982273
-0.00097752
-0.00097279
-0.000968083
-0.000963397
-0.000958735
-0.000954094
-0.000949475
-0.000944879
-0.000940304
-0.000935751
-0.000931219
-0.000926709
-0.000922221
-0.000917754
-0.000913309
-0.000908884
-0.000904481
-0.000900099
-0.000895737
-0.000891396
-0.000887076
-0.000882776
-0.000878497
-0.000874239
-0.00087
-0.000865782
-0.000861584
-0.000857407
-0.000853249
-0.000849111
-0.000844992
-0.000840894
-0.000836815
-0.000832755
-0.000828715
-0.000824695
-0.000820693
-0.000816711
-0.000812747
-0.000808803
-0.000804877
-0.000800971
-0.000797082
-0.000793213
-0.000789362
-0.000785529
-0.000781715
-0.000777919
-0.000774142
-0.000770382
-0.00076664
-0.000762917
-0.000759211
-0.000755523
-0.000751852
-0.000748199
-0.000744564
-0.000740946
-0.000737345
-0.000733762
-0.000730195
-0.000726646
-0.000723114
-0.000719599
-0.000716101
-0.000712619
-0.000709154
-0.000705706
-0.000702275
-0.00069886
-0.000695461
-0.000692079
-0.000688712
-0.000685362
-0.000682028
-0.00067871
-0.000675408
-0.000672122
-0.000668852
-0.000665598
-0.000662359
-0.000659135
-0.000655927
-0.000652735
-0.000649558
-0.000646396
-0.000643249
-0.000640118
-0.000637001
-0.0006339
-0.000630813
-0.000627742
-0.000624685
-0.000621643
-0.000618615
-0.000615602
-0.000612604
-0.00060962
-0.00060665
-0.000603695
-0.000600754
-0.000597827
-0.000594914
-0.000592015
-0.000589131
-0.00058626
-0.000583403
-0.00058056
-0.00057773
-0.000574914
-0.000572112
-0.000569323
-0.000566547
-0.000563785
-0.000561037
-0.000558301
-0.000555579
-0.00055287
-0.000550174
-0.000547491
-0.000544821
-0.000542164
-0.00053952
-0.000536888
-0.000534269
-0.000531663
-0.000529069
-0.000526488
-0.00052392
-0.000521363
-0.000518819
-0.000516288
-0.000513769
-0.000511261
-0.000508766
-0.000506283
-0.000503812
-0.000501353
-0.000498906
-0.000496471
-0.000494047
-0.000491635
-0.000489235
-0.000486846
-0.000484469
-0.000482104
-0.00047975
-0.000477407
-0.000475076
-0.000472756
-0.000470447
-0.000468149
-0.000465863
-0.000463587
-0.000461323
-0.000459069
-0.000456826
-0.000454595
-0.000452374
-0.000450163
-0.000447964
-0.000445775
-0.000443597
-0.000441429
-0.000439272
-0.000437125
-0.000434989
-0.000432863
-0.000430747
-0.000428642
-0.000426546
-0.000424461
-0.000422386
-0.000420322
-0.000418267
-0.000416222
-0.000414187
-0.000412162
-0.000410146
-0.000408141
-0.000406145
-0.000404159
-0.000402182
-0.000400215
-0.000398258
-0.00039631
-0.000394371
-0.000392442
-0.000390523
-0.000388612
-0.000386711
-0.000384819
-0.000382937
-0.000381063
-0.000379199
-0.000377343
-0.000375497
-0.000373659
-0.000371831
-0.000370011
-0.0003682
-0.000366398
-0.000364606
-0.000362821
-0.000361045
-0.000359277
-0.000357518
-0.000355768
-0.000354027
-0.000352294
-0.000350569
-0.000348853
-0.000347145
-0.000345445
-0.000343754
-0.000342071
-0.000340395
-0.000338728
-0.00033707
-0.000335419
-0.000333776
-0.000332142
-0.000330515
-0.000328896
-0.000327285
-0.000325682
-0.000324086
-0.000322499
-0.000320919
-0.000319347
-0.000317782
-0.000316225
-0.000314676
-0.000313134
-0.0003116
-0.000310073
-0.000308554
-0.000307042
-0.000305537
-0.00030404
-0.00030255
-0.000301067
-0.000299592
-0.000298123
-0.000296662
-0.000295208
-0.000293761
-0.000292321
-0.000290888
-0.000289462
-0.000288043
-0.000286631
-0.000285225
-0.000283827
-0.000282435
-0.000281051
-0.000279672
-0.000278301
-0.000276936
-0.000275578
-0.000274227
-0.000272882
-0.000271544
-0.000270212
-0.000268886
-0.000267567
-0.000266255
-0.000264949
-0.000263649
-0.000262356
-0.000261069
-0.000259788
-0.000258514
-0.000257245
-0.000255983
-0.000254727
-0.000253477
-0.000252234
-0.000250996
-0.000249764
-0.000248539
-0.000247319
-0.000246105
-0.000244898
-0.000243696
-0.0002425
-0.000241309
-0.000240125
-0.000238946
-0.000237774
-0.000236606
-0.000235445
-0.000234289
-0.000233139
-0.000231995
-0.000230856
-0.000229722
-0.000228595
-0.000227472
-0.000226355
-0.000225244
-0.000224138
-0.000223038
-0.000221943
-0.000220853
-0.000219768
-0.000218689
-0.000217615
-0.000216546
-0.000215483
-0.000214425
-0.000213372
-0.000212324
-0.000211281
-0.000210243
-0.00020921
-0.000208183
-0.00020716
-0.000206142
-0.00020513
-0.000204122
-0.000203119
-0.000202121
-0.000201128
-0.00020014
-0.000199157
-0.000198178
-0.000197205
-0.000196236
-0.000195271
-0.000194312
-0.000193357
-0.000192407
-0.000191461
-0.00019052
-0.000189584
-0.000188652
-0.000187725
-0.000186802
-0.000185884
-0.000184971
-0.000184062
-0.000183157
-0.000182256
-0.000181361
-0.000180469
-0.000179582
-0.000178699
-0.000177821
-0.000176946
-0.000176076
-0.000175211
-0.000174349
-0.000173492
-0.000172639
-0.00017179
-0.000170946
-0.000170105
-0.000169269
-0.000168436
-0.000167608
-0.000166784
-0.000165963
-0.000165147
-0.000164335
-0.000163527
-0.000162723
-0.000161922
-0.000161126
-0.000160333
-0.000159545
-0.00015876
-0.000157979
-0.000157202
-0.000156429
-0.000155659
-0.000154893
-0.000154131
-0.000153373
-0.000152619
-0.000151868
-0.000151121
-0.000150377
-0.000149637
-0.000148901
-0.000148168
-0.000147439
-0.000146714
-0.000145992
-0.000145273
-0.000144559
-0.000143847
-0.000143139
-0.000142435
-0.000141734
-0.000141036
-0.000140342
-0.000139652
-0.000138964
-0.00013828
-0.0001376
-0.000136922
-0.000136249
-0.000135578
-0.00013491
-0.000134246
-0.000133586
-0.000132928
-0.000132274
-0.000131622
-0.000130974
-0.00013033
-0.000129688
-0.00012905
-0.000128414
-0.000127782
-0.000127153
-0.000126527
-0.000125904
-0.000125284
-0.000124667
-0.000124053
-0.000123442
-0.000122834
-0.000122229
-0.000121628
-0.000121029
-0.000120433
-0.00011984
-0.000119249
-0.000118662
-0.000118078
-0.000117496
-0.000116918
-0.000116342
-0.000115769
-0.000115199
-0.000114631
-0.000114067
-0.000113505
-0.000112946
-0.000112389
-0.000111835
-0.000111284
-0.000110736
-0.00011019
-0.000109648
-0.000109107
-0.00010857
-0.000108035
-0.000107503
-0.000106973
-0.000106446
-0.000105922
-0.0001054
-0.000104881
-0.000104364
-0.00010385
-0.000103338
-0.000102829
-0.000102322
-0.000101818
-0.000101316
-0.000100817
-0.00010032
-9.98252e-05
-9.93332e-05
-9.88436e-05
-9.83564e-05
-9.78716e-05
-9.73892e-05
-9.69091e-05
-9.64315e-05
-9.59561e-05
-9.54831e-05
-9.50125e-05
-9.45441e-05
-9.4078e-05
-9.36143e-05
-9.31528e-05
-9.26936e-05
-9.22366e-05
-9.17819e-05
-9.13295e-05
-9.08792e-05
-9.04312e-05
-8.99853e-05
-8.95417e-05
-8.91002e-05
-8.8661e-05
-8.82238e-05
-8.77889e-05
-8.7356e-05
-8.69253e-05
-8.64967e-05
-8.60702e-05
-8.56458e-05
-8.52235e-05
-8.48033e-05
-8.43851e-05
-8.3969e-05
-8.3555e-05
-8.31429e-05
-8.27329e-05
-8.23249e-05
-8.19189e-05
-8.1515e-05
-8.1113e-05
-8.07129e-05
-8.03149e-05
-7.99188e-05
-7.95246e-05
-7.91324e-05
-7.87421e-05
-7.83537e-05
-7.79673e-05
-7.75827e-05
-7.72e-05
-7.68193e-05
-7.64403e-05
-7.60633e-05
-7.56881e-05
-7.53147e-05
-7.49432e-05
-7.45735e-05
-7.42057e-05
-7.38396e-05
-7.34753e-05
-7.31129e-05
-7.27522e-05
-7.23933e-05
-7.20361e-05
-7.16807e-05
-7.13271e-05
-7.09752e-05
-7.0625e-05
-7.02765e-05
-6.99298e-05
-6.95847e-05
-6.92414e-05
-6.88997e-05
-6.85598e-05
-6.82215e-05
-6.78848e-05
-6.75499e-05
-6.72165e-05
-6.68848e-05
-6.65548e-05
-6.62263e-05
-6.58995e-05
-6.55743e-05
-6.52507e-05
-6.49286e-05
-6.46082e-05
-6.42894e-05
-6.39721e-05
-6.36563e-05
-6.33421e-05
-6.30295e-05
-6.27184e-05
-6.24088e-05
-6.21008e-05
-6.17943e-05
-6.14892e-05
-6.11857e-05
-6.08837e-05
-6.05832e-05
-6.02841e-05
-5.99865e-05
-5.96904e-05
-5.93958e-05
-5.91026e-05
-5.88108e-05
-5.85205e-05
-5.82316e-05
-5.79441e-05
-5.7658e-05
-5.73734e-05
-5.70901e-05
-5.68082e-05
-5.65278e-05
-5.62487e-05
-5.59709e-05
-5.56946e-05
-5.54196e-05
-5.5146e-05
-5.48737e-05
-5.46027e-05
-5.43331e-05
-5.40648e-05
-5.37979e-05
-5.35322e-05
-5.32679e-05
-5.30048e-05
-5.27431e-05
-5.24826e-05
-5.22234e-05
-5.19656e-05
-5.17089e-05
-5.14536e-05
-5.11995e-05
-5.09466e-05
-5.0695e-05
-5.04446e-05
-5.01955e-05
-4.99476e-05
-4.97009e-05
-4.94554e-05
-4.92112e-05
-4.89681e-05
-4.87262e-05
-4.84856e-05
-4.82461e-05
-4.80078e-05
-4.77707e-05
-4.75347e-05
-4.72999e-05
-4.70662e-05
-4.68338e-05
-4.66024e-05
-4.63722e-05
-4.61431e-05
-4.59152e-05
-4.56884e-05
-4.54627e-05
-4.52381e-05
-4.50146e-05
-4.47923e-05
-4.4571e-05
-4.43508e-05
-4.41317e-05
-4.39137e-05
-4.36964e-05
-4.34808e-05
-4.32662e-05
-4.30528e-05
-4.28404e-05
-4.2629e-05
-4.24185e-05
-4.2209e-05
-4.20005e-05
-4.1793e-05
-4.15864e-05
-4.13808e-05
-4.11761e-05
-4.09725e-05
-4.07698e-05
-4.05681e-05
-4.03675e-05
-4.01678e-05
-3.99692e-05
-3.97715e-05
-3.95748e-05
-3.93791e-05
-3.91844e-05
-3.89907e-05
-3.8798e-05
-3.86062e-05
-3.84154e-05
-3.82255e-05
-3.80366e-05
-3.78486e-05
-3.76616e-05
-3.74755e-05
-3.72903e-05
-3.7106e-05
-3.69226e-05
-3.67402e-05
-3.65586e-05
-3.6378e-05
-3.61982e-05
-3.60193e-05
-3.58413e-05
-3.56642e-05
-3.5488e-05
-3.53126e-05
-3.51381e-05
-3.49644e-05
-3.47916e-05
-3.46197e-05
-3.44486e-05
-3.42783e-05
-3.41089e-05
-3.39403e-05
-3.37725e-05
-3.36056e-05
-3.34395e-05
-3.32742e-05
-3.31098e-05
-3.29461e-05
-3.27832e-05
-3.26212e-05
-3.24599e-05
-3.22995e-05
-3.21398e-05
-3.19809e-05
-3.18228e-05
-3.16655e-05
-3.15089e-05
-3.13531e-05
-3.11981e-05
-3.10439e-05
-3.08904e-05
-3.07377e-05
-3.05857e-05
-3.04345e-05
-3.0284e-05
-3.01343e-05
-2.99852e-05
-2.9837e-05
-2.96894e-05
-2.95426e-05
-2.93966e-05
-2.92512e-05
-2.91065e-05
-2.89626e-05
-2.88194e-05
-2.86769e-05
-2.85351e-05
-2.8394e-05
-2.82535e-05
-2.81138e-05
-2.79748e-05
-2.78364e-05
-2.76988e-05
-2.75618e-05
-2.74255e-05
-2.72898e-05
-2.71549e-05
-2.70206e-05
-2.68869e-05
-2.67539e-05
-2.66216e-05
-2.649e-05
-2.63589e-05
-2.62286e-05
-2.60988e-05
-2.59698e-05
-2.58413e-05
-2.57135e-05
-2.55863e-05
-2.54597e-05
-2.53338e-05
-2.52085e-05
-2.50838e-05
-2.49597e-05
-2.48363e-05
-2.47134e-05
-2.45912e-05
-2.44695e-05
-2.43485e-05
-2.42281e-05
-2.41082e-05
-2.3989e-05
-2.38703e-05
-2.37522e-05
-2.36347e-05
-2.35178e-05
-2.34014e-05
-2.32857e-05
-2.31705e-05
-2.30559e-05
-2.29418e-05
-2.28283e-05
-2.27154e-05
-2.2603e-05
-2.24912e-05
-2.23799e-05
-2.22692e-05
-2.2159e-05
-2.20494e-05
-2.19403e-05
-2.18317e-05
-2.17237e-05
-2.16163e-05
-2.15093e-05
-2.14029e-05
-2.1297e-05
-2.11916e-05
-2.10868e-05
-2.09824e-05
-2.08786e-05
-2.07753e-05
-2.06725e-05
-2.05702e-05
-2.04684e-05
-2.03672e-05
-2.02664e-05
-2.01661e-05
-2.00663e-05
-1.9967e-05
-1.98682e-05
-1.97699e-05
-1.96721e-05
-1.95748e-05
-1.94779e-05
-1.93815e-05
-1.92856e-05
-1.91902e-05
-1.90952e-05
-1.90007e-05
-1.89067e-05
-1.88132e-05
-1.87201e-05
-1.86274e-05
-1.85352e-05
-1.84435e-05
-1.83522e-05
-1.82614e-05
-1.81711e-05
-1.80811e-05
-1.79916e-05
-1.79026e-05
-1.7814e-05
-1.77258e-05
-1.76381e-05
-1.75508e-05
-1.7464e-05
-1.73775e-05
-1.72915e-05
-1.7206e-05
-1.71208e-05
-1.70361e-05
-1.69518e-05
-1.68675e-05
-1.67841e-05
-1.67011e-05
-1.66184e-05
-1.65361e-05
-1.64542e-05
-1.63726e-05
-1.62915e-05
-1.62107e-05
-1.61304e-05
-1.60505e-05
-1.5971e-05
-1.5892e-05
-1.58133e-05
-1.57351e-05
-1.56574e-05
-1.558e-05
-1.5503e-05
-1.54264e-05
-1.53501e-05
-1.52743e-05
-1.51988e-05
-1.51237e-05
-1.50489e-05
-1.49745e-05
-1.49005e-05
-1.48268e-05
-1.47534e-05
-1.46805e-05
-1.46078e-05
-1.45356e-05
-1.44636e-05
-1.43921e-05
-1.43208e-05
-1.42499e-05
-1.41794e-05
-1.41092e-05
-1.40394e-05
-1.39699e-05
-1.39007e-05
-1.38319e-05
-1.37634e-05
-1.36952e-05
-1.36274e-05
-1.35599e-05
-1.34927e-05
-1.34259e-05
-1.33594e-05
-1.32932e-05
-1.32273e-05
-1.31618e-05
-1.30966e-05
-1.30317e-05
-1.29672e-05
-1.2903e-05
-1.28391e-05
-1.27755e-05
-1.27123e-05
-1.26493e-05
-1.25867e-05
-1.25244e-05
-1.24623e-05
-1.24006e-05
-1.23392e-05
-1.22781e-05
-1.22173e-05
-1.21568e-05
-1.20966e-05
-1.20367e-05
-1.19771e-05
-1.19178e-05
-1.18587e-05
-1.18e-05
-1.17416e-05
-1.16834e-05
-1.16255e-05
-1.15679e-05
-1.15106e-05
-1.14536e-05
-1.13969e-05
-1.13404e-05
-1.12842e-05
-1.12283e-05
-1.11727e-05
-1.11174e-05
-1.10623e-05
-1.10075e-05
-1.0953e-05
-1.08987e-05
-1.08447e-05
-1.0791e-05
-1.07376e-05
-1.06844e-05
-1.06314e-05
-1.05788e-05
-1.05264e-05
-1.04742e-05
-1.04223e-05
-1.03707e-05
-1.03193e-05
-1.02682e-05
-1.02174e-05
-1.01667e-05
-1.01164e-05
-1.00663e-05
-1.00164e-05
-9.96679e-06
