4.17684
2.9001
2.16102
1.7684
1.52877
1.36695
1.24942
1.15635
1.07722
1.00008
0.91425
0.826262
0.740916
0.661313
0.589098
0.524803
0.468213
0.418688
0.3754
0.337501
0.304206
0.274837
0.248826
0.225705
0.205091
0.186666
-0.170606
-0.167616
-0.164753
-0.16202
-0.159397
-0.156878
-0.154457
-0.152129
-0.14989
-0.147738
-0.145671
-0.143679
-0.141759
-0.139905
-0.138119
-0.136399
-0.134737
-0.13313
-0.131576
-0.130073
-0.128622
-0.12722
-0.125861
-0.124544
-0.123268
-0.122033
-0.120837
-0.119677
-0.118551
-0.117457
-0.116394
-0.115365
-0.114365
-0.113393
-0.112448
-0.111528
-0.110634
-0.109766
-0.10892
-0.108097
-0.107294
-0.106512
-0.105753
-0.105012
-0.104289
-0.103584
-0.102896
-0.102227
-0.101574
-0.100936
-0.100312
-0.0997031
-0.0991101
-0.0985305
-0.0979636
-0.0974092
-0.0968675
-0.096339
-0.0958218
-0.0953153
-0.0948193
-0.094335
-0.0938613
-0.0933971
-0.092942
-0.0924965
-0.0920613
-0.0916343
-0.0912155
-0.0908046
-0.0904033
-0.0900094
-0.0896225
-0.0892426
-0.0888714
-0.0885067
-0.0881482
-0.0877962
-0.0874517
-0.0871129
-0.0867797
-0.0864527
-0.0861319
-0.0858162
-0.0855054
-0.085201
-0.0849014
-0.0846062
-0.0843163
-0.0840315
-0.0837507
-0.0834744
-0.0832031
-0.0829355
-0.0826718
-0.082413
-0.0821575
-0.0819057
-0.0816584
-0.0814141
-0.0811732
-0.0809364
-0.0807023
-0.0804717
-0.0802446
-0.08002
-0.0797988
-0.0795806
-0.0793647
-0.0791523
-0.0789423
-0.0787346
-0.0785302
-0.0783277
-0.078128
-0.0779307
-0.0777352
-0.0775429
-0.0773522
-0.077164
-0.0769779
-0.0767935
-0.0766118
-0.0764314
-0.0762536
-0.0760772
-0.0759029
-0.0757305
-0.0755596
-0.0753953
-0.075237
-0.0750852
-0.0749394
-0.0748001
-0.0746668
-0.074539
-0.0744165
-0.0742992
-0.0741868
-0.0740794
-0.0739769
-0.0738792
-0.0737858
-0.0736967
-0.0736117
-0.07353
-0.0734495
-0.0733688
-0.0732873
-0.0732056
-0.0731231
-0.0730404
-0.0729571
-0.0728735
-0.0727893
-0.0727049
-0.0726199
-0.0725347
-0.0724489
-0.0723631
-0.0722766
-0.0721901
-0.0721028
-0.0720158
-0.0719279
-0.0718404
-0.0717521
-0.0716639
-0.0715753
-0.0714865
-0.0713977
-0.0713083
-0.0712192
-0.0711298
-0.0710403
-0.070951
-0.0708614
-0.0707718
-0.0706825
-0.070593
-0.0705514
-0.0705366
-0.0705201
-0.070502
-0.0704821
-0.0704604
-0.0704369
-0.0704117
-0.0703848
-0.0703561
-0.0703258
-0.0702939
-0.0702604
-0.0702253
-0.0701886
-0.0701505
-0.0701108
-0.0700696
-0.0700269
-0.0699828
-0.0699372
-0.0698902
-0.0698418
-0.069792
-0.0697408
-0.0696883
-0.0696344
-0.0695791
-0.0695226
-0.0694647
-0.0694056
-0.0693451
-0.0692834
-0.0692205
-0.0691563
-0.0690909
-0.0690242
-0.0689564
-0.0688874
-0.0688172
-0.0687458
-0.0686733
-0.0685997
-0.0685249
-0.0684493
-0.068373
-0.0682957
-0.0682172
-0.0681376
-0.068057
-0.0679753
-0.0678926
-0.0678088
-0.0677239
-0.0676381
-0.0675512
-0.0674633
-0.0673744
-0.0672845
-0.0671936
-0.0671018
-0.0670089
-0.0669152
-0.0668204
-0.0667247
-0.0666281
-0.0665306
-0.0664321
-0.0663328
-0.0662325
-0.0661313
-0.0660293
-0.0659263
-0.0658225
-0.0657178
-0.0656122
-0.0655058
-0.0653986
-0.0652905
-0.0651815
-0.0650718
-0.0649612
-0.0648498
-0.0647375
-0.0646245
-0.0645107
-0.0643961
-0.0642807
-0.0641645
-0.0640476
-0.0639299
-0.0638114
-0.0636922
-0.0635722
-0.0634515
-0.06333
-0.0632079
-0.063085
-0.0629613
-0.062837
-0.062712
-0.0625862
-0.0624619
-0.0623385
-0.0622143
-0.0620895
-0.0619639
-0.0618376
-0.0617106
-0.061583
-0.0614546
-0.0613256
-0.0611958
-0.0610654
-0.0609343
-0.0608026
-0.0606702
-0.0605371
-0.0604034
-0.0602691
-0.0601341
-0.0599985
-0.0598623
-0.0597254
-0.059588
-0.0594499
-0.0593113
-0.059172
-0.0590321
-0.0588917
-0.0587507
-0.0586091
-0.058467
-0.0583243
-0.058181
-0.0580372
-0.0578928
-0.0577479
-0.0576024
-0.0574565
-0.05731
-0.057163
-0.0570154
-0.0568674
-0.0567188
-0.0565698
-0.0564203
-0.0562703
-0.0561198
-0.0559688
-0.0558174
-0.0556655
-0.0555131
-0.0553603
-0.055207
-0.0550533
-0.0548992
-0.0547446
-0.0545896
-0.0544342
-0.0542784
-0.0541221
-0.0539655
-0.0538084
-0.053651
-0.0534932
-0.053335
-0.0531764
-0.0530175
-0.0528582
-0.0526986
-0.0525385
-0.0523782
-0.0522175
-0.0520565
-0.0518951
-0.0517334
-0.0515714
-0.0514091
-0.0512465
-0.0510836
-0.0509204
-0.0507569
-0.0505932
-0.0504291
-0.0502648
-0.0501002
-0.0499354
-0.0497703
-0.0496049
-0.0494393
-0.0492735
-0.0491075
-0.0489412
-0.0487747
-0.048608
-0.0484411
-0.0482741
-0.0481068
-0.0479393
-0.0477716
-0.0476038
-0.0474358
-0.0472676
-0.0470993
-0.0469308
-0.0467622
-0.0465935
-0.0464246
-0.0462556
-0.0460864
-0.0459172
-0.0457478
-0.0455783
-0.0454088
-0.0452391
-0.0450694
-0.0448996
-0.0447297
-0.0445597
-0.0443897
-0.0442196
-0.0440495
-0.0438793
-0.0437091
-0.0435389
-0.0433686
-0.0431984
-0.0430281
-0.0428578
-0.0426875
-0.0425172
-0.0423469
-0.0421766
-0.0420063
-0.0418361
-0.0416659
-0.0414958
-0.0413257
-0.0411556
-0.0409856
-0.0408157
-0.0406458
-0.040476
-0.0403063
-0.0401367
-0.0399671
-0.0397977
-0.0396283
-0.0394591
-0.03929
-0.039121
-0.0389521
-0.0387833
-0.0386147
-0.0384462
-0.0382779
-0.0381097
-0.0379417
-0.0377738
-0.0376061
-0.0374386
-0.0372712
-0.0371041
-0.0369371
-0.0367703
-0.0366037
-0.0364373
-0.0362712
-0.0361052
-0.0359395
-0.0357739
-0.0356086
-0.0354436
-0.0352787
-0.0351142
-0.0349498
-0.0347857
-0.0346219
-0.0344584
-0.0342951
-0.034132
-0.0339693
-0.0338068
-0.0336446
-0.0334827
-0.0333211
-0.0331598
-0.0329988
-0.0328381
-0.0326777
-0.0325177
-0.0323579
-0.0321985
-0.0320394
-0.0318806
-0.0317222
-0.0315641
-0.0314063
-0.0312489
-0.0310918
-0.0309351
-0.0307788
-0.0306228
-0.0304672
-0.030312
-0.0301571
-0.0300026
-0.0298485
-0.0296948
-0.0295414
-0.0293884
-0.0292359
-0.0290837
-0.028932
-0.0287806
-0.0286296
-0.0284791
-0.028329
-0.0281793
-0.02803
-0.0278811
-0.0277327
-0.0275846
-0.027437
-0.0272899
-0.0271432
-0.0269969
-0.026851
-0.0267056
-0.0265607
-0.0264161
-0.0262721
-0.0261285
-0.0259853
-0.0258426
-0.0257004
-0.0255586
-0.0254173
-0.0252765
-0.0251361
-0.0249962
-0.0248568
-0.0247179
-0.0245794
-0.0244414
-0.0243039
-0.0241668
-0.0240303
-0.0238942
-0.0237586
-0.0236235
-0.0234889
-0.0233548
-0.0232211
-0.023088
-0.0229554
-0.0228232
-0.0226916
-0.0225604
-0.0224298
-0.0222997
-0.02217
-0.0220409
-0.0219123
-0.0217842
-0.0216566
-0.0215295
-0.0214029
-0.0212768
-0.0211513
-0.0210262
-0.0209016
-0.0207776
-0.020654
-0.020531
-0.0204085
-0.0202865
-0.020165
-0.020044
-0.0199236
-0.0198037
-0.0196842
-0.0195653
-0.0194469
-0.0193291
-0.0192117
-0.0190949
-0.0189786
-0.0188629
-0.0187476
-0.0186329
-0.0185187
-0.018405
-0.0182918
-0.0181791
-0.018067
-0.0179553
-0.0178442
-0.0177336
-0.0176235
-0.0175139
-0.0174048
-0.0172963
-0.0171882
-0.0170807
-0.0169737
-0.0168672
-0.0167612
-0.0166558
-0.0165508
-0.0164464
-0.0163424
-0.016239
-0.0161361
-0.0160337
-0.0159318
-0.0158304
-0.0157296
-0.0156292
-0.0155294
-0.01543
-0.0153312
-0.0152329
-0.0151351
-0.0150377
-0.0149409
-0.0148446
-0.0147488
-0.0146534
-0.0145586
-0.0144643
-0.0143704
-0.0142771
-0.0141842
-0.0140918
-0.0139999
-0.0139085
-0.0138176
-0.0137272
-0.0136373
-0.0135478
-0.0134588
-0.0133703
-0.0132823
-0.0131948
-0.0131078
-0.0130212
-0.0129351
-0.0128495
-0.0127643
-0.0126797
-0.0125954
-0.0125117
-0.0124284
-0.0123456
-0.0122633
-0.0121814
-0.0121
-0.0120191
-0.0119386
-0.0118586
-0.011779
-0.0116999
-0.0116213
-0.0115431
-0.0114653
-0.011388
-0.0113111
-0.0112347
-0.0111587
-0.0110832
-0.0110081
-0.0109334
-0.0108592
-0.0107854
-0.0107121
-0.0106391
-0.0105666
-0.0104946
-0.0104229
-0.0103517
-0.0102809
-0.0102106
-0.0101406
-0.0100711
-0.010002
-0.00993328
-0.00986499
-0.00979713
-0.00972967
-0.00966262
-0.00959598
-0.00952974
-0.00946391
-0.00939848
-0.00933345
-0.00926882
-0.00920458
-0.00914074
-0.0090773
-0.00901424
-0.00895158
-0.00888931
-0.00882742
-0.00876592
-0.0087048
-0.00864407
-0.00858371
-0.00852373
-0.00846413
-0.0084049
-0.00834605
-0.00828756
-0.00822945
-0.0081717
-0.00811432
-0.00805731
-0.00800065
-0.00794435
-0.00788842
-0.00783283
-0.0077776
-0.00772273
-0.0076682
-0.00761402
-0.00756019
-0.00750671
-0.00745357
-0.00740077
-0.00734831
-0.00729619
-0.00724441
-0.00719297
-0.00714186
-0.00709108
-0.00704063
-0.00699051
-0.00694072
-0.00689125
-0.00684211
-0.00679329
-0.00674479
-0.00669661
-0.00664874
-0.00660119
-0.00655396
-0.00650703
-0.00646042
-0.00641411
-0.00636811
-0.00632242
-0.00627703
-0.00623194
-0.00618715
-0.00614266
-0.00609847
-0.00605457
-0.00601096
-0.00596765
-0.00592462
-0.00588189
-0.00583944
-0.00579728
-0.0057554
-0.0057138
-0.00567249
-0.00563145
-0.00559069
-0.00555021
-0.00551
-0.00547006
-0.0054304
-0.005391
-0.00535188
-0.00531302
-0.00527442
-0.00523609
-0.00519801
-0.0051602
-0.00512265
-0.00508535
-0.00504831
-0.00501152
-0.00497499
-0.0049387
-0.00490267
-0.00486688
-0.00483135
-0.00479605
-0.004761
-0.00472619
-0.00469162
-0.00465729
-0.0046232
-0.00458934
-0.00455571
-0.00452232
-0.00448917
-0.00445624
-0.00442354
-0.00439107
-0.00435883
-0.00432681
-0.00429502
-0.00426345
-0.00423209
-0.00420096
-0.00417004
-0.00413934
-0.00410886
-0.00407858
-0.00404852
-0.00401867
-0.00398903
-0.0039596
-0.00393037
-0.00390135
-0.00387254
-0.00384392
-0.00381551
-0.0037873
-0.00375929
-0.00373148
-0.00370386
-0.00367644
-0.00364922
-0.00362219
-0.00359534
-0.00356869
-0.00354223
-0.00351596
-0.00348987
-0.00346397
-0.00343825
-0.00341272
-0.00338737
-0.0033622
-0.0033372
-0.00331239
-0.00328776
-0.0032633
-0.00323901
-0.0032149
-0.00319096
-0.0031672
-0.0031436
-0.00312017
-0.00309691
-0.00307382
-0.0030509
-0.00302814
-0.00300554
-0.0029831
-0.00296083
-0.00293872
-0.00291676
-0.00289497
-0.00287333
-0.00285185
-0.00283052
-0.00280935
-0.00278833
-0.00276746
-0.00274674
-0.00272618
-0.00270576
-0.00268549
-0.00266537
-0.00264539
-0.00262556
-0.00260587
-0.00258633
-0.00256692
-0.00254766
-0.00252854
-0.00250956
-0.00249071
-0.00247201
-0.00245343
-0.002435
-0.0024167
-0.00239853
-0.00238049
-0.00236259
-0.00234482
-0.00232717
-0.00230966
-0.00229227
-0.00227501
-0.00225788
-0.00224087
-0.00222399
-0.00220723
-0.0021906
-0.00217408
-0.00215769
-0.00214142
-0.00212527
-0.00210923
-0.00209332
-0.00207752
-0.00206184
-0.00204627
-0.00203082
-0.00201548
-0.00200026
-0.00198514
-0.00197014
-0.00195525
-0.00194046
-0.00192579
-0.00191122
-0.00189677
-0.00188241
-0.00186817
-0.00185403
-0.00183999
-0.00182606
-0.00181223
-0.0017985
-0.00178488
-0.00177135
-0.00175793
-0.00174461
-0.00173138
-0.00171825
-0.00170522
-0.00169229
-0.00167945
-0.00166671
-0.00165406
-0.00164151
-0.00162905
-0.00161668
-0.0016044
-0.00159221
-0.00158012
-0.00156811
-0.0015562
-0.00154437
-0.00153263
-0.00152098
-0.00150941
-0.00149793
-0.00148654
-0.00147523
-0.00146401
-0.00145287
-0.00144181
-0.00143083
-0.00141994
-0.00140913
-0.0013984
-0.00138774
-0.00137717
-0.00136668
-0.00135627
-0.00134593
-0.00133567
-0.00132549
-0.00131538
-0.00130535
-0.0012954
-0.00128551
-0.00127571
-0.00126597
-0.00125631
-0.00124673
-0.00123721
-0.00122776
-0.00121839
-0.00120908
-0.00119985
-0.00119068
-0.00118159
-0.00117256
-0.0011636
-0.00115471
-0.00114588
-0.00113712
-0.00112843
-0.0011198
-0.00111124
-0.00110274
-0.0010943
-0.00108593
-0.00107762
-0.00106938
-0.00106119
-0.00105307
-0.00104501
-0.00103701
-0.00102906
-0.00102118
-0.00101336
-0.0010056
-0.000997896
-0.00099025
-0.000982661
-0.00097513
-0.000967656
-0.000960238
-0.000952876
-0.00094557
-0.000938319
-0.000931122
-0.00092398
-0.000916892
-0.000909857
-0.000902876
-0.000895947
-0.000889071
-0.000882246
-0.000875474
-0.000868752
-0.000862082
-0.000855461
-0.000848891
-0.00084237
-0.000835899
-0.000829477
-0.000823103
-0.000816778
-0.0008105
-0.000804271
-0.000798088
-0.000791952
-0.000785863
-0.00077982
-0.000773822
-0.00076787
-0.000761963
-0.000756101
-0.000750284
-0.00074451
-0.00073878
-0.000733094
-0.000727451
-0.000721851
-0.000716293
-0.000710778
-0.000705304
-0.000699872
-0.000694481
-0.000689131
-0.000683821
-0.000678552
-0.000673323
-0.000668134
-0.000662984
-0.000657874
-0.000652802
-0.00064777
-0.000642775
-0.000637819
-0.0006329
-0.000628019
-0.000623175
-0.000618367
-0.000613596
-0.000608862
-0.000604163
-0.0005995
-0.000594873
-0.000590281
-0.000585725
-0.000581202
-0.000576714
-0.000572261
-0.000567841
-0.000563455
-0.000559102
-0.000554782
-0.000550496
-0.000546242
-0.00054202
-0.000537831
-0.000533673
-0.000529548
-0.000525454
-0.000521391
-0.000517359
-0.000513358
-0.000509388
-0.000505448
-0.000501538
-0.000497658
-0.000493807
-0.000489987
-0.000486195
-0.000482432
-0.000478697
-0.000474991
-0.000471314
-0.000467664
-0.000464043
-0.000460449
-0.000456883
-0.000453344
-0.000449833
-0.000446348
-0.00044289
-0.000439458
-0.000436053
-0.000432674
-0.00042932
-0.000425992
-0.000422689
-0.000419412
-0.00041616
-0.000412932
-0.00040973
-0.000406551
-0.000403398
-0.000400268
-0.000397162
-0.000394081
-0.000391023
-0.000387988
-0.000384976
-0.000381988
-0.000379023
-0.00037608
-0.00037316
-0.000370263
-0.000367387
-0.000364534
-0.000361702
-0.000358892
-0.000356104
-0.000353337
-0.000350591
-0.000347866
-0.000345162
-0.000342479
-0.000339816
-0.000337174
-0.000334552
-0.000331951
-0.000329369
-0.000326808
-0.000324266
-0.000321744
-0.000319241
-0.000316757
-0.000314292
-0.000311847
-0.00030942
-0.000307011
-0.000304622
-0.00030225
-0.000299897
-0.000297562
-0.000295245
-0.000292946
-0.000290664
-0.0002884
-0.000286153
-0.000283923
-0.000281711
-0.000279515
-0.000277337
-0.000275175
-0.00027303
-0.000270901
-0.000268789
-0.000266693
-0.000264614
-0.000262558
-0.000260522
-0.000258501
-0.000256496
-0.000254507
-0.000252532
-0.000250573
-0.000248629
-0.0002467
-0.000244785
-0.000242886
-0.000241001
-0.00023913
-0.000237274
-0.000235432
-0.000233604
-0.00023179
-0.00022999
-0.000228204
-0.000226431
-0.000224673
-0.000222927
-0.000221196
-0.000219477
-0.000217772
-0.00021608
-0.000214401
-0.000212734
-0.000211081
-0.00020944
-0.000207812
-0.000206196
-0.000204593
-0.000203002
-0.000201423
-0.000199857
-0.000198303
-0.000196761
-0.00019523
-0.000193712
-0.000192204
-0.000190709
-0.000189224
-0.000187752
-0.00018629
-0.00018484
-0.000183401
-0.000181974
-0.000180557
-0.000179151
-0.000177756
-0.000176372
-0.000174998
-0.000173635
-0.000172282
-0.00017094
-0.000169609
-0.000168287
-0.000166977
-0.000165676
-0.000164385
-0.000163103
-0.000161832
-0.00016057
-0.000159318
-0.000158075
-0.000156843
-0.00015562
-0.000154406
-0.000153202
-0.000152007
-0.000150821
-0.000149644
-0.000148477
-0.000147318
-0.000146169
-0.000145028
-0.000143896
-0.000142773
-0.000141658
-0.000140552
-0.000139454
-0.000138365
-0.000137284
-0.000136212
-0.000135147
-0.000134092
-0.000133044
-0.000132004
-0.000130973
-0.000129949
-0.000128933
-0.000127926
-0.000126926
-0.000125933
-0.000124949
-0.000123972
-0.000123002
-0.00012204
-0.000121086
-0.000120139
-0.000119199
-0.000118266
-0.000117341
-0.000116423
-0.000115512
-0.000114608
-0.000113711
-0.000112821
-0.000111938
-0.000111061
-0.000110192
-0.000109329
-0.000108472
-0.000107623
-0.00010678
-0.000105943
-0.000105113
-0.000104289
-0.000103472
-0.000102661
-0.000101857
-0.000101058
-0.000100266
-9.948e-05
-9.87e-05
-9.79261e-05
-9.71581e-05
-9.63961e-05
-9.56399e-05
-9.48897e-05
-9.41452e-05
-9.34065e-05
-9.26735e-05
-9.19462e-05
-9.12245e-05
-9.05085e-05
-8.97979e-05
-8.9093e-05
-8.83934e-05
-8.76992e-05
-8.70104e-05
-8.6327e-05
-8.56489e-05
-8.4976e-05
-8.43083e-05
-8.36458e-05
-8.29885e-05
-8.23362e-05
-8.16891e-05
-8.10469e-05
-8.04097e-05
-7.97775e-05
-7.91501e-05
-7.85277e-05
-7.79101e-05
-7.72972e-05
-7.66891e-05
-7.60857e-05
-7.5487e-05
-7.4893e-05
-7.43036e-05
-7.37187e-05
-7.31384e-05
-7.25626e-05
-7.19912e-05
-7.14243e-05
-7.08618e-05
-7.03037e-05
-6.97498e-05
-6.92003e-05
-6.86551e-05
-6.81141e-05
-6.75774e-05
-6.70447e-05
-6.65163e-05
-6.59919e-05
-6.54716e-05
-6.49554e-05
-6.44431e-05
-6.39349e-05
-6.34306e-05
-6.29302e-05
-6.24337e-05
-6.19411e-05
-6.14522e-05
-6.09672e-05
-6.0486e-05
-6.00085e-05
-5.95347e-05
-5.90646e-05
-5.85982e-05
-5.81353e-05
-5.76761e-05
-5.72205e-05
-5.67685e-05
-5.63197e-05
-5.58749e-05
-5.54334e-05
-5.49952e-05
-5.45605e-05
-5.41291e-05
-5.3701e-05
-5.32763e-05
-5.28549e-05
-5.24368e-05
-5.2022e-05
-5.16104e-05
-5.12019e-05
-5.07967e-05
-5.03945e-05
-4.99955e-05
-4.95996e-05
-4.92068e-05
-4.8817e-05
-4.84303e-05
-4.80466e-05
-4.76659e-05
-4.72881e-05
-4.69134e-05
-4.65415e-05
-4.61726e-05
-4.58065e-05
-4.54433e-05
-4.5083e-05
-4.47255e-05
-4.43707e-05
-4.40188e-05
-4.36696e-05
-4.33231e-05
-4.29793e-05
-4.26382e-05
-4.22998e-05
-4.1964e-05
-4.16308e-05
-4.13003e-05
-4.09723e-05
-4.06469e-05
-4.0324e-05
-4.00036e-05
-3.96858e-05
-3.93704e-05
-3.90575e-05
-3.8747e-05
-3.84389e-05
-3.81333e-05
-3.783e-05
-3.75291e-05
-3.72305e-05
-3.69343e-05
-3.66404e-05
-3.63488e-05
-3.60667e-05
-3.57705e-05
-3.54819e-05
-3.51981e-05
-3.49174e-05
-3.46391e-05
-3.43631e-05
-3.40893e-05
-3.38177e-05
-3.35482e-05
-3.32809e-05
-3.30157e-05
-3.27525e-05
-3.24915e-05
-3.22324e-05
-3.19754e-05
-3.17205e-05
-3.14677e-05
-3.12167e-05
-3.09676e-05
-3.07204e-05
-3.04751e-05
-3.02317e-05
-2.99903e-05
-2.97508e-05
-2.95131e-05
-2.92774e-05
-2.90435e-05
-2.88115e-05
-2.85813e-05
-2.83529e-05
-2.81264e-05
-2.79015e-05
-2.76785e-05
-2.74572e-05
-2.72376e-05
-2.70197e-05
-2.68036e-05
-2.65891e-05
-2.63763e-05
-2.61652e-05
-2.59557e-05
-2.57479e-05
-2.55417e-05
-2.53371e-05
-2.51342e-05
-2.49328e-05
-2.4733e-05
-2.45348e-05
-2.43381e-05
-2.41429e-05
-2.39493e-05
-2.37572e-05
-2.35666e-05
-2.33776e-05
-2.319e-05
-2.30038e-05
-2.28191e-05
-2.26359e-05
-2.24541e-05
-2.22737e-05
-2.20948e-05
-2.19172e-05
-2.1741e-05
-2.15663e-05
-2.13929e-05
-2.12203e-05
-2.10491e-05
-2.08793e-05
-2.0711e-05
-2.05442e-05
-2.03788e-05
-2.02148e-05
-2.00522e-05
-1.98908e-05
-1.97308e-05
-1.95719e-05
-1.94143e-05
-1.92579e-05
-1.91027e-05
-1.89488e-05
-1.87961e-05
-1.86446e-05
-1.84943e-05
-1.83451e-05
-1.81972e-05
-1.80505e-05
-1.79049e-05
-1.77605e-05
-1.76172e-05
-1.7475e-05
-1.7334e-05
-1.7194e-05
-1.70552e-05
-1.69174e-05
-1.67807e-05
-1.66451e-05
-1.65106e-05
-1.63771e-05
-1.62446e-05
-1.61132e-05
-1.59828e-05
-1.58535e-05
-1.57251e-05
-1.55978e-05
-1.54715e-05
-1.53461e-05
-1.52218e-05
-1.50984e-05
-1.4976e-05
-1.48545e-05
-1.4734e-05
-1.46145e-05
-1.44959e-05
-1.43783e-05
-1.42615e-05
-1.41457e-05
-1.40309e-05
-1.39169e-05
-1.38038e-05
-1.36916e-05
-1.35803e-05
-1.34699e-05
-1.33604e-05
-1.32518e-05
-1.3144e-05
-1.3037e-05
-1.2931e-05
-1.28257e-05
-1.27213e-05
-1.26177e-05
-1.25149e-05
-1.2413e-05
-1.23118e-05
-1.22114e-05
-1.21119e-05
-1.20131e-05
-1.19151e-05
-1.18179e-05
-1.17215e-05
-1.16258e-05
-1.15309e-05
-1.14367e-05
-1.13433e-05
-1.12506e-05
-1.11587e-05
-1.10677e-05
-1.09773e-05
-1.08877e-05
-1.07988e-05
-1.07105e-05
-1.0623e-05
-1.05362e-05
-1.04501e-05
-1.03646e-05
-1.02799e-05
-1.01958e-05
-1.01124e-05
-1.00296e-05
-9.94749e-06
-9.86604e-06
-9.78525e-06
-9.70509e-06
-9.62557e-06
-9.54669e-06
-9.46843e-06
-9.39079e-06
-9.31378e-06
-9.23737e-06
-9.16158e-06
-9.08639e-06
-9.0118e-06
-8.9378e-06
-8.86439e-06
-8.79157e-06
-8.71932e-06
-8.64766e-06
-8.57656e-06
-8.50603e-06
-8.43606e-06
-8.36665e-06
-8.2978e-06
-8.22949e-06
-8.16173e-06
-8.09451e-06
-8.02783e-06
-7.96167e-06
-7.89657e-06
-7.83168e-06
-7.76739e-06
-7.70354e-06
-7.64007e-06
-7.577e-06
-7.51435e-06
-7.45218e-06
-7.39051e-06
-7.32935e-06
-7.26872e-06
-7.20861e-06
-7.149e-06
-7.0899e-06
-7.03127e-06
-6.97312e-06
-6.91543e-06
-6.85819e-06
-6.8014e-06
-6.74505e-06
-6.68915e-06
-6.63367e-06
-6.57863e-06
-6.52383e-06
-6.46946e-06
-6.41564e-06
-6.36237e-06
-6.30963e-06
-6.25737e-06
-6.20552e-06
-6.15407e-06
-6.10299e-06
-6.05228e-06
-6.00193e-06
-5.95195e-06
-5.90235e-06
-5.85314e-06
-5.80431e-06
-5.75587e-06
-5.70782e-06
-5.66015e-06
-5.61288e-06
-5.56599e-06
-5.51948e-06
-5.47336e-06
-5.42761e-06
-5.38223e-06
-5.33722e-06
-5.29257e-06
-5.24829e-06
-5.20437e-06
-5.1608e-06
-5.11759e-06
-5.07473e-06
-5.03221e-06
-4.99005e-06
-4.94822e-06
-4.90673e-06
-4.86559e-06
-4.82477e-06
-4.78429e-06
-4.74414e-06
-4.70431e-06
-4.66481e-06
-4.62563e-06
-4.58676e-06
-4.54821e-06
-4.50998e-06
-4.47205e-06
-4.43444e-06
-4.39713e-06
-4.36012e-06
-4.32341e-06
-4.287e-06
-4.25088e-06
-4.21505e-06
-4.17952e-06
-4.14427e-06
-4.10931e-06
-4.07463e-06
-4.04024e-06
-4.00612e-06
-3.97228e-06
-3.93927e-06
-3.90602e-06
-3.87299e-06
-3.84019e-06
-3.80765e-06
-3.77536e-06
-3.74333e-06
-3.71156e-06
-3.68005e-06
-3.64879e-06
-3.61779e-06
-3.58705e-06
-3.55655e-06
-3.52629e-06
-3.49627e-06
-3.46649e-06
-3.43694e-06
-3.40763e-06
-3.37855e-06
-3.34971e-06
-3.32111e-06
-3.29274e-06
-3.26461e-06
-3.23672e-06
-3.20906e-06
-3.18163e-06
-3.15444e-06
-3.12748e-06
-3.10075e-06
-3.07424e-06
-3.04795e-06
-3.02177e-06
-2.99594e-06
-2.97035e-06
-2.94496e-06
-2.91977e-06
-2.89479e-06
-2.86996e-06
-2.84534e-06
-2.82095e-06
-2.79678e-06
-2.77282e-06
-2.74906e-06
-2.7255e-06
-2.70213e-06
-2.67894e-06
-2.65593e-06
-2.6331e-06
-2.61046e-06
-2.58793e-06
-2.56564e-06
-2.54356e-06
-2.52165e-06
-2.49992e-06
-2.47835e-06
-2.45695e-06
-2.43571e-06
-2.41464e-06
-2.39374e-06
-2.37302e-06
-2.35246e-06
-2.33207e-06
-2.31184e-06
-2.29179e-06
-2.2719e-06
-2.25217e-06
-2.23261e-06
-2.21321e-06
-2.19397e-06
-2.17488e-06
-2.15596e-06
-2.13672e-06
-2.11788e-06
-2.09908e-06
-2.08049e-06
-2.06219e-06
-2.04415e-06
-2.02635e-06
-2.00873e-06
-1.99126e-06
-1.97391e-06
-1.95669e-06
-1.93958e-06
-1.9226e-06
-1.90576e-06
-1.88905e-06
-1.87249e-06
-1.85608e-06
-1.83982e-06
-1.82371e-06
-1.80774e-06
-1.79191e-06
-1.77622e-06
-1.76066e-06
-1.74524e-06
-1.72995e-06
-1.71478e-06
-1.69974e-06
-1.68482e-06
-1.67002e-06
-1.65533e-06
-1.64076e-06
-1.62631e-06
-1.61197e-06
-1.59774e-06
-1.58363e-06
-1.56962e-06
-1.55573e-06
-1.54194e-06
-1.52827e-06
-1.5147e-06
-1.50125e-06
-1.4879e-06
-1.47466e-06
-1.46152e-06
-1.4485e-06
-1.43541e-06
-1.42294e-06
-1.4106e-06
-1.39826e-06
-1.38587e-06
-1.37347e-06
-1.3611e-06
-1.34881e-06
-1.33662e-06
-1.32456e-06
-1.31262e-06
-1.30081e-06
-1.28912e-06
-1.27754e-06
-1.26607e-06
-1.25471e-06
-1.24361e-06
-1.23268e-06
-1.22176e-06
-1.21078e-06
-1.19973e-06
-1.18869e-06
-1.17771e-06
-1.16682e-06
-1.15606e-06
-1.14542e-06
-1.13491e-06
-1.12453e-06
-1.11425e-06
-1.10407e-06
-1.09399e-06
-1.084e-06
-1.07409e-06
-1.06475e-06
-1.05491e-06
-1.04527e-06
-1.03575e-06
-1.0263e-06
-1.01688e-06
-1.00749e-06
-9.98159e-07
-9.88894e-07
-9.79707e-07
-9.706e-07
-9.61573e-07
-9.5262e-07
-9.43738e-07
-9.34924e-07
-9.26176e-07
-9.17497e-07
-9.08888e-07
-9.00352e-07
-8.91893e-07
-8.83514e-07
-8.75218e-07
-8.67007e-07
-8.58883e-07
-8.50847e-07
-8.42899e-07
-8.35019e-07
-8.2723e-07
-8.19542e-07
-8.11949e-07
-8.04439e-07
-7.97004e-07
-7.8964e-07
-7.82344e-07
-7.75116e-07
-7.67955e-07
-7.60861e-07
-7.53833e-07
-7.4687e-07
-7.3997e-07
-7.3313e-07
-7.2635e-07
-7.19627e-07
-7.12958e-07
-7.05895e-07
-6.99363e-07
-6.93158e-07
-6.86012e-07
-6.79578e-07
-6.7313e-07
-6.66699e-07
-6.60322e-07
-6.54015e-07
-6.47782e-07
-6.41616e-07
-6.3551e-07
-6.29457e-07
-6.23457e-07
-6.1751e-07
-6.11618e-07
-6.05782e-07
-6.00004e-07
-5.94284e-07
-5.88621e-07
-5.83012e-07
-5.77457e-07
-5.71953e-07
-5.66497e-07
-5.61088e-07
-5.55723e-07
-5.50401e-07
-5.45122e-07
-5.39883e-07
-5.34685e-07
-5.29527e-07
-5.24409e-07
-5.19331e-07
-5.14292e-07
-5.09293e-07
-5.04333e-07
-4.99413e-07
-4.94533e-07
-4.89693e-07
-4.84892e-07
-4.80131e-07
-4.7541e-07
-4.70728e-07
-4.66086e-07
-4.61484e-07
