206.134
33.8429
34.4071
24.3986
11.6853
3.32199
1.94232
1.86117
1.85378
1.86643
1.93367
2.00216
1.94554
2.08375
2.22797
2.21281
2.14977
2.13925
2.09414
1.99829
1.99069
1.99602
2.00249
1.922
1.91799
1.91554
1.91361
1.91227
1.91368
1.91316
1.92318
1.85149
1.91443
1.90711
1.92154
1.85221
2.6484
2.77895
2.84299
2.84467
2.77646
2.84406
2.90988
2.83828
2.83585
2.92394
2.92542
2.91183
2.90924
2.91941
3.00211
2.9265
2.98988
2.97759
2.98751
3.08272
2.99167
3.06626
3.06118
3.06263
3.15261
3.05864
3.1492
3.13167
3.14214
3.14714
3.2175
3.13819
3.21793
3.20657
3.29031
3.20922
3.3057
3.30329
3.28967
3.28885
3.38546
3.30462
3.36494
3.39272
3.44317
3.36644
3.43358
3.44441
3.4382
3.44566
3.53181
3.52621
3.52085
3.51266
3.53092
3.60473
3.59078
3.59922
3.59281
3.67423
3.59058
3.65712
3.65763
3.73377
3.68603
3.73306
3.72191
3.75226
3.80924
3.80184
3.83108
3.81067
3.80901
3.87976
3.8791
3.87455
3.8905
3.96003
3.88199
3.96223
4.04698
3.94979
4.02746
4.03994
4.02734
4.02554
4.09904
4.10169
4.1076
4.11332
4.17389
4.19095
4.1622
4.17677
4.26835
4.25087
4.23803
4.24255
4.31249
4.32985
4.32079
4.33307
4.38953
4.40475
4.38806
4.42087
4.46049
4.39541
4.53622
4.44917
4.46493
4.55151
4.54209
4.62017
4.53069
4.60293
4.62806
4.6818
4.61163
4.6874
4.67536
4.76572
4.69784
4.75147
4.77026
4.83639
4.77226
4.83098
4.83014
4.8978
4.89093
4.91235
4.90824
4.89112
4.98482
4.98039
4.98935
5.05306
5.04856
5.04005
5.04356
5.13457
5.11767
5.11922
5.14642
5.20695
5.19346
5.22829
5.18836
5.27176
5.27663
5.25427
5.26589
5.34094
5.34905
5.34159
5.35013
5.42262
5.41443
5.42551
5.47326
5.40445
5.47698
5.47495
5.56754
5.56132
5.57993
5.55514
5.57931
5.63072
5.63933
5.63734
5.70752
5.62612
5.70425
5.72613
5.77273
5.70791
5.79118
5.77555
5.85034
5.77176
5.83894
5.84953
5.9073
5.84069
5.90928
5.91958
5.90375
5.99972
5.9121
5.98867
5.98184
6.06065
5.98464
6.06502
6.0621
6.14874
6.05763
6.12671
6.12932
6.12835
6.12992
6.19872
6.19371
6.2048
6.20837
6.28369
6.20936
6.26542
6.2697
6.2655
6.36774
6.27977
6.34681
6.35353
6.35936
6.41265
6.40836
6.33477
6.42928
6.39954
6.49002
6.41198
6.49131
6.48339
6.48937
6.48855
6.56079
6.49684
6.55855
6.54446
6.56205
6.55335
6.638
6.56136
6.62982
6.62914
6.63154
6.62928
6.69362
6.62715
6.69999
6.70334
6.70253
6.70404
6.70294
6.77577
6.70491
6.77961
6.79205
6.786
6.76668
6.77644
6.77804
6.84084
6.7688
6.85152
6.84981
6.77209
6.84499
6.85168
6.83534
6.91231
6.84074
6.92808
6.84519
6.92074
6.91599
6.84654
6.90869
6.91329
6.92454
6.93098
6.92722
6.98464
6.92123
6.9992
6.92042
6.9814
6.9367
6.99145
6.9995
6.92084
6.99899
6.99868
7.00078
6.98779
7.00402
6.99159
6.99319
6.99453
6.99683
6.99403
7.07519
6.99288
7.00139
7.00443
7.07078
6.99817
6.99717
7.005
7.06883
6.99758
7.00291
7.06566
6.99941
6.99089
6.9823
7.05853
6.99082
6.98854
6.99255
7.0603
6.98157
6.996
6.9992
6.99558
6.99874
6.98908
6.9954
6.99921
6.99475
6.99872
6.98944
6.92143
6.98403
6.99081
6.927
6.98874
6.91127
6.98938
6.92421
6.92182
6.91932
6.92066
6.92081
6.91275
6.91897
6.90783
6.8412
6.91052
6.84844
6.90962
6.84465
6.84663
6.84349
6.83928
6.84215
6.84558
6.85977
6.76687
6.85142
6.76876
6.77002
6.76335
6.76881
6.76759
6.77528
6.70654
6.77269
6.69529
6.69536
6.70224
6.69017
6.69118
6.69995
6.6227
6.62337
6.68882
6.62559
6.62563
6.55435
6.6283
6.54404
6.62685
6.55344
6.55033
6.56594
6.47446
6.5415
6.49034
6.49485
6.49628
6.48315
6.39947
6.4768
6.41825
6.4035
6.39462
6.40541
6.31974
6.33387
6.3395
6.33
6.32657
6.25666
6.33054
6.25163
6.25656
6.25607
6.18031
6.18485
6.18399
6.1795
6.18966
6.09668
6.177
6.10976
6.10799
6.03742
6.10657
6.03501
6.0273
6.04226
5.95903
6.04028
5.96068
5.95878
5.96937
5.89262
5.89399
5.89798
5.89795
5.88925
5.82383
5.82367
5.81868
5.81352
5.73958
5.74146
5.75581
5.74859
5.67284
5.74257
5.67169
5.60114
5.67535
5.58327
5.59318
5.60299
5.59433
5.51582
5.51438
5.52267
5.52729
5.45491
5.45366
5.44598
5.44683
5.38227
5.37717
5.37533
5.38226
5.31223
5.30583
5.29521
5.30058
5.22643
5.23122
5.2522
5.25032
5.15992
5.15402
5.14863
5.15056
5.10454
5.0913
5.08395
5.0773
5.01025
5.08301
5.00672
4.93716
5.01793
4.93603
4.93569
4.8622
4.93571
4.85571
4.85495
4.86497
4.79291
4.78869
4.77866
4.78461
4.71671
4.72646
4.71563
4.71665
4.6422
4.64439
4.64502
4.65253
4.56676
4.57425
4.56994
4.5645
4.50144
4.56772
4.4163
4.49879
4.49579
4.41743
4.42927
4.34778
4.41718
4.35443
4.34896
4.34774
4.27707
4.27682
4.27235
4.28269
4.27604
4.19996
4.20928
4.2029
4.12116
4.20744
4.12669
4.04836
4.12944
4.05843
4.05491
4.06371
4.0521
3.97759
3.98543
3.97886
3.97489
3.91161
3.97852
3.90098
3.84197
3.90568
3.82859
3.83842
3.83282
3.83202
3.76836
3.76553
3.75665
3.76727
3.69235
3.75436
3.69161
3.61522
3.68269
3.621
3.61283
3.61068
3.61951
3.54303
3.61107
3.5495
3.53862
3.46511
3.54786
3.46925
3.46312
3.47333
3.39511
3.39167
3.46952
3.32154
3.38816
3.39561
3.32251
3.31933
3.32976
3.32309
3.24165
3.2522
3.24417
3.23955
3.24923
3.17199
3.16711
3.17644
3.17054
3.16953
3.10565
3.17129
3.09576
3.10564
3.03205
3.09667
3.03194
3.02605
3.02099
3.03049
2.9535
3.02258
2.95787
2.9518
2.94836
2.88793
2.95272
2.87674
2.88624
2.88106
2.80525
2.88582
2.80673
2.80311
2.81217
2.80736
2.80253
2.73862
2.73391
2.80308
2.66665
2.73522
2.73378
2.66754
2.66183
2.65832
2.66766
2.66212
2.65742
2.59438
2.58815
2.58477
2.59419
2.5876
2.58478
2.52078
2.51557
2.58501
2.5222
2.44338
2.51269
2.52413
2.4424
2.43809
2.45016
2.44262
2.43873
2.37465
2.44155
2.36567
2.37508
2.36966
2.36688
2.37552
2.29697
2.36684
2.30289
2.29704
2.29249
2.30195
2.29609
2.22202
2.30172
2.22287
2.2198
2.22898
2.22522
2.22046
2.15657
2.21883
2.15053
2.22481
2.14557
2.14668
2.08299
2.15123
2.14693
2.0778
2.15011
2.07437
2.07784
2.07227
2.0752
2.01351
2.08076
2.00235
2.0835
1.99985
1.9958
2.00575
1.99894
1.99815
1.93158
2.00445
1.92317
2.00566
1.93208
1.92416
1.93307
1.92884
1.85115
1.93278
1.92644
1.85044
1.85916
1.85406
1.85024
1.85903
1.85578
1.85053
1.85929
1.78125
1.85093
1.7861
1.78215
1.85403
1.78948
1.78265
1.70634
1.78808
1.78286
1.70683
1.78775
1.70954
1.77981
1.71503
1.70997
1.70723
1.71584
1.71067
1.63454
1.71622
1.63645
1.70798
1.63681
1.70821
1.63542
1.64255
1.63638
1.63346
1.64287
1.56418
1.63464
1.64342
1.56453
1.6344
1.56995
1.56394
1.5607
1.56879
1.56423
1.56133
1.56465
1.55759
1.56086
1.4964
1.56409
1.48222
1.56993
1.48548
1.48337
1.49142
1.48494
1.48213
1.4903
1.48514
1.48469
1.4911
1.41167
1.4821
1.49648
1.41254
1.41047
1.49118
1.41308
1.41118
1.41849
1.41199
1.40884
1.41742
1.41175
1.40926
1.41737
1.33947
1.40901
1.34484
1.41256
1.33663
1.41812
1.33956
1.33647
1.34525
1.33946
1.33713
1.34522
1.3389
1.33658
1.34465
1.3389
1.33601
1.27222
1.34209
1.33687
1.26667
1.26119
1.33676
1.272
1.26053
1.25744
1.34468
1.26711
1.26309
1.27164
1.26588
1.26338
1.27185
1.26815
1.25841
1.27141
1.26694
1.26429
1.27209
1.19272
1.26299
1.19875
1.19284
1.26358
1.19864
1.19281
1.18992
1.19866
1.18795
1.18246
1.19048
1.185
1.18258
1.19569
1.1848
1.1819
1.19041
1.18677
1.18243
1.19036
1.18413
1.18206
1.19077
1.18511
1.18237
1.19044
1.18547
1.18383
1.19067
1.18475
1.18176
1.11839
1.1116
1.10907
1.11769
1.11163
1.10907
1.11794
1.11285
1.10982
1.11766
1.11255
1.1096
1.11764
1.11412
1.10963
1.11746
1.11175
1.10943
1.11779
1.1115
1.10915
1.11778
1.11204
1.10984
1.11735
1.11225
1.10967
1.1178
1.11406
1.10953
1.11749
1.11174
1.10927
1.11742
1.11153
1.10893
1.11807
1.11212
1.10958
1.11848
1.11281
1.10976
1.11777
1.03875
1.03607
1.04469
1.03863
1.0361
1.04399
1.03872
1.03653
1.04516
1.03926
1.03682
1.04484
1.03945
1.03687
1.04499
1.03889
1.03634
1.04483
1.0386
1.0367
1.04471
1.04009
1.03741
1.04573
1.0408
1.03716
1.0473
1.04063
1.03763
1.04577
1.03681
1.03241
1.04049
1.03439
1.03198
1.04588
1.03503
1.03205
1.04093
1.0351
1.03768
1.04576
1.04197
1.03739
1.04575
1.03995
1.03204
1.04056
1.03466
1.03191
1.04052
1.03469
1.03198
1.04095
1.03533
1.03428
1.04068
1.03546
1.03289
1.04051
1.04002
1.03709
1.04006
1.03434
1.03738
1.04596
1.03466
1.03199
0.967932
0.964469
0.959447
0.967623
0.962412
0.95953
0.967798
0.961827
0.958835
0.969747
0.962268
0.959486
0.967206
0.961397
0.958849
0.967385
0.962094
0.955327
0.962365
0.962274
0.959721
0.96762
0.95722
0.953502
0.961919
0.955809
0.953524
0.961727
0.956319
0.953706
0.962226
0.957059
0.954115
0.962049
0.957097
0.954405
0.962453
0.956024
0.953426
0.962384
0.956327
0.953547
0.962775
0.956188
0.953512
0.96213
0.95689
0.954772
0.963647
0.95757
0.954184
0.96261
0.956524
0.953812
0.962019
0.956402
0.953933
0.962393
0.956411
0.954592
0.96374
0.956982
0.953927
0.96248
0.957135
0.953899
0.962564
0.956252
0.953657
0.962098
0.956337
0.953109
0.963065
0.956144
0.953702
0.962141
0.956944
0.954399
0.962381
0.957092
0.954823
0.962403
0.956805
0.95369
0.962265
0.956716
0.953062
0.962977
0.95667
0.953571
0.961913
0.956987
0.954101
0.962136
0.95698
0.9538
0.962363
0.956646
0.953256
0.889002
0.956481
0.880471
0.962402
0.878378
0.948248
0.884062
0.951634
0.876086
0.883767
0.878387
0.87691
0.885819
0.880665
0.875288
0.884138
0.878225
0.874753
0.884376
0.878319
0.875169
0.883699
0.878398
0.87572
0.883861
0.878923
0.876101
0.883769
0.878768
0.875613
0.886071
0.879091
0.875395
0.884173
0.877874
0.875338
0.883977
0.878732
0.876058
0.884296
0.87842
0.876094
0.884752
0.878276
0.87566
0.883801
0.877962
0.876482
0.884081
0.878059
0.875559
0.884184
0.878716
0.875905
0.884301
0.878758
0.876143
0.884369
0.878233
0.875425
0.884157
0.877929
0.875014
0.884874
0.878313
0.875067
0.886551
0.878708
0.876031
0.884307
0.878596
0.875925
0.883999
0.87828
0.87532
0.883982
0.878495
0.875795
0.884716
0.879203
0.87646
0.885356
0.879677
0.87653
0.884473
0.879923
0.876461
0.884926
0.878542
0.875915
0.884697
0.878804
0.875964
0.885197
0.879018
0.875802
0.884503
0.878923
0.876801
0.884156
0.878843
0.876216
0.884911
0.878928
0.87665
0.884822
0.879138
0.876565
0.885007
0.878963
0.875953
0.884709
0.879342
0.876449
0.884292
0.874989
0.871273
0.879871
0.878973
0.875874
0.884716
0.881196
0.875868
0.884892
0.878976
0.876044
0.884667
0.873787
0.870958
0.884804
0.879662
0.876655
0.885059
0.879038
0.870435
0.880036
0.873508
0.870374
0.879421
0.873505
0.87044
0.874255
0.868691
0.865809
0.874529
0.868529
0.865692
0.87435
0.867955
0.866498
0.873696
0.868368
0.865498
0.87428
0.868025
0.865402
0.874337
0.868293
0.865886
0.874167
0.868511
0.866324
0.874424
0.868304
0.865481
0.873897
0.870315
0.865027
0.873794
0.868154
0.86516
0.873714
0.86861
0.865588
0.873772
0.868305
0.868074
0.874148
0.867895
0.864956
0.873868
0.86801
0.864893
0.874505
0.869382
0.865167
0.873918
0.868784
0.865862
0.874262
0.869395
0.865493
0.874206
0.868017
0.865068
0.873745
0.868119
0.864936
0.874297
0.868409
0.865226
0.874238
0.86857
0.865718
0.87406
0.868988
0.865783
0.874012
0.868034
0.865358
0.874013
0.868059
0.865274
0.874247
0.868327
0.865304
0.873561
0.868462
0.866068
0.874121
0.868556
0.865376
0.874127
0.867972
0.865191
0.874061
0.868143
0.864952
0.874006
0.867923
0.865003
0.876656
0.868277
0.865696
0.873782
0.868457
0.865471
0.873964
0.867763
0.865284
0.87399
0.867919
0.865364
0.873925
0.867881
0.866645
0.873892
0.868378
0.865717
0.874113
0.868534
0.86521
0.873991
0.86807
0.865208
0.873757
0.867952
0.865426
0.873972
0.868414
0.86541
0.873744
0.868556
0.865431
0.874632
0.868595
0.8657
0.873766
0.868026
0.865032
0.874296
0.867487
0.865342
0.874589
0.86777
0.865201
0.8742
0.868574
0.865381
0.874255
0.863082
0.860725
0.868722
0.862594
0.859791
0.868641
0.863434
0.861756
0.870304
0.862656
0.859711
0.8693
0.862885
0.860465
0.868603
0.863069
0.860085
0.868993
0.862842
0.859623
0.868508
0.863353
0.859645
0.868925
0.862739
0.862728
0.868379
0.863437
0.859954
0.868267
0.863282
0.860078
0.868538
0.862989
0.859689
0.868461
0.862848
0.86015
0.868637
0.862476
0.860019
0.868878
0.864392
0.860503
0.868724
0.863296
0.860188
0.868722
0.862781
0.860118
0.868782
0.86267
0.859815
0.868879
0.862547
0.859672
0.795367
0.790024
0.78769
0.79568
0.790289
0.78716
0.795867
0.791961
0.787145
0.795379
0.790026
0.78717
0.796079
0.789408
0.78644
0.79045
0.784516
0.781759
0.790043
0.784916
0.781933
0.790332
0.78497
0.78275
0.790425
0.78385
0.781191
0.790705
0.784083
0.781233
0.790036
0.784325
0.781754
0.790309
0.78465
0.781706
0.79022
0.784125
0.781672
0.790558
0.78379
0.78141
0.790424
0.784109
0.781279
0.790326
0.784805
0.782283
0.790064
0.784736
0.781741
0.790524
0.784367
0.781586
0.790432
0.784225
0.781363
0.790232
0.784115
0.781685
0.790275
0.784695
0.782303
0.790421
0.784679
0.781997
0.784615
0.778858
0.778343
0.785067
0.779016
0.776286
0.785089
0.779
0.775896
0.785366
0.779913
0.776919
0.785379
0.779456
0.776725
0.78492
0.778661
0.776329
0.785709
0.778974
0.775865
0.785618
0.779109
0.776068
0.785374
0.779365
0.77695
0.785148
0.779732
0.77639
0.785046
0.779455
0.776147
0.786172
0.780005
0.776333
0.78514
0.779037
0.776312
0.785469
0.779646
0.776739
0.784884
0.779392
0.776935
0.785214
0.779033
0.776223
0.784898
0.778968
0.77606
0.785561
0.779877
0.776036
0.785124
0.779593
0.776704
0.785049
0.779592
0.776658
0.785342
0.778988
0.775905
0.785391
0.78132
0.776678
0.784986
0.778835
0.776078
0.785345
0.779569
0.776507
0.786434
0.779784
0.776728
0.78523
0.779037
0.776143
0.785099
0.78007
0.776915
0.785771
0.77885
0.776386
0.784773
0.779671
0.776611
0.785377
0.779668
0.776612
0.785054
0.778967
0.775853
0.785296
0.778918
0.776321
0.785356
0.779179
0.776418
0.784991
0.779358
0.77673
0.784837
0.779852
0.776685
0.784997
0.778737
0.776112
0.784824
0.77897
0.776013
0.785853
0.778953
0.776281
0.785129
0.779207
0.776592
0.785245
0.779577
0.776766
0.784972
0.773612
0.770784
0.779676
0.77355
0.772104
0.782034
0.77374
0.770554
0.780065
0.773894
0.7712
0.779808
0.77409
0.771214
0.779868
0.773811
0.770745
0.779855
0.773736
0.771082
0.780514
0.773826
0.765199
0.774331
0.768745
0.765855
0.77444
0.768705
0.766872
0.774212
0.768462
0.764732
0.774291
0.768019
0.765015
0.774543
0.768402
0.765331
0.774383
0.76862
0.766294
0.774222
0.768873
0.766031
0.774283
0.767945
0.764979
0.774838
0.76863
0.765504
0.774908
0.769074
0.766043
0.774626
0.769123
0.766498
0.774828
0.76931
0.766912
0.774708
0.768223
0.765159
0.774888
0.768491
0.765738
0.775169
0.768459
0.76934
0.774606
0.768917
0.765738
0.774716
0.768918
0.765926
0.775102
0.768334
0.765774
0.774571
0.768765
0.765742
0.775316
0.768451
0.765875
0.770262
0.763836
0.760644
0.770152
0.765003
0.760602
0.769411
0.763455
0.760191
0.769457
0.763217
0.760492
0.76961
0.762857
0.760473
0.770695
0.763947
0.76059
0.769342
0.763482
0.76083
0.769735
0.763599
0.760576
0.770322
0.763439
0.7604
0.769768
0.762936
0.760098
0.769298
0.764142
0.760965
0.769098
0.763562
0.761034
0.769275
0.763227
0.760056
0.769406
0.763293
0.760444
0.76966
0.762723
0.760444
0.76945
0.763499
0.762823
0.768963
0.763761
0.760989
0.769412
0.76295
0.760062
0.769193
0.763095
0.760368
0.770096
0.763208
0.760045
0.769343
0.763487
0.761305
0.770413
0.763858
0.760533
0.769398
0.763032
0.760292
0.769333
0.763271
0.754919
0.764102
0.757811
0.754999
0.764179
0.75819
0.755479
0.763685
0.756651
0.753733
0.762026
0.755673
0.753182
0.761739
0.755662
0.753311
0.762453
0.755586
0.753004
0.762038
0.756194
0.753743
0.761822
0.756246
0.753751
0.761824
0.755551
0.752855
0.762265
0.755639
0.753759
0.763399
0.7558
0.752793
0.762444
0.756058
0.753534
0.761689
0.756155
0.756027
0.761761
0.755747
0.75274
0.761388
0.755562
0.747834
0.757032
0.750246
0.747749
0.756696
0.750995
0.748318
0.756816
0.750705
0.748314
0.757581
0.750571
0.747669
0.756866
0.750267
0.742494
0.75142
0.74494
0.741926
0.751695
0.745261
0.742735
0.751105
0.74552
0.743006
0.751206
0.745609
0.742684
0.751375
0.744722
0.742604
0.751462
0.745056
0.737204
0.746173
0.740275
0.737388
0.745762
0.740302
0.737416
0.745605
0.739592
0.737057
0.745877
0.739668
0.73695
0.748642
0.739928
0.737036
0.746069
0.740286
0.737445
0.745494
0.740413
0.737721
0.745808
0.739371
0.737268
0.747349
0.741643
0.736966
0.746089
0.739842
0.73731
0.745912
0.740335
0.737178
0.745529
0.740281
0.737396
0.746023
0.739664
0.736613
0.746105
0.739973
0.737859
0.746137
0.745017
0.741897
0.746231
0.745492
0.742834
0.751126
0.745597
0.7427
0.751249
0.74499
0.742307
0.751109
0.74477
0.742132
0.751739
0.745335
0.742496
0.751609
0.74543
0.742497
0.751453
0.74544
0.742816
0.7509
0.744945
0.742385
0.7512
0.744751
0.742476
0.751361
0.746286
0.742706
0.75135
0.745489
0.742908
0.752708
0.745511
0.742537
0.751249
0.744869
0.742033
0.750831
0.745047
0.742075
0.752038
