0.730136
0.713952
0.70657
0.705949
0.689538
0.696255
0.690538
0.682208
0.684359
0.696507
0.69046
0.685167
0.685559
0.697469
0.698707
0.685386
0.697942
0.689336
0.70524
0.691446
0.689768
0.696837
0.704398
0.696239
0.692025
0.690147
0.689012
0.687885
0.69019
0.690487
0.689204
0.691292
0.691644
0.682215
0.699111
0.70201
0.692185
0.697053
0.687643
0.689114
0.694757
0.678967
0.684842
0.685195
0.681376
0.696115
0.698987
0.682379
0.681044
0.688884
0.688598
0.68632
0.685082
0.673559
0.680149
0.686191
0.685127
0.686816
0.681511
0.680777
0.686455
0.677781
0.692887
0.675455
0.685258
0.685934
0.6861
0.678308
0.68559
0.671346
0.685142
0.675393
0.686353
0.685816
0.679096
0.67787
0.683368
0.694618
0.679097
0.693803
0.685142
0.682556
0.673731
0.683748
0.677431
0.683242
0.690525
0.684276
0.685449
0.679028
0.678185
0.676207
0.683409
0.678169
0.681206
0.692409
0.680061
0.674644
0.675628
0.677455
0.683127
0.667536
0.665683
0.677807
0.67937
0.673328
0.686544
0.679945
0.679879
0.676825
0.676784
0.670446
0.678671
0.674343
0.681759
0.686154
0.678894
0.671352
0.679515
0.678297
0.674073
0.671426
0.675579
0.679677
0.673757
0.678562
0.674656
0.67752
0.664676
0.680126
0.679818
0.67916
0.663628
0.668633
0.668272
0.683806
0.663201
0.678714
0.671721
0.669814
0.667377
0.687565
0.668079
0.677236
0.669841
0.658298
0.672961
0.671435
0.664049
0.665529
0.663792
0.666785
0.676221
0.667164
0.673149
0.670625
0.663216
0.666146
0.678161
0.665823
0.6654
0.677663
0.669972
0.670608
0.673162
0.659212
0.660359
0.671468
0.667284
0.661831
0.662127
0.67453
0.66547
0.672595
0.668862
0.66115
0.667037
0.66611
0.654081
0.666625
0.671886
0.675002
0.668467
0.687316
0.663891
0.673208
0.676807
0.66204
0.670876
0.670151
0.680735
0.670731
0.676249
0.669394
0.677785
0.673189
0.663221
0.665094
0.665483
0.665587
0.671813
0.675803
0.673893
0.672408
0.680391
0.672875
0.678579
0.67055
0.671548
0.667098
0.675217
0.674542
0.669303
0.677948
0.674744
0.673236
0.669487
0.665463
0.663235
0.672453
0.659003
0.665636
0.659871
0.659934
0.656939
0.665869
0.663341
0.667284
0.658869
0.665364
0.665568
0.662307
0.666831
0.668888
0.664123
0.661807
0.66647
0.668342
0.6665
0.665475
0.658479
0.663881
0.666333
0.674313
0.67226
0.657909
0.664019
0.651901
0.682033
0.673426
0.664323
0.673506
0.673009
0.662081
0.658308
0.653959
0.671012
0.648294
0.664044
0.656932
0.660058
0.6577
0.662252
0.662157
0.660326
0.664904
0.663512
0.650235
0.663423
0.650848
0.664373
0.660599
0.6534
0.658793
0.65779
0.660234
0.655267
0.655299
0.656313
0.658048
0.656526
0.657295
0.657165
0.654291
0.656686
0.659478
0.668047
0.665283
0.64858
0.657824
0.660305
0.650826
0.651839
0.65845
0.657764
0.652397
0.654915
0.657586
0.645814
0.649724
0.64961
0.660527
0.649451
0.655124
0.649477
0.656585
0.643589
0.647568
0.657018
0.664386
0.661781
0.647882
0.652729
0.659456
0.653462
0.645707
0.667266
0.657423
0.658877
0.654269
0.662594
0.660967
0.661509
0.651419
0.662875
0.653473
0.659017
0.654464
0.659401
0.655157
0.662254
0.658052
0.662191
0.663983
0.658232
0.655582
0.659058
0.664067
0.662344
0.659223
0.662747
0.661057
0.658982
0.65354
0.648271
0.650736
0.651979
0.646976
0.648817
0.646912
0.645363
0.655348
0.658773
0.655681
0.655549
0.651291
0.657064
0.659499
0.656129
0.661526
0.649273
0.655728
0.644737
0.649762
0.661242
0.644979
0.641878
0.65087
0.653833
0.655692
0.652884
0.65043
0.657509
0.645995
0.65105
0.642341
0.649827
0.642936
0.651255
0.644383
0.649581
0.648159
0.650482
0.645564
0.651276
0.648111
0.663472
0.64495
0.654317
0.644828
0.650806
0.638195
0.650513
0.645496
0.653589
0.657063
0.647454
0.646879
0.642548
0.656627
0.63803
0.644067
0.647512
0.644279
0.644349
0.641153
0.647246
0.649402
0.647558
0.646417
0.641565
0.646071
0.645917
0.644097
0.653323
0.638095
0.633774
0.656453
0.660648
0.661569
0.645563
0.634963
0.643554
0.653103
0.642556
0.636257
0.646843
0.634674
0.648185
0.649985
0.645353
0.636795
0.642437
0.643903
0.636129
0.64172
0.643777
0.637474
0.642452
0.643876
0.635904
0.649938
0.630184
0.634
0.643674
0.641552
0.642112
0.637304
0.642529
0.632028
0.646541
0.638352
0.64411
0.639384
0.636073
0.646625
0.640316
0.642266
0.648009
0.646795
0.640384
0.642124
0.644246
0.640587
0.633211
0.63646
0.635953
0.647116
0.641425
0.64028
0.638462
0.636485
0.639047
0.642263
0.627288
0.632861
0.645421
0.635442
0.630571
0.629431
0.635554
0.642395
0.642422
0.642592
0.632892
0.633958
0.642086
0.636972
0.636569
0.640733
0.646107
0.639637
0.633223
0.632355
0.632285
0.633844
0.658371
0.655118
0.640101
0.634991
0.628743
0.628851
0.654065
0.644459
0.632203
0.627859
0.639449
0.635946
0.632373
0.635277
0.642978
0.635828
0.635976
0.630861
0.635915
0.6302
0.629827
0.634048
0.635509
0.632338
0.626346
0.633064
0.636514
0.640355
0.633793
0.633814
0.634706
0.634594
0.638653
0.641317
0.629407
0.6355
0.631093
0.627985
0.635541
0.630066
0.627592
0.635586
0.629959
0.628011
0.636931
0.630103
0.627724
0.635437
0.630944
0.628247
0.630478
0.631068
0.628198
0.636096
0.630465
0.629691
0.635902
0.630492
0.62316
0.635564
0.624748
0.623017
0.630413
0.632901
0.628013
0.635397
0.625018
0.624257
0.630216
0.624671
0.622492
0.629684
0.62435
0.622202
0.630241
0.624809
0.622297
0.630635
0.625285
0.623795
0.631832
0.630717
0.622644
0.63038
0.630002
0.621789
0.630038
0.624771
0.622434
0.631715
0.624734
0.622364
0.630713
0.627105
0.622884
0.630032
0.620832
0.622593
0.63039
0.625709
0.621852
0.630219
0.624183
0.622403
0.625142
0.624754
0.618457
0.62539
0.625592
0.62227
0.630184
0.625577
0.617689
0.624785
0.619369
0.616334
0.624927
0.619389
0.61678
0.62504
0.61927
0.61823
0.62549
0.619873
0.617283
0.624972
0.625985
0.617159
0.625179
0.619602
0.616439
0.624773
0.619388
0.617837
0.625316
0.61931
0.616696
0.62671
0.620197
0.617162
0.625187
0.620386
0.617936
0.625265
0.619359
0.617255
0.624886
0.619988
0.616621
0.624646
0.619703
0.616585
0.62566
0.620111
0.619078
0.625301
0.620086
0.617462
0.625639
0.619796
0.617169
0.625515
0.619357
0.61737
0.624639
0.619409
0.617041
0.625339
0.619884
0.617072
0.625135
0.620334
0.617594
0.626317
0.619118
0.616648
0.625054
0.619837
0.616809
0.625093
0.61934
0.616736
0.625521
0.620093
0.617559
0.624919
0.620037
0.617545
0.624897
0.619111
0.616532
0.625142
0.619114
0.618252
0.62495
0.619222
0.616742
0.625462
0.620882
0.617419
0.62478
0.614922
0.617317
0.619851
0.614058
0.616681
0.624994
0.619335
0.616868
0.619762
0.619318
0.617029
0.619678
0.61472
0.617571
0.626233
0.622692
0.6174
0.624771
0.614252
0.611408
0.620122
0.613716
0.611786
0.619434
0.61947
0.611608
0.620134
0.620055
0.612258
0.619867
0.616433
0.612282
0.619943
0.613713
0.611398
0.619887
0.614534
0.611744
0.619799
0.616321
0.611562
0.619804
0.614961
0.611999
0.619246
0.615593
0.613048
0.620225
0.614391
0.611464
0.620072
0.614156
0.611968
0.619497
0.614223
0.611843
0.619951
0.614873
0.612329
0.619913
0.615046
0.612175
0.620213
0.614176
0.612177
0.614425
0.6125
0.613508
0.620026
0.614462
0.611363
0.620654
0.615013
0.612611
0.619713
0.61504
0.612364
0.620235
0.614428
0.611831
0.619502
0.614316
0.612094
0.614404
0.608382
0.611935
0.620041
0.615024
0.60638
0.619916
0.609277
0.607207
0.614866
0.608557
0.606015
0.613984
0.608677
0.608041
0.614708
0.608649
0.606015
0.619995
0.609456
0.606397
0.614318
0.609708
0.607435
0.614862
0.608661
0.606102
0.614342
0.608557
0.606297
0.61413
0.609069
0.605797
0.614417
0.609344
0.606598
0.614211
0.609359
0.606426
0.614655
0.608827
0.607363
0.614388
0.608643
0.606379
0.614566
0.608593
0.606077
0.614745
0.611695
0.606701
0.608947
0.604008
0.606908
0.614305
0.6031
0.60064
0.614386
0.609016
0.606026
0.61427
0.608725
0.606412
0.61464
0.610839
0.601417
0.613882
0.609509
0.606927
0.614455
0.608357
0.606039
0.614282
0.608465
0.606608
0.6144
0.60869
0.605957
0.614246
0.603938
0.59999
0.607426
0.602425
0.600095
0.612847
0.602001
0.59942
0.607585
0.603887
0.600078
0.607577
0.601654
0.599368
0.607958
0.602569
0.599851
0.607586
0.602782
0.600327
0.607763
0.602067
0.599472
0.607927
0.602032
0.59954
0.607917
0.601817
0.599352
0.608039
0.602947
0.600065
0.607576
0.602654
0.600038
0.607582
0.604297
0.599327
0.607775
0.601737
0.599796
0.60774
0.601798
0.599675
0.607936
0.602475
0.599972
0.607458
0.602621
0.599973
0.607681
0.60372
0.600013
0.607825
0.601877
0.59968
0.607609
0.601807
0.599259
0.608167
0.602358
0.600085
0.607444
0.603176
0.60008
0.607808
0.601667
0.599234
0.607565
0.601742
0.599449
0.607153
0.601929
0.599577
0.608131
0.602628
0.599985
0.607651
0.602491
0.600195
0.607944
0.601874
0.59951
0.607682
0.601733
0.599664
0.607617
0.602744
0.60009
0.608288
0.603474
0.599863
0.60963
0.603229
0.600427
0.607998
0.599403
0.594993
0.602827
0.597054
0.594739
0.60849
0.597561
0.594948
0.603347
0.597732
0.600391
0.608216
0.60369
0.600241
0.608236
0.602563
0.594838
0.603022
0.597225
0.594622
0.603067
0.597397
0.594654
0.603303
0.597938
0.597084
0.603074
0.598051
0.595744
0.603031
0.602478
0.599838
0.602586
0.597006
0.600134
0.608026
0.597289
0.594629
0.603196
0.597929
0.595027
0.602743
0.597806
0.595242
0.603108
0.597209
0.594376
0.605321
0.597763
0.595064
0.602655
0.597183
0.594332
0.602777
0.597558
0.591114
0.597836
0.597741
0.595435
0.60291
0.59227
0.589113
0.597266
0.59147
0.589144
0.597222
0.591807
0.589285
0.5976
0.592651
0.589733
0.597402
0.592653
0.589954
0.597662
0.591515
0.588941
0.597874
0.59191
0.589233
0.59818
0.591915
0.589193
0.597673
0.592505
0.590148
0.598827
0.593104
0.589685
0.597839
0.592079
0.589298
0.59748
0.591963
0.589518
0.597882
0.591972
0.590108
0.598752
0.592625
0.589533
0.597815
0.59277
0.589688
0.597763
0.591791
0.589219
0.597596
0.591986
0.588955
0.597828
0.591793
0.589274
0.597417
0.592547
0.590133
0.597717
0.592601
0.590085
0.597824
0.592278
0.589208
0.597781
0.592164
0.588795
0.598392
0.592333
0.589022
0.59741
0.592313
0.589721
0.59746
0.592609
0.589534
0.597507
0.592065
0.588805
0.597376
0.591922
0.588998
0.597751
0.586945
0.583729
0.592353
0.587151
0.584704
0.592149
0.586897
0.585568
0.59349
0.589227
0.583714
0.592468
0.586595
0.583401
0.592764
0.586771
0.583639
0.592031
0.586832
0.584367
0.592115
0.586886
0.584662
0.592055
0.587285
0.583869
0.594427
0.586467
0.583909
0.592432
0.586461
0.58369
0.592197
0.587065
0.584711
0.592385
0.586758
0.584792
0.592599
0.586772
0.584116
0.592274
0.586433
0.585054
0.592403
0.586651
0.584091
0.592516
0.587329
0.58432
0.592678
0.587226
0.584661
0.592732
0.586633
0.583943
0.592554
0.58632
0.583588
0.593233
0.586806
0.583561
0.593688
0.587268
0.584697
0.592524
0.587037
0.584517
0.592189
0.586761
0.583928
0.592213
0.586802
0.58444
0.593008
0.587715
0.58455
0.593435
0.58788
0.58517
0.592692
0.588232
0.585051
0.593159
0.586918
0.584503
0.592937
0.587328
0.584612
0.593609
0.587359
0.584465
0.592669
0.587321
0.58539
0.592494
0.587434
0.58489
0.593111
0.587451
0.585191
0.592981
0.587434
0.58493
0.593332
0.58751
0.584409
0.593166
0.58792
0.585017
0.592651
0.583446
0.580043
0.588038
0.587357
0.584322
0.593113
0.589358
0.584298
0.593254
0.587355
0.584504
0.593023
0.582172
0.579586
0.593123
0.587851
0.58506
0.593228
0.587442
0.579028
0.587766
0.581913
0.578876
0.587619
0.581923
0.578813
0.582487
0.577159
0.574403
0.582618
0.576983
0.574249
0.582491
0.576357
0.574821
0.581969
0.576622
0.573974
0.582559
0.57649
0.573794
0.582598
0.576744
0.574308
0.582502
0.576649
0.574653
0.582489
0.576472
0.573878
0.582229
0.57819
0.573535
0.582015
0.576549
0.573376
0.581825
0.577131
0.574071
0.581996
0.576786
0.57565
0.582312
0.576213
0.573397
0.582025
0.576439
0.573422
0.582588
0.577754
0.57364
0.582175
0.577178
0.574389
0.582418
0.577335
0.573964
0.582319
0.576173
0.573495
0.582084
0.576491
0.573392
0.582515
0.576693
0.573559
0.582345
0.576994
0.574395
0.582055
0.577242
0.5744
0.582159
0.576274
0.573863
0.582365
0.576386
0.573665
0.582679
0.576599
0.573575
0.581802
0.576855
0.574375
0.58226
0.576742
0.574075
0.582136
0.576298
0.573565
0.582297
0.57651
0.573511
0.582167
0.576371
0.573387
0.584787
0.576705
0.574175
0.58196
0.576782
0.573993
0.582032
0.576088
0.573722
0.582289
0.576322
0.573932
0.582084
0.576341
0.573921
0.582149
0.57679
0.574166
0.582419
0.577046
0.573759
0.582149
0.576536
0.573712
0.581942
0.576344
0.573742
0.58227
0.576449
0.573719
0.581754
0.577044
0.574015
0.582761
0.576858
0.574281
0.581974
0.576328
0.573531
0.582526
0.575915
0.573955
0.582446
0.576297
0.573449
0.582355
0.576983
0.573995
0.582448
0.571358
0.569102
0.576974
0.57087
0.56806
0.577022
0.571814
0.57006
0.578128
0.571192
0.56793
0.577372
0.571258
0.568894
0.576808
0.571558
0.568701
0.577052
0.571044
0.568134
0.576895
0.571224
0.568159
0.577193
0.571087
0.571072
0.57651
0.571872
0.568441
0.576533
0.571625
0.568583
0.576584
0.571173
0.568077
0.576587
0.571194
0.568698
0.577013
0.570961
0.56833
0.576949
0.572824
0.569093
0.576856
0.571579
0.568674
0.57688
0.571153
0.56826
0.576979
0.57098
0.568346
0.577124
0.571132
0.567845
0.57653
0.571361
0.569113
0.576798
0.571303
0.568626
0.577034
0.572866
0.568257
0.57654
0.571103
0.568482
0.577175
0.570791
0.567747
0.571618
0.565899
0.563245
0.570999
0.566114
0.56334
0.571435
0.566259
0.563532
0.571608
0.565161
0.562556
0.571894
0.565337
0.562625
0.571085
0.565671
0.56303
0.571486
0.565782
0.563166
0.571402
0.565325
0.562615
0.571676
0.565169
0.56273
0.571545
0.565528
0.562674
0.571562
0.566052
0.563726
0.571166
0.566075
0.563159
0.571681
0.56564
0.562698
0.571667
0.565615
0.562737
0.57145
0.565449
0.562979
0.57133
0.56612
0.563644
0.5716
0.565932
0.563191
0.565857
0.56023
0.559693
0.566064
0.560254
0.557742
0.566227
0.560308
0.557196
0.566473
0.561141
0.558364
0.56654
0.560699
0.558224
0.56607
0.560076
0.557662
0.566368
0.560295
0.557252
0.566769
0.560351
0.557345
0.566302
0.560636
0.558327
0.566349
0.560989
0.557767
0.566215
0.560575
0.557346
0.56708
0.561258
0.557621
0.566194
0.560475
0.55761
0.566692
0.560939
0.558174
0.566103
0.560618
0.558267
0.56629
0.56034
0.557545
0.566196
0.560034
0.55742
0.566819
0.560958
0.557311
0.566269
0.560948
0.557998
0.566192
0.560841
0.558131
0.566508
0.560188
0.557412
0.566524
0.562023
0.558005
0.566169
0.560262
0.557298
0.566504
0.560795
0.557849
0.567478
0.560822
0.55811
0.566415
0.560306
0.557567
0.56622
0.5613
0.55775
0.566801
0.560343
0.55761
0.565936
0.560885
0.558074
0.566569
0.560962
0.558135
0.566126
0.560333
0.557175
0.56649
0.560214
0.557479
0.566562
0.560547
0.557755
0.566213
0.560766
0.558267
0.566115
0.561116
0.558053
0.566161
0.560075
0.557459
0.565999
0.560418
0.557314
0.56666
0.560357
0.557426
0.56618
0.560601
0.557932
0.56636
0.560945
0.55823
0.566086
0.554966
0.552051
0.560888
0.554629
0.553579
0.562578
0.555128
0.551924
0.561173
0.555346
0.552526
0.560926
0.555477
0.552652
0.561009
0.555134
0.552201
0.561064
0.55495
0.552322
0.561106
0.555123
0.546516
0.555423
0.550012
0.547317
0.555536
0.54993
0.548233
0.555286
0.549733
0.546189
0.5554
0.54932
0.546287
0.555779
0.549613
0.546561
0.555774
0.549936
0.54765
0.555244
0.55017
0.547385
0.555383
0.549097
0.546338
0.555787
0.549834
0.54665
0.555975
0.550322
0.546964
0.555384
0.550224
0.547705
0.555746
0.55047
0.547494
0.555637
0.549453
0.546476
0.555782
0.549708
0.54681
0.55607
0.549551
0.549788
0.555639
0.550114
0.547152
0.555758
0.550071
0.547268
0.556115
0.549584
0.546898
0.555534
0.54981
0.546904
0.556238
0.54957
0.546999
0.550656
0.544874
0.54196
0.551234
0.544787
0.541868
0.550307
0.544557
0.541404
0.550466
0.544315
0.541583
0.550642
0.544143
0.541581
0.551642
0.544931
0.54178
0.550316
0.544752
0.542129
0.550571
0.54466
0.541834
0.550547
0.544354
0.541568
0.550838
0.544235
0.541233
0.550303
0.544937
0.542145
0.550127
0.544697
0.542201
0.550155
0.544362
0.541268
0.550427
0.544315
0.541562
0.55071
0.543888
0.54145
0.550373
0.544743
0.543629
0.549933
0.544741
0.542232
0.550444
0.544125
0.541237
0.550153
0.544168
0.541561
0.550887
0.54426
0.541166
0.550247
0.544679
0.542622
0.55081
0.544922
0.541718
0.550385
0.544166
0.541438
0.550275
0.544327
0.536063
0.545137
0.53898
0.536041
0.545107
0.539368
0.53685
0.544754
0.538305
0.535405
0.543666
0.537484
0.53492
0.54347
0.537308
0.535002
0.544068
0.537507
0.534855
0.543532
0.537811
0.535509
0.543241
0.537919
0.53544
0.543268
0.537362
0.534606
0.543709
0.537269
0.535361
0.544853
0.537616
0.534516
0.543945
0.537745
0.535218
0.54327
0.537792
0.537225
0.543258
0.537317
0.534471
0.542974
0.53724
0.529655
0.538619
0.532018
0.529296
0.538254
0.532618
0.5302
0.538519
0.532289
0.530015
0.538207
0.532259
0.529443
0.538295
0.531873
0.524247
0.532866
0.526665
0.523563
0.533217
0.527037
0.524452
0.53249
0.527254
0.524783
0.53283
0.527126
0.524093
0.532905
0.526517
0.524356
0.53305
0.526775
0.518809
0.527714
0.521946
0.519227
0.527308
0.521898
0.519099
0.527235
0.521314
0.518858
0.527199
0.521265
0.518454
0.530196
0.521675
0.518719
0.527549
0.521848
0.519246
0.527018
0.522109
0.519478
0.527326
0.521095
0.518956
0.528742
0.523186
0.518646
0.5277
0.5216
0.518964
0.527393
0.521917
0.518946
0.526904
0.521933
0.519342
0.52746
0.52128
0.518335
0.527592
0.521657
0.519042
0.527687
0.526656
0.52361
0.527632
0.527109
0.524726
0.532665
0.527232
0.524396
0.532776
0.52679
0.524103
0.532673
0.526559
0.523772
0.533086
0.527043
0.524151
0.533003
0.527145
0.524326
0.53298
0.527152
0.524628
0.532475
0.52663
0.524052
0.532601
0.526524
0.524137
0.532976
0.52771
0.524338
0.532833
0.527224
0.524723
0.534187
0.527178
0.524346
0.532749
0.526641
0.523677
0.532391
0.52674
0.523902
0.533555
