2.91738
2.15972
1.50595
1.05062
0.750098
0.550358
0.413255
-0.35449
-0.344929
-0.334996
-0.325163
-0.315738
-0.306894
-0.298692
-0.291123
-0.284139
-0.277678
-0.271673
-0.266068
-0.260811
-0.255858
-0.251172
-0.246719
-0.242472
-0.238405
-0.234499
-0.230734
-0.227095
-0.223571
-0.220151
-0.216827
-0.213592
-0.210442
-0.207371
-0.204377
-0.201456
-0.198606
-0.195823
-0.193106
-0.190453
-0.18786
-0.185327
-0.182852
-0.180432
-0.178066
-0.175752
-0.173488
-0.171274
-0.169106
-0.166985
-0.164909
-0.162875
-0.160883
-0.158932
-0.15702
-0.155146
-0.15331
-0.151509
-0.149743
-0.148011
-0.146312
-0.144645
-0.143009
-0.141403
-0.139827
-0.138279
-0.13676
-0.135267
-0.133801
-0.13236
-0.130945
-0.129554
-0.128187
-0.126843
-0.125521
-0.124222
-0.122944
-0.121687
-0.120451
-0.119234
-0.118037
-0.116859
-0.1157
-0.114559
-0.113435
-0.112329
-0.11124
-0.110167
-0.10911
-0.108069
-0.107044
-0.106034
-0.105038
-0.104057
-0.10309
-0.102137
-0.101197
-0.100271
-0.0993572
-0.0984565
-0.0975682
-0.0966921
-0.0958279
-0.0949753
-0.0941343
-0.0933044
-0.0924856
-0.0916775
-0.09088
-0.0900928
-0.0893158
-0.0885488
-0.0877916
-0.0870439
-0.0863057
-0.0855767
-0.0848567
-0.0841456
-0.0834432
-0.0827494
-0.0820641
-0.0813869
-0.0807179
-0.0800568
-0.0794036
-0.078758
-0.07812
-0.0774895
-0.0768662
-0.07625
-0.075641
-0.0750388
-0.0744435
-0.0738548
-0.0732728
-0.0726972
-0.072128
-0.071565
-0.0710083
-0.0704576
-0.0699128
-0.0693739
-0.0688408
-0.0683134
-0.0677916
-0.0672754
-0.0667645
-0.066259
-0.0657587
-0.0652636
-0.0647737
-0.0642887
-0.0638087
-0.0633336
-0.0628633
-0.0623977
-0.0619368
-0.0614805
-0.0610287
-0.0605814
-0.0601385
-0.0597
-0.0592657
-0.0588356
-0.0584097
-0.0579879
-0.0575701
-0.0571564
-0.0567466
-0.0563406
-0.0559385
-0.0555402
-0.0551456
-0.0547546
-0.0543674
-0.0539836
-0.0536035
-0.0532268
-0.0528535
-0.0524837
-0.0521172
-0.0517541
-0.0513942
-0.0510375
-0.050684
-0.0503337
-0.0499865
-0.0496423
-0.0493012
-0.0489631
-0.0486279
-0.0482957
-0.0479664
-0.0476399
-0.0473162
-0.0469954
-0.0466772
-0.0463618
-0.0460491
-0.045739
-0.0454316
-0.0451268
-0.0448245
-0.0445248
-0.0442275
-0.0439328
-0.0436405
-0.0433506
-0.0430631
-0.042778
-0.0424953
-0.0422148
-0.0419367
-0.0416608
-0.0413871
-0.0411157
-0.0408464
-0.0405793
-0.0403144
-0.0400516
-0.0397909
-0.0395322
-0.0392757
-0.0390211
-0.0387686
-0.038518
-0.0382694
-0.0380228
-0.0377781
-0.0375353
-0.0372944
-0.0370554
-0.0368182
-0.0365829
-0.0363493
-0.0361176
-0.0358876
-0.0356594
-0.035433
-0.0352082
-0.0349852
-0.0347638
-0.0345442
-0.0343262
-0.0341098
-0.033895
-0.0336819
-0.0334704
-0.0332604
-0.033052
-0.0328451
-0.0326398
-0.032436
-0.0322337
-0.0320329
-0.0318336
-0.0316357
-0.0314393
-0.0312443
-0.0310507
-0.0308585
-0.0306678
-0.0304784
-0.0302904
-0.0301037
-0.0299184
-0.0297344
-0.0295518
-0.0293704
-0.0291903
-0.0290116
-0.0288341
-0.0286578
-0.0284828
-0.0283091
-0.0281366
-0.0279652
-0.0277951
-0.0276262
-0.0274585
-0.027292
-0.0271266
-0.0269624
-0.0267993
-0.0266373
-0.0264765
-0.0263168
-0.0261582
-0.0260007
-0.0258443
-0.0256889
-0.0255347
-0.0253814
-0.0252293
-0.0250781
-0.024928
-0.024779
-0.0246309
-0.0244839
-0.0243378
-0.0241928
-0.0240487
-0.0239056
-0.0237634
-0.0236223
-0.023482
-0.0233427
-0.0232044
-0.023067
-0.0229304
-0.0227948
-0.0226601
-0.0225264
-0.0223934
-0.0222614
-0.0221303
-0.022
-0.0218706
-0.021742
-0.0216143
-0.0214874
-0.0213614
-0.0212361
-0.0211117
-0.0209882
-0.0208654
-0.0207434
-0.0206222
-0.0205019
-0.0203823
-0.0202634
-0.0201454
-0.0200281
-0.0199116
-0.0197958
-0.0196808
-0.0195665
-0.0194529
-0.0193401
-0.019228
-0.0191166
-0.019006
-0.018896
-0.0187868
-0.0186782
-0.0185704
-0.0184632
-0.0183567
-0.0182509
-0.0181458
-0.0180413
-0.0179375
-0.0178343
-0.0177318
-0.01763
-0.0175288
-0.0174282
-0.0173282
-0.0172289
-0.0171303
-0.0170322
-0.0169347
-0.0168379
-0.0167416
-0.016646
-0.016551
-0.0164565
-0.0163627
-0.0162694
-0.0161767
-0.0160846
-0.015993
-0.015902
-0.0158116
-0.0157218
-0.0156325
-0.0155437
-0.0154555
-0.0153679
-0.0152807
-0.0151941
-0.0151081
-0.0150226
-0.0149376
-0.0148531
-0.0147691
-0.0146857
-0.0146027
-0.0145203
-0.0144384
-0.0143569
-0.014276
-0.0141956
-0.0141156
-0.0140361
-0.0139572
-0.0138787
-0.0138006
-0.0137231
-0.013646
-0.0135693
-0.0134932
-0.0134175
-0.0133422
-0.0132674
-0.0131931
-0.0131192
-0.0130457
-0.0129727
-0.0129002
-0.012828
-0.0127563
-0.012685
-0.0126142
-0.0125437
-0.0124737
-0.0124041
-0.012335
-0.0122662
-0.0121978
-0.0121299
-0.0120623
-0.0119952
-0.0119285
-0.0118621
-0.0117961
-0.0117306
-0.0116654
-0.0116006
-0.0115362
-0.0114722
-0.0114085
-0.0113452
-0.0112823
-0.0112198
-0.0111576
-0.0110958
-0.0110344
-0.0109733
-0.0109126
-0.0108522
-0.0107922
-0.0107325
-0.0106732
-0.0106143
-0.0105556
-0.0104974
-0.0104394
-0.0103818
-0.0103246
-0.0102676
-0.010211
-0.0101548
-0.0100988
-0.0100432
-0.00998789
-0.00993292
-0.00987826
-0.00982392
-0.0097699
-0.00971619
-0.00966278
-0.00960969
-0.00955691
-0.00950442
-0.00945225
-0.00940037
-0.00934879
-0.00929751
-0.00924652
-0.00919583
-0.00914543
-0.00909532
-0.00904549
-0.00899595
-0.0089467
-0.00889773
-0.00884904
-0.00880063
-0.00875249
-0.00870463
-0.00865705
-0.00860974
-0.00856269
-0.00851592
-0.00846941
-0.00842317
-0.00837719
-0.00833147
-0.00828602
-0.00824082
-0.00819588
-0.0081512
-0.00810677
-0.00806259
-0.00801866
-0.00797498
-0.00793155
-0.00788837
-0.00784543
-0.00780273
-0.00776028
-0.00771806
-0.00767609
-0.00763435
-0.00759285
-0.00755158
-0.00751055
-0.00746975
-0.00742917
-0.00738883
-0.00734871
-0.00730882
-0.00726916
-0.00722971
-0.00719049
-0.00715149
-0.00711271
-0.00707415
-0.0070358
-0.00699767
-0.00695975
-0.00692205
-0.00688456
-0.00684727
-0.0068102
-0.00677333
-0.00673667
-0.00670022
-0.00666397
-0.00662792
-0.00659207
-0.00655643
-0.00652098
-0.00648573
-0.00645067
-0.00641582
-0.00638115
-0.00634668
-0.00631241
-0.00627832
-0.00624442
-0.00621071
-0.00617719
-0.00614386
-0.00611071
-0.00607774
-0.00604496
-0.00601236
-0.00597994
-0.0059477
-0.00591564
-0.00588376
-0.00585205
-0.00582052
-0.00578917
-0.00575799
-0.00572698
-0.00569614
-0.00566547
-0.00563497
-0.00560464
-0.00557448
-0.00554449
-0.00551466
-0.005485
-0.00545549
-0.00542616
-0.00539698
-0.00536797
-0.00533911
-0.00531041
-0.00528187
-0.00525349
-0.00522527
-0.0051972
-0.00516928
-0.00514152
-0.00511391
-0.00508646
-0.00505915
-0.00503199
-0.00500498
-0.00497813
-0.00495141
-0.00492485
-0.00489843
-0.00487215
-0.00484602
-0.00482004
-0.00479419
-0.00476849
-0.00474293
-0.0047175
-0.00469222
-0.00466707
-0.00464207
-0.0046172
-0.00459246
-0.00456786
-0.0045434
-0.00451906
-0.00449486
-0.0044708
-0.00444686
-0.00442306
-0.00439938
-0.00437584
-0.00435242
-0.00432913
-0.00430597
-0.00428293
-0.00426002
-0.00423723
-0.00421457
-0.00419203
-0.00416961
-0.00414732
-0.00412515
-0.00410309
-0.00408116
-0.00405935
-0.00403765
-0.00401608
-0.00399462
-0.00397327
-0.00395205
-0.00393093
-0.00390994
-0.00388905
-0.00386828
-0.00384762
-0.00382708
-0.00380664
-0.00378632
-0.0037661
-0.003746
-0.00372601
-0.00370612
-0.00368634
-0.00366667
-0.0036471
-0.00362764
-0.00360829
-0.00358904
-0.00356989
-0.00355085
-0.00353191
-0.00351307
-0.00349434
-0.0034757
-0.00345717
-0.00343874
-0.0034204
-0.00340217
-0.00338403
-0.00336599
-0.00334805
-0.00333021
-0.00331246
-0.00329481
-0.00327725
-0.00325978
-0.00324242
-0.00322514
-0.00320796
-0.00319087
-0.00317387
-0.00315697
-0.00314015
-0.00312343
-0.00310679
-0.00309025
-0.00307379
-0.00305742
-0.00304114
-0.00302495
-0.00300885
-0.00299283
-0.0029769
-0.00296105
-0.00294529
-0.00292961
-0.00291402
-0.00289851
-0.00288309
-0.00286774
-0.00285248
-0.0028373
-0.00282221
-0.00280719
-0.00279226
-0.0027774
-0.00276262
-0.00274793
-0.00273331
-0.00271877
-0.00270431
-0.00268993
-0.00267562
-0.00266139
-0.00264723
-0.00263316
-0.00261915
-0.00260523
-0.00259137
-0.00257759
-0.00256389
-0.00255026
-0.0025367
-0.00252321
-0.0025098
-0.00249645
-0.00248318
-0.00246998
-0.00245685
-0.00244379
-0.0024308
-0.00241788
-0.00240503
-0.00239225
-0.00237954
-0.00236689
-0.00235431
-0.0023418
-0.00232935
-0.00231698
-0.00230466
-0.00229242
-0.00228024
-0.00226812
-0.00225607
-0.00224408
-0.00223216
-0.0022203
-0.0022085
-0.00219677
-0.0021851
-0.00217349
-0.00216194
-0.00215046
-0.00213903
-0.00212767
-0.00211637
-0.00210513
-0.00209395
-0.00208282
-0.00207176
-0.00206076
-0.00204981
-0.00203892
-0.00202809
-0.00201732
-0.00200661
-0.00199595
-0.00198535
-0.0019748
-0.00196432
-0.00195388
-0.00194351
-0.00193318
-0.00192292
-0.00191271
-0.00190255
-0.00189244
-0.00188239
-0.0018724
-0.00186245
-0.00185256
-0.00184273
-0.00183294
-0.00182321
-0.00181352
-0.00180389
-0.00179431
-0.00178479
-0.00177531
-0.00176588
-0.0017565
-0.00174718
-0.0017379
-0.00172867
-0.00171949
-0.00171036
-0.00170128
-0.00169224
-0.00168326
-0.00167432
-0.00166543
-0.00165659
-0.00164779
-0.00163904
-0.00163034
-0.00162168
-0.00161307
-0.0016045
-0.00159598
-0.00158751
-0.00157908
-0.00157069
-0.00156235
-0.00155406
-0.0015458
-0.00153759
-0.00152943
-0.00152131
-0.00151323
-0.00150519
-0.0014972
-0.00148925
-0.00148134
-0.00147347
-0.00146565
-0.00145786
-0.00145012
-0.00144242
-0.00143476
-0.00142714
-0.00141956
-0.00141202
-0.00140452
-0.00139706
-0.00138964
-0.00138226
-0.00137492
-0.00136762
-0.00136035
-0.00135313
-0.00134594
-0.00133879
-0.00133168
-0.0013246
-0.00131757
-0.00131057
-0.00130361
-0.00129668
-0.00128979
-0.00128294
-0.00127613
-0.00126935
-0.0012626
-0.00125589
-0.00124922
-0.00124258
-0.00123598
-0.00122942
-0.00122288
-0.00121639
-0.00120992
-0.00120349
-0.0011971
-0.00119074
-0.00118441
-0.00117812
-0.00117185
-0.00116563
-0.00115943
-0.00115327
-0.00114714
-0.00114104
-0.00113498
-0.00112895
-0.00112295
-0.00111698
-0.00111104
-0.00110513
-0.00109926
-0.00109342
-0.0010876
-0.00108182
-0.00107607
-0.00107035
-0.00106466
-0.001059
-0.00105337
-0.00104777
-0.0010422
-0.00103665
-0.00103114
-0.00102566
-0.0010202
-0.00101478
-0.00100938
-0.00100401
-0.000998674
-0.000993363
-0.000988079
-0.000982824
-0.000977596
-0.000972396
-0.000967223
-0.000962078
-0.00095696
-0.000951869
-0.000946805
-0.000941767
-0.000936756
-0.000931772
-0.000926814
-0.000921883
-0.000916977
-0.000912097
-0.000907244
-0.000902415
-0.000897613
-0.000892835
-0.000888083
-0.000883356
-0.000878655
-0.000873978
-0.000869325
-0.000864697
-0.000860094
-0.000855515
-0.00085096
-0.00084643
-0.000841923
-0.00083744
-0.000832981
-0.000828545
-0.000824133
-0.000819744
-0.000815378
-0.000811036
-0.000806716
-0.000802419
-0.000798145
-0.000793894
-0.000789665
-0.000785457
-0.000781273
-0.000777111
-0.00077297
-0.000768852
-0.000764755
-0.000760679
-0.000756626
-0.000752593
-0.000748582
-0.000744593
-0.000740624
-0.000736677
-0.00073275
-0.000728844
-0.000724959
-0.000721094
-0.00071725
-0.000713426
-0.000709622
-0.000705839
-0.000702075
-0.000698331
-0.000694608
-0.000690903
-0.000687218
-0.000683554
-0.000679908
-0.000676281
-0.000672674
-0.000669086
-0.000665516
-0.000661965
-0.000658434
-0.00065492
-0.000651426
-0.00064795
-0.000644492
-0.000641053
-0.000637631
-0.000634228
-0.000630843
-0.000627475
-0.000624126
-0.000620794
-0.000617479
-0.000614183
-0.000610903
-0.000607641
-0.000604397
-0.000601169
-0.000597959
-0.000594765
-0.000591589
-0.000588429
-0.000585286
-0.000582159
-0.00057905
-0.000575956
-0.000572879
-0.000569818
-0.000566774
-0.000563745
-0.000560732
-0.000557736
-0.000554755
-0.00055179
-0.000548841
-0.000545907
-0.000542989
-0.000540086
-0.000537198
-0.000534326
-0.000531469
-0.000528627
-0.0005258
-0.000522988
-0.000520191
-0.000517409
-0.000514642
-0.000511889
-0.00050915
-0.000506426
-0.000503717
-0.000501022
-0.000498341
-0.000495674
-0.000493022
-0.000490383
-0.000487759
-0.000485148
-0.000482551
-0.000479968
-0.000477398
-0.000474842
-0.0004723
-0.000469771
-0.000467256
-0.000464753
-0.000462264
-0.000459788
-0.000457326
-0.000454876
-0.000452439
-0.000450016
-0.000447604
-0.000445206
-0.000442821
-0.000440448
-0.000438087
-0.00043574
-0.000433404
-0.000431081
-0.00042877
-0.000426472
-0.000424185
-0.000421911
-0.000419649
-0.000417398
-0.00041516
-0.000412934
-0.000410719
-0.000408516
-0.000406325
-0.000404145
-0.000401977
-0.00039982
-0.000397675
-0.000395541
-0.000393418
-0.000391307
-0.000389207
-0.000387118
-0.00038504
-0.000382973
-0.000380917
-0.000378871
-0.000376837
-0.000374813
-0.000372801
-0.000370798
-0.000368807
-0.000366826
-0.000364855
-0.000362895
-0.000360946
-0.000359006
-0.000357077
-0.000355158
-0.00035325
-0.000351351
-0.000349463
-0.000347584
-0.000345716
-0.000343857
-0.000342008
-0.000340169
-0.00033834
-0.000336521
-0.000334711
-0.00033291
-0.00033112
-0.000329339
-0.000327567
-0.000325804
-0.000324051
-0.000322308
-0.000320573
-0.000318848
-0.000317132
-0.000315425
-0.000313727
-0.000312038
-0.000310358
-0.000308687
-0.000307024
-0.000305371
-0.000303726
-0.00030209
-0.000300463
-0.000298844
-0.000297234
-0.000295633
-0.00029404
-0.000292455
-0.000290879
-0.000289311
-0.000287752
-0.000286201
-0.000284658
-0.000283123
-0.000281597
-0.000280078
-0.000278568
-0.000277065
-0.000275571
-0.000274084
-0.000272606
-0.000271135
-0.000269672
-0.000268217
-0.00026677
-0.00026533
-0.000263898
-0.000262473
-0.000261056
-0.000259647
-0.000258246
-0.000256851
-0.000255465
-0.000254085
-0.000252713
-0.000251348
-0.00024999
-0.000248639
-0.000247296
-0.00024596
-0.00024463
-0.000243308
-0.000241993
-0.000240685
-0.000239384
-0.000238089
-0.000236802
-0.000235521
-0.000234248
-0.000232981
-0.000231721
-0.000230467
-0.000229221
-0.00022798
-0.000226747
-0.00022552
-0.0002243
-0.000223086
-0.000221878
-0.000220677
-0.000219482
-0.000218294
-0.000217112
-0.000215937
-0.000214767
-0.000213604
-0.000212447
-0.000211296
-0.000210151
-0.000209013
-0.00020788
-0.000206753
-0.000205633
-0.000204519
-0.00020341
-0.000202308
-0.000201211
-0.00020012
-0.000199035
-0.000197956
-0.000196883
-0.000195815
-0.000194753
-0.000193697
-0.000192646
-0.000191601
-0.000190561
-0.000189527
-0.000188499
-0.000187476
-0.000186458
-0.000185446
-0.00018444
-0.000183438
-0.000182442
-0.000181452
-0.000180466
-0.000179486
-0.000178511
-0.000177542
-0.000176577
-0.000175618
-0.000174664
-0.000173715
-0.000172771
-0.000171831
-0.000170897
-0.000169968
-0.000169044
-0.000168125
-0.000167211
-0.000166301
-0.000165397
-0.000164497
-0.000163602
-0.000162712
-0.000161827
-0.000160946
-0.00016007
-0.000159199
-0.000158332
-0.00015747
-0.000156613
-0.00015576
-0.000154912
-0.000154068
-0.000153229
-0.000152394
-0.000151564
-0.000150738
-0.000149917
-0.0001491
-0.000148287
-0.000147479
-0.000146675
-0.000145875
-0.00014508
-0.000144289
-0.000143502
-0.000142719
-0.00014194
-0.000141166
-0.000140396
-0.00013963
-0.000138868
-0.00013811
-0.000137356
-0.000136606
-0.00013586
-0.000135118
-0.000134381
-0.000133647
-0.000132917
-0.000132191
-0.000131469
-0.00013075
-0.000130036
-0.000129325
-0.000128619
-0.000127915
-0.000127216
-0.000126521
-0.000125829
-0.000125141
-0.000124456
-0.000123776
-0.000123099
-0.000122425
-0.000121755
-0.000121089
-0.000120426
-0.000119767
-0.000119112
-0.000118459
-0.000117811
-0.000117166
-0.000116524
-0.000115886
-0.000115251
-0.00011462
-0.000113992
-0.000113367
-0.000112746
-0.000112128
-0.000111513
-0.000110902
-0.000110294
-0.000109689
-0.000109087
-0.000108489
-0.000107894
-0.000107302
-0.000106713
-0.000106128
-0.000105545
-0.000104966
-0.00010439
-0.000103817
-0.000103247
-0.00010268
-0.000102116
-0.000101555
-0.000100997
-0.000100442
-9.98906e-05
-9.93417e-05
-9.87957e-05
-9.82527e-05
-9.77126e-05
-9.71755e-05
-9.66411e-05
-9.61097e-05
-9.55811e-05
-9.50554e-05
-9.45325e-05
-9.40126e-05
-9.3495e-05
-9.29802e-05
-9.24682e-05
-9.19591e-05
-9.14529e-05
-9.09494e-05
-9.04488e-05
-8.99509e-05
-8.94557e-05
-8.89631e-05
-8.84732e-05
-8.79858e-05
-8.75011e-05
-8.7019e-05
-8.65394e-05
-8.60624e-05
-8.5588e-05
-8.5116e-05
-8.46467e-05
-8.41798e-05
-8.37154e-05
-8.32535e-05
-8.27941e-05
-8.23372e-05
-8.18827e-05
-8.14307e-05
-8.09811e-05
-8.0534e-05
-8.00892e-05
-7.96469e-05
-7.92069e-05
-7.87693e-05
-7.8334e-05
-7.79011e-05
-7.74706e-05
-7.70423e-05
-7.66164e-05
-7.61929e-05
-7.57716e-05
-7.53526e-05
-7.49359e-05
-7.45214e-05
-7.41091e-05
-7.36991e-05
-7.32913e-05
-7.28857e-05
-7.24823e-05
-7.20811e-05
-7.1682e-05
-7.12851e-05
-7.08904e-05
-7.04977e-05
-7.01072e-05
-6.97188e-05
-6.93325e-05
-6.89483e-05
-6.85662e-05
-6.81861e-05
-6.78082e-05
-6.74323e-05
-6.70584e-05
-6.66865e-05
-6.63167e-05
-6.59489e-05
-6.5583e-05
-6.52191e-05
-6.48572e-05
-6.44973e-05
-6.41392e-05
-6.37832e-05
-6.3429e-05
-6.30768e-05
-6.27265e-05
-6.2378e-05
-6.20315e-05
-6.16868e-05
-6.1344e-05
-6.10031e-05
-6.06641e-05
-6.03269e-05
-5.99915e-05
-5.96579e-05
-5.93261e-05
-5.89961e-05
-5.86679e-05
-5.83415e-05
-5.80169e-05
-5.7694e-05
-5.73729e-05
-5.70535e-05
-5.67358e-05
-5.64198e-05
-5.61056e-05
-5.57931e-05
-5.54823e-05
-5.51732e-05
-5.48657e-05
-5.45599e-05
-5.42559e-05
-5.39534e-05
-5.36526e-05
-5.33534e-05
-5.30558e-05
-5.27598e-05
-5.24655e-05
-5.21727e-05
-5.18815e-05
-5.1592e-05
-5.13042e-05
-5.10179e-05
-5.07332e-05
-5.04502e-05
-5.01686e-05
-4.98886e-05
-4.96101e-05
-4.93331e-05
-4.90576e-05
-4.87836e-05
-4.85111e-05
-4.82401e-05
-4.79705e-05
-4.77024e-05
-4.74358e-05
-4.71707e-05
-4.6907e-05
-4.66447e-05
-4.63838e-05
-4.61244e-05
-4.58664e-05
-4.56098e-05
-4.53546e-05
-4.51007e-05
-4.48483e-05
-4.45973e-05
-4.43476e-05
-4.40993e-05
-4.38523e-05
-4.36062e-05
-4.3362e-05
-4.31191e-05
-4.28775e-05
-4.26372e-05
-4.23982e-05
-4.21605e-05
-4.19241e-05
-4.1689e-05
-4.14551e-05
-4.12226e-05
-4.09913e-05
-4.07613e-05
-4.05326e-05
-4.03051e-05
-4.00788e-05
-3.98538e-05
-3.96301e-05
-3.94076e-05
-3.91863e-05
-3.89662e-05
-3.87473e-05
-3.85296e-05
-3.83131e-05
-3.80978e-05
-3.78837e-05
-3.76707e-05
-3.74589e-05
-3.72483e-05
-3.70388e-05
-3.68305e-05
-3.66233e-05
-3.64172e-05
-3.62123e-05
-3.60085e-05
-3.58058e-05
-3.56043e-05
-3.54038e-05
-3.52045e-05
-3.50062e-05
-3.4809e-05
-3.46129e-05
-3.44179e-05
-3.4224e-05
-3.40311e-05
-3.38393e-05
-3.36485e-05
-3.34588e-05
-3.32702e-05
-3.30826e-05
-3.2896e-05
-3.27104e-05
-3.25258e-05
-3.23423e-05
-3.21598e-05
-3.19783e-05
-3.17977e-05
-3.16182e-05
-3.14397e-05
-3.12622e-05
-3.10856e-05
-3.091e-05
-3.07354e-05
-3.05617e-05
-3.0389e-05
-3.02166e-05
-3.00458e-05
-2.98759e-05
-2.9707e-05
-2.9539e-05
-2.93719e-05
-2.92058e-05
-2.90406e-05
-2.88763e-05
-2.87129e-05
-2.85503e-05
-2.83887e-05
-2.8228e-05
-2.80682e-05
-2.79093e-05
-2.77512e-05
-2.7594e-05
-2.74377e-05
-2.72822e-05
-2.71276e-05
-2.69739e-05
-2.6821e-05
-2.66689e-05
-2.65177e-05
-2.63673e-05
-2.62178e-05
-2.6069e-05
-2.59211e-05
-2.57741e-05
-2.56278e-05
-2.54823e-05
-2.53377e-05
-2.51938e-05
-2.50508e-05
-2.49086e-05
-2.47671e-05
-2.46265e-05
-2.44867e-05
-2.43476e-05
-2.42093e-05
-2.40718e-05
-2.3935e-05
-2.37991e-05
-2.36638e-05
-2.35293e-05
-2.33957e-05
-2.32628e-05
-2.31307e-05
-2.29993e-05
-2.28686e-05
-2.27386e-05
-2.26094e-05
-2.24808e-05
-2.2353e-05
-2.22259e-05
-2.20995e-05
-2.19738e-05
-2.18487e-05
-2.17244e-05
-2.16007e-05
-2.14777e-05
-2.13555e-05
-2.12338e-05
-2.11129e-05
-2.09926e-05
-2.0873e-05
-2.07541e-05
-2.06357e-05
-2.05181e-05
-2.04011e-05
-2.02847e-05
-2.0169e-05
-2.00539e-05
-1.99395e-05
-1.98257e-05
-1.97125e-05
-1.95999e-05
-1.9488e-05
-1.93766e-05
-1.92659e-05
-1.91559e-05
-1.90464e-05
-1.89375e-05
-1.88292e-05
-1.87215e-05
-1.86145e-05
-1.8508e-05
-1.8402e-05
-1.82967e-05
-1.8192e-05
-1.80878e-05
-1.79842e-05
-1.78812e-05
-1.77787e-05
-1.76768e-05
-1.75755e-05
-1.74747e-05
-1.73745e-05
-1.72749e-05
-1.71758e-05
-1.70768e-05
-1.69788e-05
-1.68813e-05
-1.67844e-05
-1.66881e-05
-1.65922e-05
-1.64969e-05
-1.64021e-05
-1.63079e-05
-1.62141e-05
-1.61209e-05
-1.60282e-05
-1.5936e-05
-1.58443e-05
-1.57532e-05
-1.56625e-05
-1.55723e-05
-1.54827e-05
-1.53935e-05
-1.53048e-05
-1.52166e-05
-1.51289e-05
-1.50417e-05
-1.4955e-05
-1.48687e-05
-1.47829e-05
-1.46976e-05
-1.46128e-05
-1.45285e-05
-1.44446e-05
-1.43612e-05
-1.42783e-05
-1.41958e-05
-1.41138e-05
-1.40322e-05
-1.39511e-05
-1.38704e-05
-1.37902e-05
-1.37104e-05
-1.36311e-05
-1.35522e-05
-1.34738e-05
-1.33958e-05
-1.33182e-05
-1.3241e-05
-1.31643e-05
-1.3088e-05
-1.30121e-05
-1.29367e-05
-1.28617e-05
-1.27871e-05
-1.27129e-05
-1.26391e-05
-1.25657e-05
-1.24928e-05
-1.24202e-05
-1.23481e-05
-1.22764e-05
-1.2205e-05
-1.21341e-05
-1.20635e-05
-1.19934e-05
-1.19236e-05
-1.18543e-05
-1.17853e-05
-1.17167e-05
-1.16484e-05
-1.15806e-05
-1.15131e-05
-1.14461e-05
-1.13793e-05
-1.1313e-05
-1.1247e-05
-1.1182e-05
-1.11175e-05
-1.10534e-05
-1.09896e-05
-1.09262e-05
-1.08631e-05
-1.08004e-05
-1.0738e-05
-1.0676e-05
-1.06143e-05
-1.05529e-05
-1.04919e-05
-1.04313e-05
-1.03709e-05
-1.03109e-05
-1.02513e-05
-1.01919e-05
-1.01332e-05
-1.00745e-05
-1.00162e-05
-9.95807e-06
-9.90032e-06
-9.84289e-06
-9.7858e-06
-9.72903e-06
-9.67259e-06
-9.61646e-06
-9.56065e-06
-9.50515e-06
-9.44997e-06
-9.39509e-06
-9.34052e-06
-9.28625e-06
-9.23228e-06
-9.17862e-06
-9.12525e-06
-9.07218e-06
-9.0194e-06
-8.96692e-06
-8.91474e-06
-8.86284e-06
-8.81123e-06
-8.75991e-06
-8.70888e-06
-8.65813e-06
-8.60766e-06
-8.55748e-06
-8.50757e-06
-8.45795e-06
-8.4086e-06
-8.35952e-06
-8.31072e-06
-8.2622e-06
-8.21394e-06
-8.16595e-06
-8.11823e-06
-8.07078e-06
-8.02359e-06
-7.97667e-06
-7.93001e-06
-7.88361e-06
-7.83747e-06
-7.79159e-06
-7.74596e-06
-7.70059e-06
-7.65547e-06
-7.61061e-06
-7.56599e-06
-7.52163e-06
-7.47751e-06
-7.43364e-06
-7.39002e-06
-7.34664e-06
-7.30351e-06
-7.26061e-06
-7.21796e-06
-7.17554e-06
-7.13337e-06
-7.09142e-06
-7.04972e-06
-7.00825e-06
-6.96701e-06
-6.926e-06
-6.88522e-06
-6.84467e-06
-6.80435e-06
-6.76426e-06
-6.72439e-06
-6.68474e-06
-6.64532e-06
-6.60611e-06
-6.56713e-06
-6.52837e-06
-6.48982e-06
-6.4534e-06
-6.4151e-06
-6.37651e-06
-6.33817e-06
-6.30027e-06
-6.26278e-06
-6.22565e-06
-6.18882e-06
-6.15223e-06
-6.11585e-06
-6.07968e-06
-6.04371e-06
-6.00792e-06
-5.97233e-06
-5.93693e-06
-5.90171e-06
-5.86669e-06
-5.83187e-06
-5.79723e-06
-5.76312e-06
-5.72941e-06
-5.69589e-06
-5.66255e-06
-5.62939e-06
-5.59641e-06
-5.56362e-06
-5.53101e-06
-5.49858e-06
-5.46633e-06
-5.43426e-06
-5.40237e-06
-5.37066e-06
-5.33912e-06
-5.30776e-06
-5.27658e-06
-5.24557e-06
-5.21473e-06
-5.18406e-06
-5.15357e-06
-5.12325e-06
-5.09309e-06
-5.06311e-06
-5.03329e-06
-5.00364e-06
-4.97416e-06
-4.94484e-06
-4.91569e-06
-4.8867e-06
-4.85787e-06
-4.82921e-06
-4.80071e-06
-4.77236e-06
-4.74418e-06
-4.71615e-06
-4.68829e-06
-4.66056e-06
-4.63299e-06
-4.6056e-06
-4.57838e-06
-4.55132e-06
-4.5244e-06
-4.49762e-06
-4.47099e-06
-4.4445e-06
-4.41816e-06
-4.39196e-06
-4.36592e-06
-4.34002e-06
-4.31427e-06
-4.28866e-06
-4.2632e-06
-4.23788e-06
-4.21271e-06
-4.18767e-06
-4.16278e-06
-4.13804e-06
-4.11343e-06
-4.08896e-06
-4.06463e-06
-4.04044e-06
-4.01638e-06
-3.99246e-06
-3.96868e-06
-3.94503e-06
-3.92151e-06
-3.89813e-06
-3.87488e-06
-3.85197e-06
-3.82934e-06
-3.80683e-06
-3.78446e-06
-3.76221e-06
-3.74008e-06
-3.71808e-06
-3.69621e-06
-3.67446e-06
-3.65283e-06
-3.63132e-06
-3.60994e-06
-3.58867e-06
-3.56753e-06
-3.5465e-06
-3.5256e-06
-3.50481e-06
-3.48414e-06
-3.46359e-06
-3.44315e-06
-3.42283e-06
-3.40262e-06
-3.38253e-06
-3.36255e-06
-3.34269e-06
-3.32294e-06
-3.3033e-06
-3.28377e-06
-3.26435e-06
-3.24504e-06
-3.22585e-06
-3.20676e-06
-3.18777e-06
-3.1689e-06
-3.15013e-06
-3.13147e-06
-3.11292e-06
-3.09447e-06
-3.07612e-06
-3.05788e-06
-3.03974e-06
-3.02171e-06
-3.00377e-06
-2.98594e-06
-2.96821e-06
-2.95058e-06
-2.93306e-06
-2.91563e-06
-2.8983e-06
-2.88106e-06
-2.86393e-06
-2.84689e-06
-2.82995e-06
-2.81311e-06
-2.79636e-06
-2.77971e-06
-2.76315e-06
-2.74668e-06
-2.73031e-06
-2.71404e-06
-2.69785e-06
-2.68176e-06
-2.66576e-06
-2.65016e-06
-2.63392e-06
-2.61784e-06
-2.60198e-06
-2.58631e-06
-2.5708e-06
-2.55543e-06
-2.54018e-06
-2.52502e-06
-2.50995e-06
-2.49496e-06
-2.48006e-06
-2.46524e-06
-2.45049e-06
-2.43583e-06
-2.42125e-06
-2.40675e-06
-2.39233e-06
-2.378e-06
-2.36375e-06
-2.34958e-06
-2.3355e-06
-2.3215e-06
-2.30758e-06
-2.29374e-06
-2.27998e-06
-2.2663e-06
-2.2527e-06
-2.23918e-06
-2.22573e-06
-2.21236e-06
-2.19907e-06
-2.18585e-06
-2.17271e-06
-2.15964e-06
-2.14665e-06
-2.13373e-06
-2.12088e-06
-2.10811e-06
-2.09541e-06
-2.08278e-06
-2.07022e-06
-2.05773e-06
-2.04532e-06
-2.03297e-06
-2.0207e-06
-2.00849e-06
-1.99635e-06
-1.98428e-06
-1.97229e-06
-1.96035e-06
-1.94849e-06
-1.9367e-06
-1.92497e-06
-1.91331e-06
-1.90171e-06
-1.89018e-06
-1.87872e-06
-1.86732e-06
-1.85599e-06
-1.84472e-06
-1.83352e-06
-1.82238e-06
-1.81131e-06
-1.8003e-06
-1.78935e-06
-1.77847e-06
-1.76765e-06
-1.75689e-06
-1.74619e-06
-1.73556e-06
-1.72498e-06
-1.71447e-06
-1.70401e-06
-1.69362e-06
-1.68329e-06
-1.67302e-06
-1.6628e-06
-1.65265e-06
-1.64255e-06
-1.63252e-06
-1.62254e-06
-1.61262e-06
-1.60275e-06
-1.59294e-06
-1.58319e-06
-1.5735e-06
-1.56386e-06
-1.55428e-06
-1.54476e-06
-1.53529e-06
-1.52587e-06
-1.51651e-06
-1.5072e-06
-1.49795e-06
-1.48875e-06
-1.47961e-06
-1.47051e-06
-1.46147e-06
-1.45249e-06
-1.44355e-06
-1.43467e-06
-1.42584e-06
-1.41706e-06
-1.40833e-06
-1.39965e-06
-1.39102e-06
-1.38245e-06
-1.37392e-06
-1.36544e-06
-1.35701e-06
-1.34863e-06
-1.3403e-06
-1.33202e-06
-1.32379e-06
-1.3156e-06
-1.30747e-06
-1.29938e-06
-1.29133e-06
-1.28334e-06
-1.27539e-06
-1.26749e-06
-1.25963e-06
-1.25182e-06
-1.24405e-06
-1.23633e-06
-1.22866e-06
-1.22103e-06
-1.21345e-06
-1.20591e-06
-1.19841e-06
-1.19096e-06
-1.18355e-06
-1.17618e-06
-1.16886e-06
-1.16158e-06
-1.15434e-06
-1.14715e-06
-1.14e-06
-1.13289e-06
-1.12582e-06
-1.11892e-06
-1.11184e-06
-1.10474e-06
-1.09772e-06
-1.0908e-06
-1.08396e-06
-1.07717e-06
-1.07044e-06
-1.06374e-06
-1.05707e-06
-1.05045e-06
-1.04385e-06
-1.03728e-06
-1.03075e-06
-1.02426e-06
-1.0178e-06
-1.01139e-06
-1.00501e-06
-9.98675e-07
-9.92383e-07
-9.86133e-07
-9.79924e-07
-9.73757e-07
-9.67621e-07
-9.61536e-07
-9.55497e-07
-9.49496e-07
-9.43528e-07
-9.37589e-07
-9.3168e-07
-9.25804e-07
-9.19961e-07
-9.14155e-07
-9.08385e-07
-9.02652e-07
-8.96955e-07
-8.91295e-07
-8.8567e-07
-8.8008e-07
-8.74523e-07
-8.69e-07
-8.6351e-07
-8.58053e-07
-8.52627e-07
-8.47233e-07
-8.41871e-07
-8.36539e-07
-8.31239e-07
-8.25969e-07
-8.2073e-07
-8.15521e-07
-8.10342e-07
-8.05194e-07
-8.00075e-07
-7.94986e-07
-7.89927e-07
-7.84897e-07
-7.79897e-07
-7.74925e-07
-7.69983e-07
-7.65069e-07
-7.60184e-07
-7.55328e-07
-7.50501e-07
-7.45702e-07
-7.40931e-07
-7.36188e-07
-7.31473e-07
-7.26786e-07
-7.22126e-07
-7.17494e-07
-7.12889e-07
-7.08312e-07
-7.03761e-07
-6.99238e-07
-6.94741e-07
-6.90271e-07
-6.85828e-07
-6.81411e-07
-6.7702e-07
-6.72656e-07
-6.68317e-07
-6.64005e-07
-6.59718e-07
-6.55457e-07
-6.51221e-07
-6.47011e-07
-6.42826e-07
-6.38666e-07
-6.34531e-07
-6.30421e-07
-6.26335e-07
-6.22274e-07
-6.18237e-07
-6.14224e-07
-6.10236e-07
-6.06271e-07
-6.0233e-07
-5.98413e-07
-5.94519e-07
-5.90649e-07
-5.86802e-07
-5.82978e-07
-5.79177e-07
-5.75399e-07
-5.71644e-07
-5.67912e-07
-5.64202e-07
-5.60514e-07
-5.56849e-07
-5.53206e-07
-5.49598e-07
-5.45987e-07
-5.42407e-07
-5.38853e-07
-5.3532e-07
-5.31804e-07
-5.28306e-07
-5.24829e-07
-5.21374e-07
-5.17941e-07
-5.14531e-07
-5.11144e-07
-5.07778e-07
-5.04434e-07
-5.0111e-07
-4.97807e-07
-4.94524e-07
-4.9126e-07
-4.88017e-07
-4.84793e-07
-4.81589e-07
-4.78404e-07
-4.75238e-07
-4.72092e-07
-4.68966e-07
-4.65858e-07
-4.62769e-07
-4.597e-07
