3.95748
2.50938
1.83664
1.47292
1.24406
1.0851
0.964423
0.866042
0.778331
0.681757
0.582182
0.486722
0.399865
-0.337087
-0.33017
-0.323497
-0.317195
-0.311231
-0.305453
-0.2997
-0.294163
-0.288811
-0.283626
-0.278606
-0.273752
-0.269056
-0.264514
-0.260118
-0.255867
-0.251743
-0.247747
-0.243871
-0.240112
-0.236462
-0.232918
-0.229475
-0.226131
-0.222876
-0.219712
-0.216633
-0.213635
-0.210715
-0.207871
-0.205097
-0.202394
-0.199757
-0.197184
-0.194673
-0.192221
-0.189826
-0.187485
-0.185198
-0.182961
-0.180774
-0.178635
-0.176541
-0.174491
-0.172486
-0.17052
-0.168596
-0.166709
-0.164861
-0.16305
-0.161273
-0.159529
-0.15782
-0.156143
-0.154497
-0.152881
-0.151295
-0.149737
-0.148209
-0.146705
-0.145228
-0.143778
-0.142353
-0.14095
-0.139572
-0.138217
-0.136883
-0.135574
-0.134282
-0.133014
-0.131764
-0.130535
-0.129325
-0.128133
-0.126959
-0.125804
-0.124667
-0.123546
-0.122442
-0.121353
-0.120282
-0.119224
-0.118183
-0.117156
-0.116144
-0.115147
-0.114163
-0.113192
-0.112235
-0.111291
-0.110358
-0.10944
-0.108534
-0.107639
-0.106756
-0.105884
-0.105023
-0.104174
-0.103336
-0.102509
-0.10169
-0.100884
-0.100085
-0.0992986
-0.0985206
-0.097752
-0.0969927
-0.0962435
-0.0955011
-0.0947695
-0.0940456
-0.09333
-0.0926239
-0.0919247
-0.0912335
-0.0905502
-0.0898747
-0.0892079
-0.0885475
-0.0878943
-0.0872495
-0.0866106
-0.0859787
-0.0853537
-0.0847367
-0.0841252
-0.0835201
-0.0829226
-0.0823303
-0.0817453
-0.0811653
-0.0805913
-0.0800233
-0.0794623
-0.0789071
-0.0783553
-0.0778111
-0.0772727
-0.0767384
-0.0762094
-0.0756868
-0.0751684
-0.074656
-0.0741476
-0.0736442
-0.0731467
-0.0726541
-0.0721651
-0.0716806
-0.0712019
-0.0707268
-0.0702572
-0.0697909
-0.06933
-0.0688734
-0.0684188
-0.0679716
-0.0675266
-0.0670854
-0.0666494
-0.0662164
-0.0657882
-0.065364
-0.0649424
-0.0645256
-0.0641115
-0.0637021
-0.0632953
-0.0628931
-0.0624934
-0.0620982
-0.0617065
-0.061317
-0.0609318
-0.060549
-0.0601705
-0.0597954
-0.0594222
-0.0590532
-0.0586863
-0.0583235
-0.0579639
-0.0576061
-0.0572522
-0.0569004
-0.0565524
-0.0562074
-0.0558641
-0.0555246
-0.0551879
-0.0548529
-0.0545215
-0.0541929
-0.0538659
-0.0535424
-0.0532217
-0.0529023
-0.0525865
-0.0522733
-0.0519615
-0.0516531
-0.0513472
-0.0510426
-0.0507413
-0.0504425
-0.0501449
-0.0498506
-0.0495587
-0.0492689
-0.0489802
-0.0486947
-0.0484115
-0.0481294
-0.0478504
-0.0475736
-0.0472988
-0.047025
-0.0467542
-0.0464855
-0.0462178
-0.0459529
-0.0456902
-0.0454294
-0.0451694
-0.0449122
-0.0446571
-0.0444038
-0.0441512
-0.0439015
-0.0436537
-0.0434076
-0.0431622
-0.0429195
-0.0426787
-0.0424397
-0.0422011
-0.0419664
-0.0417313
-0.0414977
-0.0412679
-0.0410378
-0.0408102
-0.0405842
-0.0403599
-0.0401359
-0.0399145
-0.0396948
-0.0394766
-0.0392599
-0.0390435
-0.0388296
-0.0386173
-0.0384065
-0.038196
-0.0379889
-0.0377814
-0.0375761
-0.0373712
-0.0371698
-0.0369678
-0.0367679
-0.0365696
-0.0363725
-0.0361767
-0.0359811
-0.0357878
-0.035596
-0.0354055
-0.0352161
-0.0350269
-0.0348409
-0.0346543
-0.0344697
-0.0342865
-0.0341034
-0.0339235
-0.0337429
-0.0335642
-0.0333869
-0.0332107
-0.0330356
-0.0328605
-0.0326875
-0.0325169
-0.0323453
-0.0321744
-0.0320069
-0.0318397
-0.0316723
-0.0315068
-0.0313425
-0.0311794
-0.0310172
-0.030856
-0.0306946
-0.0305353
-0.0303783
-0.0302202
-0.0300638
-0.0299074
-0.0297542
-0.0295999
-0.0294485
-0.0292961
-0.0291454
-0.0289959
-0.0288472
-0.0286984
-0.0285525
-0.0284056
-0.0282615
-0.0281164
-0.0279729
-0.0278304
-0.0276878
-0.0275481
-0.0274073
-0.0272693
-0.0271301
-0.0269926
-0.0268561
-0.0267204
-0.0265855
-0.0264503
-0.0263179
-0.0261845
-0.0260537
-0.0259218
-0.0257915
-0.0256621
-0.0255335
-0.0254045
-0.0252784
-0.0251522
-0.0250254
-0.0249004
-0.0247762
-0.0246529
-0.0245302
-0.0244082
-0.0242869
-0.0241662
-0.0240452
-0.023927
-0.0238075
-0.0236896
-0.0235725
-0.0234561
-0.0233403
-0.0232252
-0.0231107
-0.0229957
-0.0228835
-0.0227701
-0.0226592
-0.022547
-0.0224362
-0.0223262
-0.0222169
-0.0221082
-0.0220001
-0.0218915
-0.0217855
-0.0216783
-0.0215736
-0.0214676
-0.0213629
-0.021259
-0.0211557
-0.0210529
-0.0209507
-0.0208491
-0.020748
-0.0206464
-0.0205474
-0.0204471
-0.0203493
-0.02025
-0.0201521
-0.0200549
-0.0199583
-0.0198622
-0.0197666
-0.0196716
-0.019577
-0.0194818
-0.0193893
-0.0192954
-0.0192038
-0.0191109
-0.0190193
-0.0189294
-0.018838
-0.0187478
-0.0186582
-0.0185692
-0.0184796
-0.0183925
-0.0183051
-0.0182169
-0.0181312
-0.0180441
-0.0179593
-0.0178731
-0.0177882
-0.0177038
-0.01762
-0.0175366
-0.0174536
-0.017371
-0.0172889
-0.0172072
-0.017126
-0.017044
-0.0169646
-0.0168837
-0.0168052
-0.0167252
-0.0166463
-0.0165692
-0.0164904
-0.0164127
-0.0163357
-0.0162591
-0.0161829
-0.0161071
-0.0160316
-0.0159555
-0.0158818
-0.0158078
-0.0157328
-0.0156602
-0.0155862
-0.0155145
-0.0154412
-0.0153691
-0.0152975
-0.0152274
-0.0151557
-0.015085
-0.0150149
-0.0149451
-0.0148758
-0.0148056
-0.0147379
-0.0146698
-0.0146008
-0.0145341
-0.014467
-0.014399
-0.0143333
-0.0142661
-0.0142001
-0.0141356
-0.0140695
-0.0140045
-0.0139399
-0.0138757
-0.0138118
-0.0137483
-0.013685
-0.0136221
-0.0135595
-0.0134972
-0.0134341
-0.0133733
-0.0133122
-0.0132501
-0.0131903
-0.0131289
-0.0130697
-0.013009
-0.0129504
-0.0128903
-0.0128312
-0.0127725
-0.0127154
-0.0126564
-0.0125985
-0.012541
-0.0124838
-0.012427
-0.0123704
-0.0123141
-0.0122569
-0.0122021
-0.0121469
-0.0120917
-0.0120356
-0.0119819
-0.0119266
-0.0118735
-0.0118187
-0.0117661
-0.0117118
-0.0116597
-0.011606
-0.0115533
-0.011501
-0.0114502
-0.0113975
-0.0113458
-0.0112945
-0.0112436
-0.0111929
-0.0111424
-0.0110922
-0.0110422
-0.0109924
-0.0109418
-0.0108935
-0.0108447
-0.0107959
-0.0107463
-0.0106989
-0.0106499
-0.010603
-0.0105556
-0.0105071
-0.0104598
-0.010414
-0.0103664
-0.0103209
-0.0102737
-0.0102275
-0.0101817
-0.0101373
-0.0100911
-0.0100457
-0.0100008
-0.00995614
-0.00991169
-0.00986746
-0.00982343
-0.0097796
-0.00973598
-0.00969257
-0.00964937
-0.00960525
-0.00956339
-0.00952104
-0.0094787
-0.0094354
-0.00939433
-0.00935165
-0.00931104
-0.00926987
-0.00922759
-0.00918751
-0.0091458
-0.00910503
-0.00906576
-0.00902468
-0.00898449
-0.00894578
-0.00890525
-0.00886562
-0.00882635
-0.00878842
-0.00874863
-0.00870973
-0.00867119
-0.00863287
-0.00859475
-0.0085568
-0.00851903
-0.00848143
-0.008444
-0.00840674
-0.00836966
-0.00833275
-0.00829601
-0.00825945
-0.00822306
-0.00818573
-0.00815061
-0.00811495
-0.00807818
-0.00804356
-0.00800839
-0.0079721
-0.00793796
-0.00790217
-0.0078684
-0.00783293
-0.00779948
-0.00776433
-0.00773008
-0.00769728
-0.00766265
-0.00762999
-0.00759562
-0.00756214
-0.007529
-0.00749717
-0.00746347
-0.00743061
-0.00739807
-0.00736573
-0.00733355
-0.00730151
-0.00726962
-0.00723898
-0.00720645
-0.00717475
-0.00714338
-0.0071122
-0.00708118
-0.0070503
-0.00701957
-0.00698897
-0.00695852
-0.00692819
-0.00689801
-0.00686797
-0.00683806
-0.00680829
-0.00677865
-0.00674915
-0.00671979
-0.00669056
-0.00666147
-0.00663251
-0.00660368
-0.00657389
-0.00654624
-0.00651693
-0.00648959
-0.00646054
-0.00643345
-0.00640464
-0.00637779
-0.00634923
-0.00632152
-0.00629521
-0.00626706
-0.00624083
-0.00621288
-0.00618578
-0.00615898
-0.00613346
-0.00610605
-0.00607944
-0.00605312
-0.00602696
-0.00600204
-0.00597521
-0.00594919
-0.00592345
-0.00589787
-0.00587242
-0.00584709
-0.00582186
-0.00579675
-0.00577175
-0.00574686
-0.00572208
-0.00569741
-0.00567285
-0.0056484
-0.00562407
-0.00559984
-0.00557572
-0.00555171
-0.00552781
-0.00550401
-0.00548032
-0.00545674
-0.00543327
-0.0054099
-0.00538664
-0.00536348
-0.00534043
-0.00531748
-0.00529463
-0.00527189
-0.00524925
-0.00522671
-0.00520427
-0.00518193
-0.00515969
-0.00513755
-0.00511551
-0.00509357
-0.00507173
-0.00504999
-0.00502834
-0.00500679
-0.00498534
-0.00496398
-0.00494272
-0.00492155
-0.00490048
-0.0048795
-0.00485861
-0.00483782
-0.00481713
-0.00479652
-0.00477601
-0.00475558
-0.00473525
-0.00471501
-0.00469486
-0.0046748
-0.00465483
-0.00463494
-0.00461515
-0.00459544
-0.00457582
-0.00455629
-0.00453685
-0.00451646
-0.00449702
-0.00447785
-0.00445985
-0.00444005
-0.00442097
-0.00440213
-0.0043834
-0.00436475
-0.00434618
-0.00432769
-0.00430928
-0.00429095
-0.00427269
-0.00425451
-0.00423641
-0.00421839
-0.00420045
-0.00418258
-0.0041648
-0.00414709
-0.00412946
-0.00411191
-0.00409444
-0.00407704
-0.00405973
-0.00404248
-0.00402532
-0.00400822
-0.00399121
-0.00397427
-0.0039574
-0.00394061
-0.00392389
-0.00390725
-0.00389067
-0.00387417
-0.00385775
-0.00384139
-0.00382511
-0.0038089
-0.00379276
-0.00377669
-0.00376069
-0.00374476
-0.0037289
-0.00371311
-0.00369739
-0.00368174
-0.00366616
-0.00365065
-0.0036352
-0.00361982
-0.00360451
-0.00358926
-0.00357408
-0.00355897
-0.00354393
-0.00352895
-0.00351403
-0.00349918
-0.0034844
-0.00346968
-0.00345502
-0.00344043
-0.0034259
-0.00341143
-0.00339703
-0.00338269
-0.00336842
-0.0033542
-0.00334005
-0.00332596
-0.00331193
-0.00329796
-0.00328405
-0.0032702
-0.00325642
-0.00324269
-0.00322902
-0.00321541
-0.00320186
-0.00318837
-0.00317494
-0.00316157
-0.00314825
-0.003135
-0.0031218
-0.00310865
-0.00309557
-0.00308254
-0.00306957
-0.00305665
-0.00304379
-0.00303099
-0.00301824
-0.00300554
-0.0029929
-0.00298032
-0.00296779
-0.00295531
-0.00294289
-0.00293052
-0.00291821
-0.00290595
-0.00289374
-0.00288159
-0.00286948
-0.00285743
-0.00284543
-0.00283349
-0.00282159
-0.00280975
-0.00279795
-0.00278621
-0.00277452
-0.00276288
-0.00275129
-0.00273975
-0.00272826
-0.00271682
-0.00270542
-0.00269408
-0.00268279
-0.00267154
-0.00266034
-0.00264919
-0.00263809
-0.00262704
-0.00261603
-0.00260508
-0.00259416
-0.0025833
-0.00257248
-0.00256171
-0.00255099
-0.00254031
-0.00252967
-0.00251909
-0.00250854
-0.00249805
-0.0024876
-0.00247719
-0.00246683
-0.00245651
-0.00244624
-0.00243601
-0.00242582
-0.00241568
-0.00240558
-0.00239553
-0.00238551
-0.00237554
-0.00236562
-0.00235573
-0.00234589
-0.00233609
-0.00232633
-0.00231662
-0.00230694
-0.00229731
-0.00228772
-0.00227817
-0.00226866
-0.00225919
-0.00224976
-0.00224037
-0.00223102
-0.00222171
-0.00221244
-0.00220321
-0.00219402
-0.00218408
-0.00217484
-0.00216578
-0.00215678
-0.00214782
-0.0021389
-0.00213001
-0.00212115
-0.00211233
-0.00210355
-0.00209479
-0.00208607
-0.00207739
-0.00206874
-0.00206012
-0.00205155
-0.00204301
-0.0020345
-0.00202603
-0.0020176
-0.0020092
-0.00200084
-0.00199251
-0.00198422
-0.00197597
-0.00196775
-0.00195957
-0.00195142
-0.0019433
-0.00193522
-0.00192717
-0.00191916
-0.00191118
-0.00190324
-0.00189533
-0.00188745
-0.0018796
-0.00187179
-0.00186402
-0.00185627
-0.00184856
-0.00184088
-0.00183323
-0.00182562
-0.00181804
-0.00181049
-0.00180297
-0.00179548
-0.00178803
-0.00178061
-0.00177322
-0.00176586
-0.00175853
-0.00175123
-0.00174396
-0.00173673
-0.00172952
-0.00172234
-0.0017152
-0.00170808
-0.001701
-0.00169394
-0.00168692
-0.00167992
-0.00167296
-0.00166602
-0.00165912
-0.00165224
-0.00164539
-0.00163857
-0.00163178
-0.00162502
-0.00161828
-0.00161158
-0.0016049
-0.00159825
-0.00159163
-0.00158504
-0.00157847
-0.00157193
-0.00156542
-0.00155894
-0.00155248
-0.00154606
-0.00153966
-0.00153328
-0.00152693
-0.00152061
-0.00151432
-0.00150805
-0.00150181
-0.0014956
-0.00148941
-0.00148325
-0.00147711
-0.001471
-0.00146491
-0.00145885
-0.00145282
-0.00144681
-0.00144083
-0.00143487
-0.00142894
-0.00142303
-0.00141715
-0.00141129
-0.00140545
-0.00139965
-0.00139386
-0.0013881
-0.00138236
-0.00137665
-0.00137096
-0.0013653
-0.00135966
-0.00135404
-0.00134845
-0.00134288
-0.00133733
-0.00133181
-0.00132631
-0.00132083
-0.00131538
-0.00130994
-0.00130454
-0.00129915
-0.00129379
-0.00128845
-0.00128313
-0.00127783
-0.00127256
-0.00126731
-0.00126208
-0.00125687
-0.00125168
-0.00124652
-0.00124138
-0.00123626
-0.00123116
-0.00122608
-0.00122102
-0.00121599
-0.00121097
-0.00120598
-0.001201
-0.00119605
-0.00119112
-0.00118621
-0.00118132
-0.00117645
-0.0011716
-0.00116677
-0.00116196
-0.00115718
-0.00115241
-0.00114766
-0.00114293
-0.00113822
-0.00113353
-0.00112886
-0.00112421
-0.00111958
-0.00111497
-0.00111038
-0.0011058
-0.00110125
-0.00109671
-0.0010922
-0.0010877
-0.00108322
-0.00107876
-0.00107432
-0.0010699
-0.00106549
-0.00106111
-0.00105674
-0.00105239
-0.00104806
-0.00104375
-0.00103945
-0.00103518
-0.00103092
-0.00102667
-0.00102245
-0.00101824
-0.00101406
-0.00100988
-0.00100573
-0.00100159
-0.000997475
-0.000993373
-0.000989288
-0.00098522
-0.000981169
-0.000977135
-0.000973117
-0.000969117
-0.000965133
-0.000961165
-0.000957214
-0.00095328
-0.000949362
-0.00094546
-0.000941574
-0.000937705
-0.000933852
-0.000930014
-0.000926193
-0.000922388
-0.000918598
-0.000914824
-0.000911066
-0.000907324
-0.000903597
-0.000899886
-0.00089619
-0.000892509
-0.000888844
-0.000885194
-0.000881559
-0.000877939
-0.000874334
-0.000870745
-0.00086717
-0.00086361
-0.000860064
-0.000856534
-0.000853018
-0.000849517
-0.00084603
-0.000842558
-0.0008391
-0.000835657
-0.000832228
-0.000828813
-0.000825412
-0.000822026
-0.000818653
-0.000815294
-0.00081195
-0.000808619
-0.000805302
-0.000801999
-0.00079871
-0.000795434
-0.000792172
-0.000788923
-0.000785688
-0.000782466
-0.000779257
-0.000776062
-0.00077288
-0.000769712
-0.000766556
-0.000763414
-0.000760284
-0.000757168
-0.000754064
-0.000750973
-0.000747895
-0.00074483
-0.000741778
-0.000738738
-0.000735711
-0.000732696
-0.000729694
-0.000726704
-0.000723727
-0.000720762
-0.000717809
-0.000714868
-0.00071194
-0.000709024
-0.000706119
-0.000703227
-0.000700347
-0.000697479
-0.000694622
-0.000691778
-0.000688945
-0.000686124
-0.000683314
-0.000680516
-0.00067773
-0.000674956
-0.000672192
-0.00066944
-0.0006667
-0.000663971
-0.000661253
-0.000658546
-0.000655851
-0.000653167
-0.000650494
-0.000647832
-0.00064518
-0.00064254
-0.000639911
-0.000637293
-0.000634685
-0.000632088
-0.000629502
-0.000626927
-0.000624362
-0.000621808
-0.000619264
-0.000616731
-0.000614209
-0.000611696
-0.000609195
-0.000606703
-0.000604222
-0.000601751
-0.00059929
-0.00059684
-0.000594399
-0.000591969
-0.000589548
-0.000587138
-0.000584737
-0.000582347
-0.000579966
-0.000577595
-0.000575234
-0.000572883
-0.000570541
-0.000568209
-0.000565887
-0.000563574
-0.000561271
-0.000558977
-0.000556693
-0.000554418
-0.000552152
-0.000549896
-0.000547649
-0.000545412
-0.000543183
-0.000540964
-0.000538754
-0.000536553
-0.000534361
-0.000532179
-0.000530005
-0.00052784
-0.000525684
-0.000523537
-0.000521399
-0.000519269
-0.000517149
-0.000515037
-0.000512934
-0.000510839
-0.000508753
-0.000506676
-0.000504607
-0.000502547
-0.000500495
-0.000498452
-0.000496417
-0.00049439
-0.000492372
-0.000490362
-0.000488361
-0.000486367
-0.000484382
-0.000482405
-0.000480436
-0.000478475
-0.000476523
-0.000474578
-0.000472641
-0.000470713
-0.000468792
-0.000466879
-0.000464974
-0.000463077
-0.000461188
-0.000459306
-0.000457432
-0.000455566
-0.000453708
-0.000451857
-0.000450014
-0.000448178
-0.00044635
-0.000444529
-0.000442716
-0.000440911
-0.000439113
-0.000437322
-0.000435538
-0.000433762
-0.000431993
-0.000430232
-0.000428477
-0.00042673
-0.00042499
-0.000423258
-0.000421532
-0.000419813
-0.000418102
-0.000416398
-0.0004147
-0.00041301
-0.000411326
-0.000409649
-0.00040798
-0.000406317
-0.000404661
-0.000403011
-0.000401369
-0.000399733
-0.000398104
-0.000396482
-0.000394866
-0.000393257
-0.000391655
-0.000390059
-0.000388469
-0.000386887
-0.00038531
-0.000383741
-0.000382177
-0.00038062
-0.00037907
-0.000377525
-0.000375988
-0.000374456
-0.000372931
-0.000371412
-0.000369899
-0.000368392
-0.000366892
-0.000365398
-0.000363909
-0.000362427
-0.000360952
-0.000359482
-0.000358018
-0.000356561
-0.000355109
-0.000353663
-0.000352223
-0.000350788
-0.00034936
-0.000347938
-0.000346521
-0.00034511
-0.000343705
-0.000342306
-0.000340913
-0.000339525
-0.000338143
-0.000336766
-0.000335396
-0.000334031
-0.000332671
-0.000331317
-0.000329969
-0.000328626
-0.000327288
-0.000325956
-0.00032463
-0.000323309
-0.000321993
-0.000320683
-0.000319378
-0.000318079
-0.000316785
-0.000315496
-0.000314212
-0.000312934
-0.000311661
-0.000310393
-0.00030913
-0.000307872
-0.00030662
-0.000305373
-0.000304131
-0.000302893
-0.000301661
-0.000300435
-0.000299213
-0.000297996
-0.000296784
-0.000295577
-0.000294375
-0.000293177
-0.000291985
-0.000290798
-0.000289615
-0.000288438
-0.000287265
-0.000286097
-0.000284934
-0.000283775
-0.000282621
-0.000281472
-0.000280328
-0.000279188
-0.000278053
-0.000276923
-0.000275797
-0.000274676
-0.000273559
-0.000272447
-0.00027134
-0.000270237
-0.000269139
-0.000268045
-0.000266955
-0.00026587
-0.00026479
-0.000263714
-0.000262642
-0.000261575
-0.000260512
-0.000259453
-0.000258399
-0.000257349
-0.000256303
-0.000255261
-0.000254224
-0.000253191
-0.000252163
-0.000251138
-0.000250118
-0.000249102
-0.00024809
-0.000247082
-0.000246078
-0.000245078
-0.000244083
-0.000243091
-0.000242104
-0.00024112
-0.000240141
-0.000239166
-0.000238194
-0.000237227
-0.000236263
-0.000235304
-0.000234348
-0.000233396
-0.000232449
-0.000231505
-0.000230564
-0.000229628
-0.000228696
-0.000227767
-0.000226842
-0.000225921
-0.000225004
-0.00022409
-0.00022318
-0.000222274
-0.000221372
-0.000220473
-0.000219578
-0.000218687
-0.000217799
-0.000216915
-0.000216034
-0.000215157
-0.000214284
-0.000213414
-0.000212548
-0.000211685
-0.000210826
-0.00020997
-0.000209118
-0.000208269
-0.000207424
-0.000206582
-0.000205744
-0.000204909
-0.000204077
-0.000203249
-0.000202424
-0.000201603
-0.000200785
-0.00019997
-0.000199158
-0.00019835
-0.000197546
-0.000196744
-0.000195946
-0.000195151
-0.000194359
-0.000193571
-0.000192785
-0.000192003
-0.000191224
-0.000190448
-0.000189676
-0.000188906
-0.00018814
-0.000187377
-0.000186617
-0.00018586
-0.000185106
-0.000184355
-0.000183608
-0.000182863
-0.000182121
-0.000181383
-0.000180647
-0.000179914
-0.000179185
-0.000178458
-0.000177734
-0.000177014
-0.000176296
-0.000175581
-0.000174869
-0.00017416
-0.000173454
-0.00017275
-0.00017205
-0.000171352
-0.000170657
-0.000169966
-0.000169276
-0.00016859
-0.000167907
-0.000167226
-0.000166548
-0.000165699
-0.000165001
-0.000164334
-0.000163672
-0.000163013
-0.000162355
-0.000161699
-0.000161046
-0.000160395
-0.000159747
-0.000159101
-0.000158458
-0.000157816
-0.000157178
-0.000156541
-0.000155908
-0.000155276
-0.000154647
-0.000154021
-0.000153397
-0.000152776
-0.000152157
-0.000151541
-0.000150927
-0.000150316
-0.000149707
-0.0001491
-0.000148497
-0.000147895
-0.000147296
-0.0001467
-0.000146106
-0.000145514
-0.000144925
-0.000144338
-0.000143753
-0.000143171
-0.000142592
-0.000142014
-0.000141439
-0.000140867
-0.000140296
-0.000139728
-0.000139163
-0.000138599
-0.000138038
-0.000137479
-0.000136923
-0.000136369
-0.000135817
-0.000135267
-0.000134719
-0.000134174
-0.000133631
-0.00013309
-0.000132551
-0.000132015
-0.00013148
-0.000130948
-0.000130418
-0.000129891
-0.000129365
-0.000128841
-0.000128319
-0.0001278
-0.000127283
-0.000126768
-0.000126255
-0.000125744
-0.000125235
-0.000124728
-0.000124224
-0.000123721
-0.00012322
-0.000122722
-0.000122225
-0.000121731
-0.000121238
-0.000120748
-0.000120259
-0.000119773
-0.000119288
-0.000118805
-0.000118325
-0.000117846
-0.000117369
-0.000116895
-0.000116422
-0.000115951
-0.000115482
-0.000115015
-0.000114549
-0.000114086
-0.000113625
-0.000113165
-0.000112707
-0.000112251
-0.000111797
-0.000111345
-0.000110895
-0.000110446
-0.00011
-0.000109555
-0.000109112
-0.000108671
-0.000108231
-0.000107793
-0.000107357
-0.000106923
-0.000106491
-0.00010606
-0.000105631
-0.000105204
-0.000104779
-0.000104355
-0.000103933
-0.000103513
-0.000103095
-0.000102678
-0.000102263
-0.000101849
-0.000101437
-0.000101027
-0.000100619
-0.000100212
-9.98069e-05
-9.94035e-05
-9.90016e-05
-9.86014e-05
-9.82028e-05
-9.78058e-05
-9.74105e-05
-9.70167e-05
-9.66246e-05
-9.6234e-05
-9.5845e-05
-9.54576e-05
-9.50718e-05
-9.46875e-05
-9.43048e-05
-9.39237e-05
-9.35441e-05
-9.3166e-05
-9.27895e-05
-9.24145e-05
-9.2041e-05
-9.16691e-05
-9.12986e-05
-9.09297e-05
-9.05622e-05
-9.01963e-05
-8.98318e-05
-8.94688e-05
-8.91073e-05
-8.87472e-05
-8.83886e-05
-8.80315e-05
-8.76758e-05
-8.73216e-05
-8.69688e-05
-8.66174e-05
-8.62674e-05
-8.59189e-05
-8.55718e-05
-8.52261e-05
-8.48818e-05
-8.45388e-05
-8.41973e-05
-8.38572e-05
-8.35184e-05
-8.3181e-05
-8.2845e-05
-8.25104e-05
-8.21771e-05
-8.18451e-05
-8.15145e-05
-8.11853e-05
-8.08574e-05
-8.05308e-05
-8.02055e-05
-7.98816e-05
-7.95589e-05
-7.92376e-05
-7.89176e-05
-7.85989e-05
-7.82814e-05
-7.79653e-05
-7.76504e-05
-7.73368e-05
-7.70245e-05
-7.67135e-05
-7.64037e-05
-7.60952e-05
-7.57879e-05
-7.54819e-05
-7.51771e-05
-7.48735e-05
-7.45712e-05
-7.42701e-05
-7.39702e-05
-7.36715e-05
-7.33741e-05
-7.30778e-05
-7.27828e-05
-7.24889e-05
-7.21963e-05
-7.19048e-05
-7.16145e-05
-7.13254e-05
-7.10374e-05
-7.07506e-05
-7.0465e-05
-7.01806e-05
-6.98973e-05
-6.96151e-05
-6.93341e-05
-6.90542e-05
-6.87755e-05
-6.84979e-05
-6.82214e-05
-6.7946e-05
-6.76717e-05
-6.73986e-05
-6.71266e-05
-6.68556e-05
-6.65858e-05
-6.63171e-05
-6.60494e-05
-6.57828e-05
-6.55174e-05
-6.52529e-05
-6.49896e-05
-6.47273e-05
-6.44661e-05
-6.4206e-05
-6.39469e-05
-6.36888e-05
-6.34318e-05
-6.31759e-05
-6.29209e-05
-6.2667e-05
-6.24142e-05
-6.21623e-05
-6.19115e-05
-6.16617e-05
-6.14129e-05
-6.11651e-05
-6.09183e-05
-6.06726e-05
-6.04278e-05
-6.0184e-05
-5.99412e-05
-5.96993e-05
-5.94585e-05
-5.92186e-05
-5.89797e-05
-5.87418e-05
-5.85048e-05
-5.82688e-05
-5.80338e-05
-5.77997e-05
-5.75665e-05
-5.73343e-05
-5.7103e-05
-5.68727e-05
-5.66433e-05
-5.64148e-05
-5.61873e-05
-5.59606e-05
-5.57349e-05
-5.55101e-05
-5.52863e-05
-5.50633e-05
-5.48412e-05
-5.462e-05
-5.43997e-05
-5.41803e-05
-5.39618e-05
-5.37442e-05
-5.35275e-05
-5.33116e-05
-5.30966e-05
-5.28825e-05
-5.26693e-05
-5.24569e-05
-5.22454e-05
-5.20347e-05
-5.18249e-05
-5.16159e-05
-5.14078e-05
-5.12005e-05
-5.09941e-05
-5.07885e-05
-5.05837e-05
-5.03798e-05
-5.01766e-05
-4.99743e-05
-4.97729e-05
-4.95722e-05
-4.93723e-05
-4.91733e-05
-4.89751e-05
-4.87776e-05
-4.8581e-05
-4.83851e-05
-4.81901e-05
-4.79958e-05
-4.78024e-05
-4.76097e-05
-4.74178e-05
-4.72266e-05
-4.70363e-05
-4.68467e-05
-4.66578e-05
-4.64698e-05
-4.62825e-05
-4.60959e-05
-4.59101e-05
-4.57251e-05
-4.55408e-05
-4.53573e-05
-4.51745e-05
-4.49922e-05
-4.48108e-05
-4.46301e-05
-4.44502e-05
-4.42711e-05
-4.40927e-05
-4.39151e-05
-4.37382e-05
-4.35619e-05
-4.33864e-05
-4.32116e-05
-4.30376e-05
-4.28642e-05
-4.26915e-05
-4.25194e-05
-4.23481e-05
-4.21775e-05
-4.20076e-05
-4.18383e-05
-4.16697e-05
-4.15018e-05
-4.13346e-05
-4.11681e-05
-4.10023e-05
-4.08371e-05
-4.06726e-05
-4.05087e-05
-4.03455e-05
-4.0183e-05
-4.00211e-05
-3.98599e-05
-3.96993e-05
-3.95394e-05
-3.93802e-05
-3.92215e-05
-3.90636e-05
-3.89062e-05
-3.87495e-05
-3.85934e-05
-3.8438e-05
-3.82831e-05
-3.8129e-05
-3.79754e-05
-3.78225e-05
-3.76701e-05
-3.75184e-05
-3.73673e-05
-3.72168e-05
-3.70669e-05
-3.69176e-05
-3.6769e-05
-3.66209e-05
-3.64734e-05
-3.63265e-05
-3.61802e-05
-3.60345e-05
-3.58894e-05
-3.57449e-05
-3.5601e-05
-3.54576e-05
-3.53148e-05
-3.51726e-05
-3.5031e-05
-3.48899e-05
-3.47495e-05
-3.46095e-05
-3.44702e-05
-3.43314e-05
-3.41932e-05
-3.40555e-05
-3.39184e-05
-3.37818e-05
-3.36458e-05
-3.35104e-05
-3.33755e-05
-3.32411e-05
-3.31073e-05
-3.2974e-05
-3.28413e-05
-3.27091e-05
-3.25774e-05
-3.24462e-05
-3.23156e-05
-3.21855e-05
-3.2056e-05
-3.1927e-05
-3.17984e-05
-3.16704e-05
-3.1543e-05
-3.1416e-05
-3.12896e-05
-3.11636e-05
-3.10382e-05
-3.09133e-05
-3.07888e-05
-3.06649e-05
-3.05415e-05
-3.04186e-05
-3.02962e-05
-3.01742e-05
-3.00528e-05
-2.99318e-05
-2.98114e-05
-2.96914e-05
-2.95719e-05
-2.94529e-05
-2.93344e-05
-2.92164e-05
-2.90988e-05
-2.89817e-05
-2.88651e-05
-2.87489e-05
-2.86332e-05
-2.8518e-05
-2.84033e-05
-2.8289e-05
-2.81752e-05
-2.80618e-05
-2.79489e-05
-2.78364e-05
-2.77244e-05
-2.76129e-05
-2.75018e-05
-2.73911e-05
-2.72809e-05
-2.71712e-05
-2.70619e-05
-2.6953e-05
-2.68446e-05
-2.67366e-05
-2.6629e-05
-2.65219e-05
-2.64152e-05
-2.63089e-05
-2.62031e-05
-2.60977e-05
-2.59927e-05
-2.58882e-05
-2.5784e-05
-2.56803e-05
-2.5577e-05
-2.54741e-05
-2.53717e-05
-2.52696e-05
-2.5168e-05
-2.50668e-05
-2.49659e-05
-2.48655e-05
-2.47655e-05
-2.46659e-05
-2.45667e-05
-2.44679e-05
-2.43695e-05
-2.42715e-05
-2.41739e-05
-2.40767e-05
-2.39798e-05
-2.38834e-05
-2.37874e-05
-2.36917e-05
-2.35964e-05
-2.35015e-05
-2.3407e-05
-2.33129e-05
-2.32192e-05
-2.31258e-05
-2.30328e-05
-2.29402e-05
-2.28479e-05
-2.27561e-05
-2.26646e-05
-2.25735e-05
-2.24827e-05
-2.23923e-05
-2.23023e-05
-2.22126e-05
-2.21233e-05
-2.20343e-05
-2.19458e-05
-2.18575e-05
-2.17697e-05
-2.16821e-05
-2.1595e-05
-2.15082e-05
-2.14217e-05
-2.13356e-05
-2.12498e-05
-2.11644e-05
-2.10793e-05
-2.09946e-05
-2.09102e-05
-2.08261e-05
-2.07424e-05
-2.0659e-05
-2.0576e-05
-2.04933e-05
-2.04109e-05
-2.03289e-05
-2.02472e-05
-2.01658e-05
-2.00848e-05
-2.0004e-05
-1.99236e-05
-1.98436e-05
-1.97638e-05
-1.96844e-05
-1.96053e-05
-1.95265e-05
-1.9448e-05
-1.93698e-05
-1.9292e-05
-1.92145e-05
-1.91373e-05
-1.90604e-05
-1.89838e-05
-1.89075e-05
-1.88315e-05
-1.87558e-05
-1.86805e-05
-1.86054e-05
-1.85306e-05
-1.84562e-05
-1.8382e-05
-1.83082e-05
-1.82346e-05
-1.81613e-05
-1.80884e-05
-1.80157e-05
-1.79433e-05
-1.78712e-05
-1.77994e-05
-1.77279e-05
-1.76567e-05
-1.75858e-05
-1.75151e-05
-1.74447e-05
-1.73747e-05
-1.73049e-05
-1.72353e-05
-1.71661e-05
-1.70971e-05
-1.70285e-05
-1.69601e-05
-1.68919e-05
-1.68241e-05
-1.67565e-05
-1.66892e-05
-1.66222e-05
-1.65554e-05
-1.64889e-05
-1.64227e-05
-1.63567e-05
-1.6291e-05
-1.62256e-05
-1.61604e-05
-1.60955e-05
-1.60308e-05
-1.59665e-05
-1.59023e-05
-1.58387e-05
-1.57752e-05
-1.57119e-05
-1.56488e-05
-1.5586e-05
-1.55234e-05
-1.5461e-05
-1.53989e-05
-1.53371e-05
-1.52755e-05
-1.52141e-05
-1.5153e-05
-1.50921e-05
-1.50315e-05
-1.49711e-05
-1.4911e-05
-1.48511e-05
-1.47915e-05
-1.4732e-05
-1.46729e-05
-1.4614e-05
-1.45553e-05
-1.44968e-05
-1.44386e-05
-1.43806e-05
-1.43229e-05
-1.42654e-05
-1.42081e-05
-1.4151e-05
-1.40942e-05
-1.40376e-05
-1.39813e-05
-1.39251e-05
-1.38692e-05
-1.38136e-05
-1.37581e-05
-1.37029e-05
-1.36479e-05
-1.35931e-05
-1.35385e-05
-1.34842e-05
-1.343e-05
-1.33761e-05
-1.33224e-05
-1.3269e-05
-1.32157e-05
-1.31627e-05
-1.31098e-05
-1.30572e-05
-1.30048e-05
-1.29526e-05
-1.29006e-05
-1.28489e-05
-1.27973e-05
-1.27459e-05
-1.26948e-05
-1.26438e-05
-1.25931e-05
-1.25426e-05
-1.24922e-05
-1.24421e-05
-1.23922e-05
-1.23424e-05
-1.22929e-05
-1.22436e-05
-1.21944e-05
-1.21455e-05
-1.20968e-05
-1.20482e-05
-1.19999e-05
-1.19517e-05
-1.19038e-05
-1.1856e-05
-1.18084e-05
-1.17611e-05
-1.17139e-05
-1.16669e-05
-1.16201e-05
-1.15734e-05
-1.1527e-05
-1.14808e-05
-1.14347e-05
-1.13888e-05
-1.13431e-05
-1.12976e-05
-1.12523e-05
-1.12072e-05
-1.11622e-05
-1.11174e-05
-1.10728e-05
-1.10284e-05
-1.09842e-05
-1.09401e-05
-1.08962e-05
-1.08525e-05
-1.0809e-05
-1.07656e-05
-1.07224e-05
-1.06794e-05
-1.06366e-05
-1.05939e-05
-1.05514e-05
-1.05091e-05
-1.04669e-05
-1.0425e-05
-1.03831e-05
-1.03415e-05
-1.03e-05
-1.02587e-05
-1.02176e-05
-1.01766e-05
-1.01358e-05
-1.00951e-05
-1.00546e-05
-1.00143e-05
-9.97415e-06
