127
46.8179
40.7276
32.3888
26.3164
22.917
21.0132
20.0947
19.5615
19.1562
18.7952
18.5094
18.2041
17.8114
17.5176
17.2282
16.827
16.5315
22.5168
29.5274
28.9789
28.5083
27.9626
27.4423
26.8806
26.4495
25.9645
25.516
25.0003
24.6481
24.138
23.7903
23.3639
23.0019
22.587
22.2166
21.8401
21.5693
21.1757
20.8108
20.5729
20.2516
19.8968
19.6697
19.3426
19.1096
18.7894
18.5265
18.2742
18.0543
17.8031
17.556
17.3169
17.0453
16.8234
16.668
16.443
16.1798
16.0108
15.7745
15.6132
15.3783
15.2185
15.0543
14.8818
14.6309
14.4731
14.302
14.132
13.9809
13.8255
13.6465
13.5777
13.4045
13.2381
13.1477
13.0697
12.9217
12.7864
12.748
12.5766
12.5701
12.3021
12.3355
12.1494
12.0606
11.9924
11.8914
11.7245
11.638
11.5575
11.472
11.3905
11.2127
11.2241
11.0419
10.964
10.8673
10.779
10.6972
10.6093
10.515
10.4358
10.3552
10.1907
10.1799
10.0943
10.0126
9.93113
9.84981
9.75876
9.66144
9.57565
9.58076
9.41066
9.41873
9.24244
9.24689
9.1544
9.06823
8.98077
8.9853
8.80492
8.80671
8.72535
8.63829
8.63491
8.54916
8.45421
8.3786
8.28661
8.29162
8.1946
8.10855
8.11128
8.04342
7.93166
7.85006
7.85075
7.75986
7.67586
7.69553
7.58778
7.59387
7.50899
7.41523
7.32767
7.32713
7.32577
7.15261
7.1515
7.17666
7.08203
6.98942
6.99715
6.9058
6.89261
6.8105
6.73189
6.71665
6.72179
6.64465
6.54674
6.56254
6.46899
6.45546
6.3644
6.37089
6.35223
6.19747
6.28904
6.20648
6.10741
6.1237
6.02966
6.03043
6.03494
5.94737
5.93215
5.85563
5.8551
5.77177
5.76626
5.69398
5.67507
5.68178
5.5969
5.59628
5.50794
5.50604
5.52452
5.40927
5.41501
5.32862
5.33535
5.329
5.23904
5.2283
5.14844
5.15518
5.14299
5.06755
5.07331
5.06547
4.97272
4.98139
4.98633
4.89017
4.90405
4.89276
4.80789
4.81658
4.80152
4.71881
4.71761
4.72414
4.63132
4.63832
4.63083
4.54843
4.53456
4.54694
4.53917
4.45694
4.44998
4.45714
4.37228
4.36726
4.37057
4.37301
4.28579
4.28473
4.27817
4.19583
4.19868
4.19166
4.19955
4.11043
4.10929
4.11794
4.10832
4.02769
4.02412
4.03292
4.03884
3.9317
3.93641
3.93345
3.94571
3.85955
3.93121
3.85758
3.76695
3.84336
3.75794
3.76035
3.7603
3.75405
3.66924
3.66818
3.67089
3.67653
3.67391
3.59581
3.58775
3.58936
3.58958
3.4928
3.59138
3.49676
3.5118
3.41034
3.49892
3.41867
3.40655
3.41645
3.40666
3.41068
3.32505
3.32972
3.32563
3.32838
3.32703
3.24079
3.3296
3.24188
3.25474
3.2472
3.14632
3.24183
3.15889
3.14787
3.14499
3.14887
3.15468
3.07031
3.05842
3.15195
3.05286
2.97002
3.05427
3.06604
2.96711
2.97405
2.96643
2.96733
2.95989
2.96203
2.88898
2.88998
2.96933
2.87719
2.88256
2.79847
2.87785
2.79391
2.89637
2.79847
2.80282
2.79842
2.80909
2.71692
2.79919
2.7039
2.80617
2.70789
2.71656
2.70805
2.62054
2.70539
2.6212
2.71008
2.62568
2.62502
2.62217
2.61865
2.62205
2.54131
2.62311
2.53265
2.62232
2.53889
2.53343
2.52854
2.52054
2.43569
2.53108
2.52694
2.44586
2.43988
2.44052
2.44898
2.44604
2.44495
2.44614
2.44613
2.36388
2.45196
2.35398
2.35974
2.3573
2.36224
2.36336
2.36486
2.3647
2.27211
2.35611
2.27566
2.36256
2.27283
2.27311
2.26744
2.27149
2.25828
2.2716
2.17353
2.26316
2.18168
2.26682
2.175
2.17783
2.18336
2.17585
2.17697
2.18279
2.17428
2.18741
2.09032
2.18964
2.0927
2.18273
2.08863
2.1001
2.08898
2.09824
2.10629
2.09124
2.09493
2.08937
2.01459
2.08871
2.00466
2.08892
2.00175
2.00561
2.08447
2.00866
2.0008
2.00727
2.0025
1.915
2.00604
2.00434
1.91792
2.01091
1.9159
1.99837
1.92611
1.93217
1.93248
1.9226
1.91175
1.91555
1.92436
1.91742
1.91689
1.91645
1.82663
1.92707
1.84233
1.92512
1.82718
1.83244
1.92582
1.82604
1.83249
1.83812
1.82622
1.833
1.83844
1.82628
1.74977
1.8246
1.82613
1.74457
1.83093
1.7457
1.8253
1.74563
1.73739
1.7491
1.83063
1.74891
1.73955
1.74435
1.74899
1.74366
1.66163
1.75233
1.75084
1.65806
1.74733
1.74415
1.66033
1.73972
1.6586
1.65132
1.75032
1.6599
1.65727
1.65478
1.65455
1.65803
1.66095
1.64787
1.65443
1.66494
1.65013
1.56368
1.65316
1.65568
1.56895
1.66163
1.57867
1.65437
1.5718
1.6643
1.57077
1.57251
1.57378
1.66779
1.57892
1.56939
1.56675
1.57085
1.5715
1.58976
1.58971
1.48592
1.56853
1.56586
1.56568
1.50288
1.57669
1.47968
1.56084
1.4862
1.57383
1.48232
1.57021
1.49204
1.48381
1.48939
1.56836
1.48302
1.48284
1.47262
1.4788
1.47868
1.47241
1.46832
1.47432
1.4829
1.39863
1.47706
1.4847
1.47935
1.3953
1.48819
1.40142
1.46871
1.48068
1.38513
1.38286
1.48092
1.38665
1.47436
1.39734
1.391
1.38802
1.48431
1.3904
1.38766
1.39873
1.39033
1.38765
1.39804
1.39056
1.38852
1.39872
1.39115
1.3875
1.31085
1.39131
1.38713
1.39916
1.30357
1.38945
1.31149
1.39025
1.3899
1.31225
1.3908
1.30156
1.31192
1.39127
1.30022
1.31105
1.39039
1.30134
1.30575
1.29828
1.38202
1.3059
1.30348
1.30089
1.31198
1.30417
1.3011
1.31197
1.30563
1.30049
1.31103
1.30416
1.30068
1.31165
1.29874
1.30156
1.22491
1.29839
1.2959
1.22031
1.29846
1.30123
1.22471
1.30554
1.20856
1.308
1.21194
1.29018
1.21364
1.2065
1.29057
1.21478
1.293
1.20365
1.2185
1.20704
1.2908
1.21403
1.20643
1.20325
1.21386
1.20669
1.20337
1.21357
1.29329
1.20311
1.21413
1.20606
1.2041
1.21429
1.20628
1.20379
1.21417
1.20647
1.20364
1.21345
1.20731
1.20369
1.21356
1.20643
1.20445
1.2139
1.20603
1.2035
1.21682
1.20638
1.1169
1.21417
1.11943
1.20344
1.12662
1.20633
1.11671
1.21404
1.11966
1.11679
1.21366
1.11948
1.20539
1.12731
1.11955
1.11939
1.21521
1.11976
1.11599
1.12677
1.12034
1.2036
1.12677
1.11962
1.1168
1.12722
1.11918
1.11666
1.12752
1.11961
1.11664
1.12676
1.11947
1.11673
1.12677
1.11992
1.1164
1.12711
1.11998
1.11687
1.12947
1.11986
1.11728
1.12678
1.11991
1.11664
1.12762
1.11989
1.11654
1.12702
1.11953
1.11852
1.1273
1.11974
1.11647
1.12706
1.11962
1.11646
1.12738
1.11932
1.11723
1.12708
1.11968
1.11655
1.12658
1.1204
1.11677
1.1268
1.11957
1.11826
1.12713
1.11938
1.11669
1.12783
1.11986
1.11747
1.1272
1.11991
1.11669
1.12631
1.11944
1.11675
1.12691
1.12191
1.11711
1.12683
1.11921
1.03
1.04038
1.03271
1.11698
1.04042
1.03306
1.03004
1.04042
1.03404
1.03238
1.04089
1.02738
1.0247
1.03502
1.02742
1.02445
1.03524
1.02738
1.02485
1.0356
1.02802
1.02461
1.03467
1.02748
1.02489
1.03465
1.02721
1.02468
1.03491
1.02713
1.02423
1.03553
1.02779
1.02545
1.03623
1.02967
1.02486
1.03445
1.02905
1.02489
1.03519
1.02742
1.0313
1.04182
1.03357
1.03051
1.04067
1.03294
1.0301
1.0409
1.02808
1.02441
1.03466
1.02782
1.02495
1.03514
1.02775
1.02466
1.0355
1.02719
1.02477
1.03551
1.02769
1.0269
1.03519
1.0274
1.02486
1.03577
1.02885
1.02437
1.03509
1.02772
1.02515
1.03601
1.02713
1.02485
1.03533
1.0274
1.02581
1.03509
1.02813
1.02417
1.03451
1.02759
1.02495
1.03447
1.02757
1.02487
1.03485
1.02933
1.02475
1.0352
1.02762
1.02557
1.03555
1.02763
1.02471
1.03619
1.02788
1.02483
1.03539
1.02898
1.02515
1.03472
1.02719
1.02449
1.03544
1.02772
1.02492
1.0351
1.02773
1.02452
1.03513
1.02821
1.02465
1.03524
1.02802
1.02477
1.03543
1.02696
1.02466
1.03533
1.02259
1.01934
1.03003
1.02238
1.01988
1.02961
1.02252
1.01932
1.02952
1.02207
1.01934
1.02954
1.02186
1.01951
1.03436
1.02222
1.01969
1.0295
1.02233
1.0196
1.02928
1.02203
1.01975
1.02938
1.02237
1.01988
1.02975
1.02203
1.0193
1.02974
1.02353
1.01994
1.02981
1.02431
1.0193
1.02909
1.02239
1.01906
1.02961
1.02295
1.01947
1.02979
1.02225
1.01983
1.02999
1.02183
1.01975
1.03019
1.02266
1.01946
0.94273
0.935919
0.932336
0.942901
0.935751
0.932435
0.942968
0.934887
0.93291
0.94286
0.935518
0.933136
0.94586
0.935473
0.934991
0.94242
0.935626
0.932629
0.942788
0.935279
0.933128
0.942935
0.935387
0.932545
0.943222
0.936132
0.93345
0.943084
0.936004
0.93269
0.942706
0.9357
0.93277
0.93762
0.93021
0.92749
0.937628
0.929836
0.928028
0.937753
0.929818
0.92782
0.937569
0.929903
0.927354
0.937054
0.93085
0.92747
0.937328
0.930141
0.93261
0.94276
0.93597
0.932861
0.942943
0.935372
0.933326
0.942981
0.93016
0.932449
0.942526
0.935359
0.932399
0.943689
0.937036
0.932881
0.94295
0.929451
0.927358
0.93743
0.930181
0.927612
0.937512
0.930368
0.927115
0.936984
0.931272
0.928344
0.938525
0.930132
0.927885
0.937667
0.92999
0.927208
0.937685
0.929964
0.927733
0.937665
0.930253
0.927568
0.937739
0.929899
0.927308
0.937555
0.930123
0.926903
0.938079
0.929904
0.92733
0.937851
0.930878
0.927738
0.937644
0.930314
0.927327
0.937244
0.930699
0.92906
0.937457
0.930528
0.927917
0.938912
0.929987
0.927498
0.937467
0.932054
0.92842
0.93778
0.930153
0.927127
0.937373
0.92993
0.927451
0.937276
0.930637
0.92761
0.938016
0.929887
0.92946
0.937508
0.930107
0.927566
0.937986
0.9308
0.927561
0.937598
0.930386
0.927171
0.938698
0.92997
0.927246
0.938069
0.930731
0.927888
0.93767
0.929947
0.927734
0.937341
0.930834
0.927395
0.937677
0.93009
0.927051
0.937634
0.93125
0.927173
0.938098
0.929597
0.927911
0.938046
0.930472
0.928163
0.937586
0.93014
0.926999
0.937489
0.930341
0.929484
0.937847
0.930121
0.92736
0.937911
0.930141
0.92787
0.937674
0.930722
0.928538
0.937772
0.930669
0.927509
0.938134
0.930314
0.921736
0.932634
0.925299
0.921346
0.93282
0.924054
0.922623
0.932455
0.924668
0.922684
0.932593
0.925822
0.921675
0.931837
0.925082
0.922406
0.932542
0.924552
0.921978
0.932355
0.924829
0.922938
0.932102
0.924765
0.922853
0.93392
0.926212
0.922043
0.932028
0.924935
0.922128
0.932661
0.92488
0.922007
0.932172
0.924441
0.925224
0.933992
0.924641
0.922415
0.932208
0.925186
0.922312
0.932104
0.924954
0.922054
0.93238
0.924872
0.922767
0.932336
0.924983
0.922553
0.932462
0.924764
0.922652
0.932584
0.920035
0.917649
0.927411
0.91956
0.917004
0.927199
0.91966
0.917197
0.927183
0.91922
0.917826
0.927095
0.919618
0.917567
0.926898
0.919798
0.916746
0.92644
0.919716
0.917218
0.927487
0.919309
0.91663
0.926848
0.91968
0.917024
0.926862
0.919358
0.917047
0.926839
0.920812
0.917004
0.928352
0.921368
0.920188
0.927026
0.919597
0.916924
0.926784
0.919202
0.917193
0.926787
0.919513
0.917144
0.926642
0.920153
0.918367
0.927037
0.919794
0.915912
0.927229
0.919422
0.916542
0.926611
0.919559
0.917669
0.926864
0.918972
0.916943
0.927008
0.919867
0.9163
0.926559
0.919636
0.916855
0.927169
0.919659
0.918334
0.927158
0.918857
0.917417
0.926913
0.919866
0.917564
0.926677
0.919703
0.916671
0.926806
0.919713
0.916821
0.926922
0.919418
0.916816
0.927077
0.919569
0.918907
0.927133
0.919327
0.917336
0.927309
0.920106
0.916669
0.926554
0.919394
0.916504
0.928049
0.919755
0.917006
0.928029
0.919646
0.917249
0.92711
0.919682
0.917004
0.926858
0.919627
0.916303
0.926394
0.919857
0.916691
0.926821
0.919793
0.917207
0.926681
0.919281
0.917167
0.927061
0.919129
0.916494
0.926663
0.919791
0.917048
0.926633
0.919429
0.916981
0.926907
0.919752
0.916959
0.927404
0.91916
0.91977
0.926979
0.920134
0.918334
0.927109
0.919842
0.916355
0.929676
0.920198
0.916472
0.9272
0.91904
0.916651
0.926735
0.920031
0.917009
0.926673
0.919054
0.91691
0.928438
0.920242
0.916532
0.926924
0.919614
0.916756
0.927357
0.919464
0.916648
0.927167
0.919204
0.916998
0.927155
0.919372
0.917305
0.928173
0.919729
0.916773
0.926862
0.919715
0.916631
0.927036
0.91923
0.91646
0.927225
0.919036
0.917296
0.927152
0.919607
0.917456
0.926845
0.919784
0.916769
0.926402
0.919427
0.917023
0.927028
0.919509
0.911544
0.9217
0.916279
0.912544
0.921603
0.91379
0.911841
0.921271
0.914271
0.910806
0.921797
0.909559
0.906239
0.916252
0.908849
0.90629
0.916463
0.908569
0.906233
0.916131
0.909292
0.906664
0.916272
0.909043
0.905968
0.916294
0.90863
0.906004
0.916635
0.908869
0.906214
0.915889
0.908461
0.90656
0.916057
0.908829
0.907051
0.916057
0.908605
0.9061
0.915918
0.908892
0.906371
0.916596
0.909321
0.905777
0.916352
0.908615
0.906468
0.916406
0.908907
0.90674
0.916177
0.909184
0.905596
0.920292
0.908864
0.906234
0.916032
0.909074
0.906338
0.916642
0.908481
0.906823
0.916535
0.90886
0.906584
0.916243
0.909344
0.905865
0.91578
0.908976
0.906921
0.917313
0.908931
0.906056
0.918725
0.909116
0.90636
0.915959
0.908213
0.905912
0.916158
0.910078
0.906137
0.916029
0.90867
0.905917
0.916544
0.908754
0.906322
0.916204
0.908576
0.906606
0.91619
0.909031
0.906744
0.916088
0.908846
0.906207
0.916217
0.908771
0.906498
0.916522
0.908999
0.906706
0.916174
0.908678
0.909417
0.918538
0.908561
0.906853
0.916197
0.909252
0.906397
0.916253
0.909776
0.906281
0.91623
0.90874
0.905844
0.917795
0.908064
0.906859
0.915976
0.908515
0.906608
0.916233
0.909355
0.906092
0.91606
0.908937
0.906455
0.916715
0.908954
0.905918
0.916333
0.908562
0.902195
0.910744
0.903048
0.900941
0.912486
0.904208
0.90044
0.910735
0.903101
0.901294
0.911138
0.90379
0.900296
0.9114
0.903089
0.901312
0.910866
0.903459
0.901038
0.910658
0.903623
0.900849
0.910603
0.905832
0.900934
0.910968
0.903285
0.900669
0.911072
0.903326
0.901036
0.910727
0.903191
0.901433
0.910574
0.903678
0.901975
0.91402
0.903518
0.90075
0.910825
0.903621
0.900331
0.910682
0.903193
0.901039
0.910543
0.903369
0.900768
0.911105
0.904125
0.900634
0.910558
0.903518
0.900787
0.911139
0.90341
0.900278
0.910568
0.903023
0.901112
0.910618
0.903305
0.901203
0.910954
0.817283
0.813687
0.824412
0.817088
0.815821
0.824767
0.817968
0.813888
0.824376
0.816454
0.814478
0.824131
0.818511
0.815394
0.823787
0.816847
0.814139
0.823649
0.816726
0.814835
0.824478
0.816063
0.814011
0.824146
0.816452
0.814344
0.824411
0.817245
0.814236
0.823854
0.816787
0.813856
0.825118
0.816491
0.814187
0.824318
0.816825
0.813953
0.824493
0.815925
0.814491
0.824088
0.816527
0.815135
0.824371
0.816795
0.813937
0.823605
0.817005
0.814191
0.824191
0.816191
0.814374
0.824068
0.816613
0.814286
0.824092
0.816761
0.814326
0.82374
0.811936
0.808684
0.818391
0.810939
0.808721
0.818818
0.811384
0.808661
0.818808
0.811116
0.809263
0.821554
0.811411
0.809084
0.818638
0.811506
0.808722
0.81868
0.81157
0.809357
0.819085
0.811517
0.808684
0.818698
0.811302
0.810091
0.819018
0.811218
0.809256
0.818275
0.811413
0.808706
0.818522
0.811619
0.808993
0.818941
0.811869
0.809016
0.818672
0.810889
0.804358
0.813281
0.806072
0.803893
0.813718
0.806703
0.804436
0.812984
0.806328
0.803721
0.813841
0.806105
0.805246
0.813125
0.805846
0.803725
0.81361
0.805987
0.80414
0.813494
0.806401
0.802951
0.813328
0.805856
0.803679
0.813766
0.805939
0.803511
0.813379
0.805752
0.805497
0.815102
0.806036
0.803682
0.813276
0.806286
0.803643
0.814037
0.806118
0.80321
0.813646
0.8058
0.80307
0.813764
0.806071
0.804114
0.813605
0.805326
0.803955
0.813264
0.807597
0.80317
0.813046
0.806323
0.804669
0.813399
0.806485
0.803637
0.813743
0.805602
0.804306
0.813779
0.805834
0.804192
0.813406
0.805908
0.803321
0.813686
0.807149
0.803399
0.813912
0.805802
0.803395
0.813651
0.806236
0.80433
0.813811
0.806077
0.803844
0.813555
0.80666
0.803395
0.813203
0.805905
0.803433
0.813336
0.80609
0.803917
0.813697
0.805907
0.806623
0.816319
0.806089
0.803737
0.813656
0.806144
0.803379
0.813208
0.805914
0.803416
0.813823
0.806255
0.803816
0.813593
0.80669
0.805094
0.813506
0.805517
0.803721
0.813361
0.806252
0.803585
0.813521
0.806344
0.803465
0.813607
0.806074
0.803551
0.813854
0.80576
0.804605
0.81305
0.805848
0.80333
0.813492
0.806518
0.803212
0.813197
0.806919
0.803332
0.813503
0.805721
0.803614
0.81349
0.80598
0.804261
0.813389
0.80612
0.803955
0.813156
0.806744
0.803299
0.813474
0.805932
0.80381
0.813686
0.806021
0.80328
0.813436
0.807148
0.805602
0.813604
0.805758
0.804005
0.813602
0.806734
0.803429
0.813139
0.806245
0.803943
0.813618
0.806459
0.803374
0.813443
0.806563
0.805442
0.813453
0.800536
0.798778
0.808285
0.800983
0.798288
0.80772
0.801077
0.798404
0.808142
0.801099
0.798295
0.808395
0.800094
0.798586
0.807821
0.800947
0.79848
0.80791
0.801161
0.798937
0.807717
0.801333
0.798565
0.808332
0.800465
0.798383
0.808281
0.800534
0.798905
0.807937
0.800146
0.799522
0.807656
0.80121
0.798245
0.808213
0.803075
0.798152
0.808203
0.800661
0.798024
0.808049
0.803417
0.799502
0.8089
0.800809
0.798452
0.808425
0.800976
0.798062
0.808529
0.800893
0.797985
0.808311
0.795159
0.792862
0.803034
0.796488
0.793759
0.802831
0.794871
0.793282
0.802414
0.795961
0.792968
0.802479
0.795479
0.792845
0.80274
0.795921
0.792909
0.802989
0.795187
0.796497
0.80245
0.795495
0.79323
0.802866
0.795762
0.792851
0.802372
0.795761
0.793146
0.803224
0.794942
0.792641
0.802983
0.795237
0.794069
0.802712
0.795032
0.793309
0.802713
0.795758
0.794013
0.802604
0.795322
0.79253
0.802458
0.795772
0.792959
0.802573
0.796165
0.795063
0.802947
0.795529
0.793467
0.802852
0.795746
0.793052
0.802082
0.797691
0.793183
0.80298
0.794966
0.792714
0.80293
0.795692
0.79479
0.802877
0.795133
0.793039
0.802757
0.795835
0.792787
0.802582
0.795343
0.792739
0.802804
0.795721
0.792988
0.802864
0.795833
0.793776
0.802452
0.795839
0.793015
0.802736
0.795697
0.792869
0.802667
0.795685
0.793327
0.802985
0.79525
0.792865
0.803251
0.79533
0.794196
0.803014
0.78963
0.788131
0.797305
0.790717
0.787628
0.79708
0.789964
0.787505
0.79746
0.790281
0.787791
0.797538
0.78991
0.790826
0.797458
0.789911
0.787932
0.797566
0.789876
0.78733
0.797341
0.790367
0.787598
0.797458
0.790044
0.787379
0.79751
0.790266
0.788745
0.798752
0.78991
0.788169
0.797736
0.790392
0.787886
0.797268
0.791317
0.787215
0.79784
0.790338
0.787686
0.797412
0.789575
0.788294
0.797146
0.79009
0.787995
0.797183
0.790526
0.787601
0.796978
0.792024
0.787513
0.797709
0.789912
0.787607
0.797161
0.789791
0.788278
0.797769
0.789706
0.787766
0.796861
0.790469
0.78732
0.797005
0.789811
0.7876
0.797387
0.790033
0.788329
0.797454
0.789995
0.78787
0.80156
0.790147
0.787974
0.797674
0.790046
0.78788
0.79704
0.79025
0.787835
0.798366
0.790035
0.787123
0.797346
0.790183
0.78803
0.798099
0.789769
0.788013
0.797193
0.790501
0.787547
0.797076
0.790381
0.787467
0.797816
0.790017
0.787296
0.797309
0.790187
0.78811
0.797444
0.790045
0.787615
0.796804
0.790452
0.787608
0.79716
0.790412
0.787648
0.797758
0.790436
0.788299
0.797016
0.78974
0.788063
0.797193
0.790267
0.788529
0.797119
0.790528
0.787614
0.796949
0.789998
0.78763
0.797149
0.790237
0.787485
0.797168
0.789734
0.787653
0.79831
0.792472
0.787887
0.797419
0.79013
0.787338
0.797553
0.784957
0.782341
0.792081
0.784771
0.782386
0.79193
0.78447
0.782742
0.792886
0.78585
0.782727
0.791871
0.784882
0.781758
0.791443
0.784615
0.782493
0.791908
0.784972
0.781821
0.791969
0.78419
0.777488
0.786243
0.779651
0.777195
0.786344
0.779859
0.776388
0.786112
0.779364
0.777256
0.786567
0.779437
0.777341
0.786256
0.778968
0.777232
0.786644
0.779357
0.777562
0.786291
0.781698
0.776961
0.786116
0.779486
0.776786
0.786279
0.780287
0.776855
0.78664
0.779087
0.777543
0.786285
0.779431
0.779461
0.786807
0.77933
0.776489
0.785877
0.779279
0.776834
0.786579
0.779505
0.77686
0.786217
0.7789
0.77708
0.786501
0.780511
0.778451
0.78686
0.779584
0.777041
0.786181
0.779602
0.776896
0.786316
0.779338
0.77658
0.786154
0.77872
0.777805
0.786032
0.779153
0.77702
0.786723
0.779636
0.776516
0.786514
0.779301
0.77684
0.786787
0.779424
0.776753
0.786575
0.77903
0.776777
0.786328
0.779106
0.777194
0.787066
0.77989
0.77654
0.78625
0.77943
0.776706
0.786231
0.779932
0.777019
0.786572
0.778963
0.777563
0.786371
0.779389
0.777329
0.787201
0.780636
0.776843
0.787794
0.780747
0.776785
0.78658
0.779618
0.777345
0.786553
0.779085
0.777462
0.78615
0.779068
0.77759
0.785946
0.781356
0.77682
0.785935
0.779343
0.776954
0.786286
0.779467
