0.687609
0.676449
0.674374
0.67249
0.653056
0.661725
0.658443
0.644444
0.649962
0.66377
0.656407
0.64921
0.644301
0.653207
0.654195
0.648905
0.659913
0.655069
0.666307
0.655307
0.65649
0.660412
0.676222
0.659243
0.653383
0.651057
0.657495
0.655342
0.658285
0.652335
0.651332
0.656236
0.661711
0.647965
0.667638
0.668713
0.661297
0.661841
0.664295
0.656984
0.657962
0.653892
0.651728
0.650406
0.648207
0.660143
0.673144
0.651274
0.64947
0.66021
0.658167
0.65514
0.654401
0.645907
0.646614
0.653072
0.653412
0.654013
0.647616
0.649795
0.648976
0.649978
0.660849
0.64272
0.652694
0.653309
0.651997
0.647253
0.657392
0.653589
0.657844
0.653802
0.663018
0.661128
0.650364
0.645173
0.652097
0.663682
0.642817
0.654668
0.651637
0.648451
0.646194
0.656097
0.652372
0.654896
0.657905
0.652419
0.650196
0.648185
0.65327
0.649435
0.65903
0.652414
0.659124
0.665466
0.658816
0.652326
0.651409
0.652039
0.654703
0.647213
0.645988
0.648731
0.652632
0.651171
0.655166
0.650874
0.651342
0.654055
0.655614
0.643332
0.64871
0.647036
0.654221
0.656512
0.651828
0.649311
0.652287
0.650488
0.655996
0.656047
0.651392
0.650043
0.651126
0.655309
0.653356
0.656494
0.649814
0.661216
0.650514
0.658921
0.646686
0.645372
0.652734
0.664815
0.647779
0.654428
0.652127
0.647493
0.649968
0.669292
0.651563
0.656171
0.652332
0.642458
0.646716
0.645094
0.641418
0.640026
0.642486
0.657572
0.652892
0.650179
0.658469
0.653939
0.644387
0.645681
0.655601
0.643438
0.643753
0.654852
0.64239
0.654291
0.651446
0.636539
0.639517
0.642889
0.635442
0.638698
0.64409
0.654233
0.638651
0.656667
0.651539
0.646815
0.651472
0.647256
0.638379
0.644167
0.646731
0.650014
0.642243
0.656309
0.64099
0.64651
0.651609
0.647441
0.648676
0.643075
0.662552
0.643341
0.642524
0.642546
0.645693
0.642513
0.637901
0.635406
0.637391
0.642401
0.638616
0.642231
0.643224
0.639396
0.637839
0.641736
0.647103
0.638593
0.644346
0.639795
0.642621
0.647383
0.637582
0.643536
0.63993
0.647414
0.641796
0.643828
0.638083
0.647126
0.633654
0.643087
0.637198
0.637862
0.634019
0.640334
0.640143
0.639419
0.639134
0.645378
0.647
0.639854
0.641158
0.643174
0.641086
0.64144
0.646549
0.643588
0.641222
0.649085
0.63943
0.645845
0.642007
0.652109
0.654778
0.636077
0.644306
0.636708
0.654521
0.653119
0.639819
0.649974
0.647019
0.638882
0.639267
0.639634
0.642307
0.635948
0.63937
0.634382
0.636798
0.644992
0.642988
0.649304
0.64252
0.643289
0.644751
0.635937
0.646282
0.635049
0.650688
0.638867
0.637135
0.646984
0.637593
0.647826
0.6389
0.637952
0.640738
0.643137
0.641457
0.640663
0.64155
0.642923
0.644
0.642518
0.653791
0.649934
0.633787
0.645485
0.646582
0.63719
0.635993
0.636979
0.6425
0.645438
0.635251
0.640076
0.629606
0.634953
0.629417
0.643086
0.629017
0.635618
0.63088
0.632266
0.622614
0.625921
0.63755
0.637541
0.634104
0.629629
0.63206
0.637695
0.627855
0.631169
0.649108
0.637238
0.639691
0.634915
0.644214
0.641373
0.637227
0.631251
0.640857
0.632625
0.641983
0.633053
0.632244
0.629456
0.632653
0.634886
0.635989
0.636353
0.63388
0.629423
0.635571
0.637734
0.636771
0.632006
0.634898
0.638434
0.631019
0.627692
0.623123
0.622206
0.631981
0.624204
0.62926
0.624709
0.626556
0.633004
0.630266
0.630474
0.629804
0.630086
0.637091
0.638401
0.627005
0.632769
0.630711
0.635502
0.635584
0.637233
0.637314
0.631731
0.628048
0.635764
0.638146
0.636997
0.638471
0.631802
0.6354
0.621709
0.636791
0.625052
0.628425
0.631393
0.631083
0.623834
0.62949
0.632162
0.626949
0.628846
0.635866
0.626241
0.636924
0.629781
0.63939
0.628949
0.635481
0.624885
0.636464
0.625742
0.635407
0.643528
0.629853
0.632884
0.626562
0.640035
0.625127
0.631208
0.627654
0.626689
0.630435
0.62351
0.632076
0.626854
0.632086
0.627654
0.624226
0.631295
0.629902
0.629989
0.633664
0.626995
0.623865
0.637999
0.644339
0.64486
0.635113
0.624487
0.628874
0.634374
0.628074
0.629615
0.629683
0.626101
0.639267
0.638117
0.636721
0.625562
0.630591
0.637531
0.624658
0.630758
0.636318
0.624478
0.631154
0.636545
0.62514
0.635778
0.622562
0.624655
0.630771
0.629771
0.631353
0.624564
0.631683
0.622824
0.633928
0.629135
0.634127
0.624683
0.628064
0.634105
0.627966
0.632986
0.638178
0.634365
0.629881
0.630602
0.629287
0.632333
0.62382
0.63225
0.623151
0.635592
0.632146
0.628953
0.626587
0.625256
0.627514
0.632205
0.621073
0.626715
0.637232
0.622013
0.624375
0.625264
0.627799
0.628187
0.634728
0.638002
0.627071
0.630652
0.636365
0.630549
0.632179
0.632477
0.640009
0.635907
0.628427
0.626253
0.630092
0.628391
0.648782
0.648444
0.632494
0.627933
0.624303
0.625168
0.64631
0.636185
0.625663
0.619089
0.633139
0.633209
0.627753
0.629491
0.638294
0.628387
0.635642
0.627111
0.628867
0.627074
0.619168
0.623451
0.624649
0.61846
0.614531
0.620361
0.6285
0.629622
0.622344
0.630602
0.62526
0.628248
0.633768
0.634323
0.614981
0.62607
0.617824
0.615705
0.625817
0.619358
0.620599
0.630657
0.623472
0.621401
0.630936
0.623345
0.62066
0.631335
0.623054
0.620586
0.63058
0.623237
0.621256
0.631299
0.623353
0.620287
0.63103
0.623999
0.620437
0.631845
0.623165
0.621786
0.631479
0.623162
0.622173
0.63129
0.623344
0.621231
0.631208
0.623849
0.620104
0.63111
0.623203
0.620459
0.625797
0.618018
0.615369
0.626073
0.623088
0.620551
0.630939
0.623474
0.620644
0.631138
0.622943
0.62057
0.630832
0.623509
0.620308
0.631505
0.618319
0.621251
0.631716
0.617982
0.615423
0.626236
0.617866
0.620953
0.630849
0.625176
0.615243
0.627029
0.618164
0.609985
0.620397
0.612897
0.610292
0.621743
0.612711
0.609962
0.624519
0.612989
0.610598
0.620121
0.612622
0.6099
0.62049
0.613002
0.609938
0.620387
0.612676
0.609672
0.620796
0.61252
0.610019
0.620281
0.612456
0.610106
0.620189
0.612811
0.610238
0.620134
0.612834
0.610335
0.62027
0.612905
0.611017
0.620472
0.612403
0.609947
0.621776
0.612677
0.610081
0.620212
0.612516
0.60984
0.620134
0.612593
0.610178
0.620634
0.612921
0.609913
0.620363
0.612637
0.610173
0.620179
0.612438
0.612543
0.619975
0.61276
0.60928
0.620069
0.613328
0.610375
0.620164
0.612794
0.610008
0.620777
0.612374
0.609972
0.620359
0.612576
0.609724
0.619813
0.612362
0.610078
0.620344
0.612959
0.609598
0.620522
0.612848
0.610084
0.622891
0.612767
0.610272
0.619889
0.612896
0.609944
0.620308
0.612687
0.609794
0.620394
0.612625
0.610822
0.620875
0.612883
0.609723
0.620512
0.612343
0.609788
0.620242
0.612517
0.610401
0.620036
0.612516
0.609658
0.620138
0.61286
0.610011
0.620146
0.612603
0.610342
0.620591
0.612441
0.609968
0.620554
0.612542
0.610567
0.620129
0.612979
0.609985
0.619794
0.612581
0.609857
0.620332
0.614627
0.610356
0.620499
0.612293
0.610069
0.620193
0.612456
0.61022
0.620319
0.612552
0.609893
0.620721
0.613375
0.612275
0.620498
0.60727
0.604752
0.615177
0.607245
0.604364
0.615036
0.607389
0.60494
0.615145
0.607697
0.60461
0.614814
0.607296
0.604857
0.614809
0.607089
0.60461
0.615154
0.607047
0.604319
0.615136
0.607718
0.604903
0.615807
0.607278
0.604723
0.614642
0.608815
0.604822
0.615307
0.607227
0.611126
0.621596
0.612891
0.610382
0.620244
0.612727
0.610173
0.620375
0.60787
0.604498
0.61467
0.607773
0.604546
0.615257
0.607739
0.60469
0.615691
0.607033
0.60471
0.615385
0.607478
0.606767
0.614872
0.607205
0.604785
0.616001
0.608669
0.604294
0.615297
0.607581
0.605097
0.615636
0.607036
0.60475
0.614998
0.607295
0.605327
0.614851
0.607885
0.604362
0.614697
0.607189
0.605077
0.614693
0.607579
0.605002
0.614887
0.608963
0.604733
0.614925
0.607502
0.605525
0.61518
0.607471
0.604817
0.615261
0.607677
0.604936
0.61569
0.607899
0.605058
0.615017
0.607151
0.604436
0.614903
0.607407
0.604743
0.614824
0.607413
0.604494
0.615429
0.607831
0.604717
0.615577
0.607915
0.604499
0.615666
0.606841
0.604694
0.615073
0.602054
0.599378
0.609661
0.602009
0.599563
0.609819
0.602361
0.599396
0.609783
0.601836
0.599347
0.609777
0.601867
0.599387
0.61301
0.602135
0.599459
0.609284
0.602256
0.599412
0.60948
0.602016
0.599887
0.60941
0.602236
0.599988
0.609722
0.601924
0.599337
0.60938
0.603453
0.599421
0.609457
0.604109
0.59921
0.609245
0.602188
0.599314
0.609745
0.602399
0.59939
0.609932
0.602065
0.599759
0.609322
0.601512
0.599684
0.60986
0.602477
0.599426
0.609615
0.602421
0.599027
0.609753
0.602303
0.599146
0.609783
0.601637
0.59966
0.609385
0.60212
0.599657
0.611099
0.601926
0.601143
0.609398
0.602116
0.599346
0.609673
0.601971
0.599745
0.60988
0.601955
0.599228
0.609827
0.602538
0.600145
0.609583
0.602471
0.599453
0.609775
0.602431
0.599657
0.604619
0.596872
0.594172
0.604668
0.596514
0.594536
0.604211
0.596334
0.594583
0.604153
0.596589
0.593969
0.604077
0.596866
0.593717
0.604297
0.596678
0.59938
0.609501
0.60253
0.599622
0.609538
0.601837
0.599901
0.609479
0.59665
0.599235
0.609452
0.602026
0.599258
0.610439
0.603638
0.599591
0.60999
0.596237
0.594099
0.603948
0.596686
0.594311
0.604066
0.596914
0.593968
0.60393
0.597795
0.594255
0.605445
0.596817
0.594403
0.604653
0.596568
0.594033
0.604303
0.596597
0.594406
0.604219
0.596833
0.594403
0.604316
0.596621
0.594118
0.604313
0.59687
0.593653
0.604952
0.596664
0.594166
0.60437
0.597532
0.594492
0.604223
0.596779
0.594089
0.604218
0.597217
0.593953
0.60442
0.597096
0.594616
0.604754
0.596703
0.594297
0.604029
0.598457
0.59493
0.604479
0.59672
0.593758
0.604377
0.5967
0.594217
0.604283
0.597385
0.594196
0.604907
0.596521
0.595294
0.604071
0.596729
0.594275
0.604454
0.597145
0.594255
0.604477
0.596894
0.594005
0.605645
0.596612
0.594082
0.604801
0.597308
0.59467
0.604264
0.596448
0.594446
0.603891
0.597422
0.593893
0.604611
0.596646
0.593802
0.604729
0.597584
0.594048
0.605025
0.596287
0.594579
0.604682
0.597036
0.594842
0.604181
0.596879
0.593786
0.60449
0.596997
0.595684
0.604863
0.596668
0.59405
0.604896
0.596799
0.594595
0.604212
0.596349
0.594863
0.604331
0.597303
0.594263
0.604368
0.596932
0.588457
0.599514
0.591921
0.588209
0.599732
0.590839
0.589216
0.599039
0.59125
0.589422
0.599013
0.59178
0.588457
0.598787
0.591719
0.589129
0.599511
0.591286
0.588705
0.59927
0.591354
0.589353
0.598432
0.591265
0.589249
0.600404
0.592907
0.588557
0.599036
0.591462
0.588853
0.599626
0.591705
0.588837
0.599088
0.591001
0.591994
0.599905
0.591231
0.589227
0.598764
0.591728
0.589058
0.599001
0.591695
0.588823
0.599352
0.591524
0.589153
0.599345
0.591393
0.589269
0.598955
0.591123
0.589186
0.598431
0.586579
0.584359
0.594116
0.586138
0.583737
0.594175
0.586313
0.583643
0.594097
0.585781
0.584466
0.593491
0.586213
0.584204
0.593425
0.586489
0.583353
0.593491
0.586405
0.583696
0.594262
0.585864
0.58344
0.593808
0.58627
0.583761
0.593502
0.585998
0.583664
0.593231
0.587068
0.58381
0.595342
0.587818
0.586806
0.593952
0.58616
0.583663
0.593659
0.585928
0.58398
0.593267
0.58608
0.583808
0.593256
0.586764
0.5843
0.593881
0.586271
0.582805
0.594195
0.586067
0.58334
0.593563
0.586357
0.584215
0.593439
0.585476
0.58377
0.593345
0.586557
0.583023
0.593418
0.586281
0.583436
0.594182
0.586447
0.583917
0.593869
0.585747
0.584052
0.593358
0.586195
0.584127
0.593232
0.586154
0.58342
0.593588
0.586297
0.583318
0.594024
0.585913
0.583563
0.594053
0.58622
0.585344
0.593656
0.585946
0.58386
0.59382
0.586671
0.583412
0.593476
0.585883
0.583276
0.595084
0.586427
0.583707
0.594112
0.586166
0.584014
0.593505
0.586232
0.583665
0.593454
0.586207
0.583034
0.593134
0.586305
0.583485
0.593747
0.586235
0.583733
0.593585
0.585919
0.583805
0.593392
0.585481
0.583396
0.593217
0.586424
0.583807
0.593574
0.586108
0.583553
0.593946
0.586399
0.583599
0.594005
0.585786
0.58621
0.593489
0.586282
0.585032
0.593555
0.586375
0.583183
0.595513
0.586667
0.583338
0.594242
0.585754
0.583333
0.593648
0.586689
0.58366
0.593331
0.585853
0.583639
0.595062
0.586212
0.583244
0.593707
0.586036
0.58346
0.59409
0.586193
0.5835
0.594189
0.585804
0.583777
0.593648
0.586062
0.583847
0.594502
0.586137
0.583211
0.593884
0.586313
0.583296
0.594116
0.586012
0.58329
0.594092
0.585764
0.583894
0.593594
0.586064
0.584147
0.593374
0.586419
0.583437
0.593356
0.586053
0.583763
0.594034
0.585998
0.578411
0.588704
0.582869
0.579041
0.588178
0.580424
0.57847
0.587927
0.580861
0.577568
0.588696
0.576101
0.573028
0.583256
0.575471
0.573176
0.582756
0.57525
0.573084
0.582624
0.575382
0.573341
0.582631
0.575701
0.572576
0.583042
0.575239
0.572737
0.583272
0.575416
0.572968
0.582788
0.575207
0.573321
0.582795
0.57546
0.573706
0.582618
0.575354
0.572574
0.582894
0.575575
0.572779
0.583472
0.575882
0.57271
0.583264
0.575309
0.573184
0.583016
0.575329
0.573382
0.582772
0.575768
0.572399
0.585955
0.575239
0.572949
0.583016
0.575704
0.573121
0.583485
0.575062
0.573362
0.583005
0.575449
0.573246
0.582819
0.575929
0.572464
0.582671
0.575546
0.573699
0.584248
0.575213
0.572945
0.585688
0.575833
0.573093
0.582601
0.574863
0.57276
0.582531
0.576602
0.572818
0.582969
0.575075
0.572604
0.583528
0.575371
0.573068
0.583096
0.575323
0.573407
0.582825
0.575429
0.573496
0.582654
0.575435
0.572898
0.58311
0.575494
0.573127
0.583383
0.575481
0.573572
0.58293
0.575375
0.57543
0.584977
0.575123
0.573497
0.582625
0.575934
0.573022
0.583185
0.576282
0.572827
0.583357
0.575415
0.572604
0.583793
0.574745
0.573599
0.582569
0.575139
0.573308
0.582824
0.575893
0.572828
0.582944
0.575549
0.573157
0.583642
0.575412
0.572567
0.583168
0.575285
0.568749
0.57737
0.56955
0.56773
0.579159
0.570833
0.567273
0.577744
0.569799
0.567846
0.577991
0.570395
0.567234
0.578336
0.569654
0.568063
0.577318
0.570098
0.567748
0.57717
0.570332
0.567643
0.577455
0.572082
0.567731
0.577984
0.569876
0.567637
0.577796
0.570002
0.567859
0.577231
0.5698
0.568253
0.577099
0.57019
0.567756
0.580978
0.570087
0.567191
0.577824
0.570266
0.567156
0.57762
0.569914
0.567809
0.577167
0.569973
0.567568
0.577713
0.570386
0.567429
0.577603
0.57015
0.567498
0.578128
0.570123
0.567129
0.577542
0.56975
0.56786
0.577236
0.569913
0.567686
0.577523
0.570705
0.567136
0.578049
0.570504
0.568047
0.578503
0.571379
0.567381
0.577892
0.569943
0.56788
0.577629
0.571884
0.568245
0.57732
0.570255
0.567574
0.57734
0.570115
0.567667
0.578132
0.569533
0.567332
0.577904
0.569917
0.567882
0.577789
0.570105
0.5677
0.577251
0.570206
0.56732
0.578811
0.569868
0.567613
0.57799
0.570258
0.567377
0.578138
0.569408
0.567858
0.577552
0.569766
0.567875
0.577695
0.570047
0.567397
0.577315
0.570422
0.567651
0.577914
0.569755
0.567762
0.577756
0.570063
0.567763
0.577348
0.569674
0.567632
0.577067
0.5652
0.562115
0.572014
0.564337
0.562303
0.572468
0.564655
0.562148
0.572431
0.564543
0.56274
0.573797
0.564712
0.562677
0.571951
0.564805
0.562092
0.572369
0.56491
0.562859
0.572665
0.564884
0.562105
0.572342
0.564748
0.563504
0.572121
0.564423
0.562713
0.571579
0.564898
0.562108
0.572183
0.564941
0.562125
0.57259
0.565287
0.562513
0.572222
0.564344
0.557735
0.566398
0.55934
0.557488
0.567061
0.560006
0.557873
0.566699
0.559742
0.557066
0.567419
0.559383
0.558593
0.566831
0.55924
0.557282
0.566787
0.559183
0.55753
0.566753
0.559822
0.556374
0.56694
0.559103
0.557125
0.567175
0.559381
0.556995
0.567011
0.559183
0.558884
0.567948
0.559344
0.557191
0.566654
0.559444
0.557021
0.567546
0.559478
0.556787
0.567175
0.559262
0.556582
0.56745
0.55929
0.557465
0.566768
0.558738
0.557281
0.566677
0.560634
0.556428
0.566651
0.559669
0.557667
0.566964
0.559607
0.557094
0.56737
0.558988
0.557638
0.56656
0.559302
0.55772
0.566678
0.559359
0.556923
0.567372
0.560412
0.556883
0.567624
0.559223
0.556778
0.567354
0.559645
0.557599
0.566945
0.559405
0.557238
0.566934
0.559971
0.556787
0.566845
0.559377
0.556753
0.567054
0.55953
0.557015
0.567293
0.559328
0.559373
0.569684
0.559582
0.557146
0.566957
0.559471
0.556922
0.566857
0.559367
0.556952
0.567523
0.559735
0.557316
0.567242
0.559982
0.557863
0.567018
0.55889
0.557245
0.566653
0.559541
0.556928
0.567091
0.559656
0.55694
0.56724
0.55961
0.556993
0.567262
0.559109
0.557354
0.566523
0.559178
0.556749
0.566623
0.559829
0.55667
0.566854
0.560149
0.556653
0.567153
0.559108
0.556877
0.567036
0.559375
0.557616
0.566697
0.559525
0.557418
0.566409
0.560079
0.556701
0.567149
0.559352
0.557089
0.567317
0.559369
0.556672
0.567106
0.560245
0.558876
0.567048
0.559194
0.557368
0.566904
0.559979
0.556938
0.566809
0.559493
0.557278
0.567287
0.559833
0.556774
0.566999
0.559848
0.558349
0.56685
0.553942
0.552171
0.561508
0.554467
0.55182
0.561388
0.554417
0.551774
0.561818
0.554418
0.551727
0.562024
0.553614
0.551652
0.561186
0.554149
0.551915
0.56118
0.554579
0.552525
0.561334
0.554603
0.551983
0.561979
0.55393
0.551734
0.561895
0.553808
0.552175
0.561269
0.55348
0.552851
0.560997
0.554602
0.551711
0.56176
0.555769
0.551463
0.561662
0.554033
0.551595
0.561799
0.556761
0.552896
0.562299
0.554208
0.551772
0.561663
0.554434
0.551306
0.562143
0.55419
0.551361
0.561943
0.548538
0.546269
0.556682
0.549896
0.546555
0.556202
0.548166
0.546736
0.555629
0.549189
0.546433
0.556172
0.548877
0.546217
0.556455
0.549279
0.546237
0.556617
0.548504
0.54988
0.555783
0.548805
0.546713
0.556086
0.549178
0.54631
0.555972
0.549144
0.546251
0.556758
0.548415
0.545989
0.556573
0.548547
0.547231
0.555968
0.548439
0.54668
0.555968
0.549173
0.547467
0.556277
0.548602
0.545896
0.556125
0.54911
0.546453
0.556235
0.549672
0.548391
0.556276
0.548848
0.546877
0.556072
0.549047
0.54646
0.555733
0.550912
0.546654
0.556651
0.548456
0.546199
0.556561
0.549044
0.547684
0.556165
0.548495
0.546581
0.556183
0.549256
0.546264
0.556229
0.54856
0.54636
0.556486
0.549132
0.546518
0.556438
0.54922
0.546973
0.555826
0.549174
0.546448
0.556107
0.549126
0.546159
0.556336
0.549041
0.546662
0.556688
0.548618
0.54633
0.556798
0.548732
0.547368
0.556357
0.543036
0.541499
0.550662
0.544004
0.54098
0.550722
0.543317
0.540924
0.551077
0.543638
0.541185
0.551197
0.543246
0.543872
0.550765
0.543213
0.541379
0.550707
0.543245
0.540844
0.550724
0.54374
0.540949
0.551182
0.543446
0.540772
0.551026
0.543653
0.542223
0.551472
0.542698
0.541398
0.551057
0.543722
0.541324
0.550894
0.544613
0.540697
0.551451
0.54362
0.541106
0.551115
0.542899
0.541783
0.550333
0.543437
0.541338
0.550428
0.543907
0.54104
0.550686
0.545499
0.540997
0.551295
0.543203
0.541088
0.55084
0.543254
0.541535
0.550937
0.543041
0.541288
0.550171
0.543856
0.540746
0.550666
0.543218
0.541147
0.550974
0.543527
0.541799
0.55118
0.543385
0.541365
0.553891
0.543478
0.54151
0.550743
0.543342
0.541234
0.550626
0.543741
0.541225
0.552153
0.543489
0.540568
0.55092
0.543454
0.541541
0.550777
0.543092
0.541503
0.550443
0.543778
0.540985
0.550756
0.543513
0.540639
0.551336
0.543393
0.540802
0.550998
0.543636
0.541556
0.550842
0.54334
0.541213
0.550221
0.543876
0.541003
0.550731
0.543709
0.541119
0.551203
0.543811
0.541448
0.550637
0.543147
0.541581
0.550506
0.543443
0.542015
0.550405
0.543821
0.541196
0.550605
0.543344
0.541086
0.55074
0.54362
0.540871
0.550776
0.54308
0.541166
0.551358
0.54574
0.541279
0.550812
0.543527
0.540649
0.551188
0.53826
0.535741
0.545754
0.538154
0.535689
0.545555
0.537875
0.536075
0.546026
0.538564
0.536211
0.545116
0.538246
0.535297
0.545151
0.53804
0.535997
0.545647
0.538365
0.535265
0.545571
0.53765
0.530912
0.539567
0.532932
0.530489
0.539739
0.5331
0.529858
0.539721
0.532766
0.530754
0.54023
0.532772
0.530688
0.539968
0.532386
0.530677
0.539866
0.532667
0.530803
0.539598
0.534638
0.53043
0.539621
0.532785
0.53009
0.539923
0.532828
0.530246
0.540253
0.532442
0.530974
0.53963
0.532779
0.532263
0.540107
0.532802
0.529908
0.539616
0.532787
0.53031
0.540263
0.532914
0.530355
0.539852
0.53236
0.530644
0.539795
0.533858
0.531907
0.539581
0.532998
0.530475
0.539874
0.533004
0.530306
0.539954
0.532784
0.529984
0.539845
0.532153
0.531271
0.539336
0.532588
0.53049
0.539912
0.532836
0.530051
0.539955
0.532804
0.530177
0.540427
0.532771
0.530206
0.54024
0.532391
0.530243
0.539553
0.532464
0.530693
0.540294
0.533106
0.529929
0.539869
0.532692
0.530137
0.539907
0.533376
0.53047
0.540134
0.532282
0.531079
0.539667
0.53271
0.530724
0.540546
0.533957
0.530219
0.541543
0.533036
0.53012
0.540355
0.532931
0.53063
0.540088
0.532431
0.530866
0.539484
0.532466
0.530926
0.53945
0.533783
0.530229
0.539624
0.532717
0.530433
0.539969
0.532941
