4.16959
2.61469
2.17782
1.89858
1.56102
1.23242
0.945341
0.710047
0.524454
0.38117
-0.330217
-0.325285
-0.320618
-0.316187
-0.311967
-0.307937
-0.304079
-0.300376
-0.296815
-0.293383
-0.290072
-0.28687
-0.28377
-0.280765
-0.277848
-0.275013
-0.272256
-0.269571
-0.266954
-0.264402
-0.261911
-0.259478
-0.2571
-0.254774
-0.252498
-0.25027
-0.248088
-0.245949
-0.243853
-0.241797
-0.23978
-0.2378
-0.235856
-0.233947
-0.232072
-0.230229
-0.228418
-0.226637
-0.224886
-0.223163
-0.221468
-0.219799
-0.218157
-0.21654
-0.214948
-0.213379
-0.211834
-0.210311
-0.208811
-0.207331
-0.205873
-0.204435
-0.203017
-0.201617
-0.200237
-0.198875
-0.197531
-0.196204
-0.194894
-0.193601
-0.192324
-0.191063
-0.189817
-0.188586
-0.18737
-0.186168
-0.18498
-0.183806
-0.182645
-0.181498
-0.180363
-0.179241
-0.178131
-0.177033
-0.175946
-0.174872
-0.173808
-0.172756
-0.171714
-0.170683
-0.169662
-0.168651
-0.16765
-0.166659
-0.165678
-0.164706
-0.163742
-0.162788
-0.161843
-0.160907
-0.159979
-0.159059
-0.158148
-0.157244
-0.156348
-0.155461
-0.15458
-0.153708
-0.152842
-0.151984
-0.151133
-0.150289
-0.149452
-0.148621
-0.147797
-0.14698
-0.146169
-0.145364
-0.144566
-0.143774
-0.142987
-0.142207
-0.141433
-0.140664
-0.139901
-0.139144
-0.138392
-0.137645
-0.136904
-0.136168
-0.135438
-0.134712
-0.133992
-0.133276
-0.132566
-0.13186
-0.131159
-0.130463
-0.129772
-0.129085
-0.128403
-0.127725
-0.127052
-0.126383
-0.125719
-0.125058
-0.124402
-0.12375
-0.123103
-0.122459
-0.12182
-0.121184
-0.120553
-0.119925
-0.119301
-0.118681
-0.118065
-0.117453
-0.116844
-0.116239
-0.115638
-0.11504
-0.114446
-0.113855
-0.113268
-0.112685
-0.112104
-0.111527
-0.110954
-0.110384
-0.109817
-0.109253
-0.108693
-0.108136
-0.107582
-0.107031
-0.106484
-0.105939
-0.105398
-0.10486
-0.104324
-0.103792
-0.103263
-0.102736
-0.102213
-0.101692
-0.101174
-0.10066
-0.100148
-0.0996385
-0.0991321
-0.0986285
-0.0981277
-0.0976296
-0.0971342
-0.0966415
-0.0961515
-0.0956641
-0.0951794
-0.0946972
-0.0942177
-0.0937407
-0.0932663
-0.0927945
-0.0923251
-0.0918583
-0.0913939
-0.0909321
-0.0904727
-0.0900157
-0.0895611
-0.089109
-0.0886592
-0.0882118
-0.0877668
-0.0873241
-0.0868837
-0.0864457
-0.0860099
-0.0855764
-0.0851452
-0.0847163
-0.0842896
-0.0838651
-0.0834428
-0.0830228
-0.0826049
-0.0821891
-0.0817756
-0.0813642
-0.0809549
-0.0805477
-0.0801427
-0.0797397
-0.0793388
-0.07894
-0.0785433
-0.0781486
-0.0777559
-0.0773652
-0.0769766
-0.0765899
-0.0762053
-0.0758226
-0.0754418
-0.0750631
-0.0746862
-0.0743113
-0.0739383
-0.0735672
-0.0731981
-0.0728308
-0.0724653
-0.0721018
-0.0717401
-0.0713802
-0.0710222
-0.070666
-0.0703116
-0.069959
-0.0696082
-0.0692592
-0.0689119
-0.0685665
-0.0682227
-0.0678808
-0.0675405
-0.067202
-0.0668652
-0.0665301
-0.0661967
-0.065865
-0.065535
-0.0652067
-0.06488
-0.0645549
-0.0642315
-0.0639098
-0.0635896
-0.0632711
-0.0629542
-0.0626389
-0.0623252
-0.0620131
-0.0617025
-0.0613935
-0.0610861
-0.0607802
-0.0604759
-0.0601731
-0.0598718
-0.0595721
-0.0592738
-0.0589771
-0.0586818
-0.0583881
-0.0580958
-0.057805
-0.0575157
-0.0572278
-0.0569414
-0.0566564
-0.0563728
-0.0560907
-0.05581
-0.0555307
-0.0552528
-0.0549763
-0.0547012
-0.0544274
-0.0541551
-0.0538841
-0.0536145
-0.0533462
-0.0530793
-0.0528137
-0.0525494
-0.0522865
-0.0520249
-0.0517646
-0.0515056
-0.0512479
-0.0509915
-0.0507364
-0.0504826
-0.05023
-0.0499788
-0.0497287
-0.04948
-0.0492324
-0.0489862
-0.0487411
-0.0484973
-0.0482547
-0.0480133
-0.0477731
-0.0475342
-0.0472964
-0.0470598
-0.0468244
-0.0465902
-0.0463572
-0.0461253
-0.0458946
-0.0456651
-0.0454367
-0.0452094
-0.0449833
-0.0447583
-0.0445344
-0.0443117
-0.0440901
-0.0438696
-0.0436502
-0.0434318
-0.0432146
-0.0429985
-0.0427835
-0.0425695
-0.0423566
-0.0421448
-0.041934
-0.0417243
-0.0415156
-0.041308
-0.0411014
-0.0408958
-0.0406913
-0.0404878
-0.0402854
-0.0400839
-0.0398834
-0.039684
-0.0394855
-0.0392881
-0.0390916
-0.0388961
-0.0387016
-0.0385081
-0.0383155
-0.0381239
-0.0379332
-0.0377436
-0.0375548
-0.037367
-0.0371802
-0.0369942
-0.0368092
-0.0366252
-0.036442
-0.0362598
-0.0360785
-0.0358981
-0.0357186
-0.0355399
-0.0353622
-0.0351854
-0.0350095
-0.0348344
-0.0346602
-0.0344869
-0.0343144
-0.0341429
-0.0339721
-0.0338023
-0.0336332
-0.0334651
-0.0332977
-0.0331312
-0.0329655
-0.0328007
-0.0326367
-0.0324735
-0.0323111
-0.0321496
-0.0319888
-0.0318288
-0.0316697
-0.0315113
-0.0313538
-0.031197
-0.031041
-0.0308858
-0.0307314
-0.0305777
-0.0304248
-0.0302727
-0.0301213
-0.0299707
-0.0298208
-0.0296717
-0.0295233
-0.0293757
-0.0292288
-0.0290827
-0.0289373
-0.0287926
-0.0286486
-0.0285054
-0.0283628
-0.028221
-0.0280799
-0.0279395
-0.0277998
-0.0276608
-0.0275225
-0.0273849
-0.0272479
-0.0271117
-0.0269761
-0.0268413
-0.026707
-0.0265735
-0.0264406
-0.0263084
-0.0261769
-0.026046
-0.0259158
-0.0257862
-0.0256572
-0.025529
-0.0254013
-0.0252743
-0.0251479
-0.0250222
-0.0248971
-0.0247726
-0.0246487
-0.0245255
-0.0244028
-0.0242808
-0.0241594
-0.0240386
-0.0239184
-0.0237988
-0.0236798
-0.0235614
-0.0234436
-0.0233264
-0.0232098
-0.0230937
-0.0229783
-0.0228634
-0.022749
-0.0226353
-0.0225221
-0.0224095
-0.0222975
-0.022186
-0.022075
-0.0219647
-0.0218548
-0.0217456
-0.0216368
-0.0215287
-0.021421
-0.0213139
-0.0212073
-0.0211013
-0.0209958
-0.0208908
-0.0207864
-0.0206824
-0.020579
-0.0204761
-0.0203737
-0.0202719
-0.0201705
-0.0200696
-0.0199693
-0.0198694
-0.0197701
-0.0196712
-0.0195729
-0.019475
-0.0193777
-0.0192808
-0.0191844
-0.0190884
-0.018993
-0.018898
-0.0188035
-0.0187095
-0.018616
-0.0185229
-0.0184303
-0.0183381
-0.0182464
-0.0181552
-0.0180644
-0.0179741
-0.0178842
-0.0177948
-0.0177058
-0.0176173
-0.0175292
-0.0174416
-0.0173544
-0.0172676
-0.0171813
-0.0170953
-0.0170099
-0.0169248
-0.0168402
-0.016756
-0.0166722
-0.0165888
-0.0165059
-0.0164234
-0.0163413
-0.0162595
-0.0161783
-0.0160974
-0.0160169
-0.0159368
-0.0158571
-0.0157778
-0.0156989
-0.0156204
-0.0155423
-0.0154646
-0.0153873
-0.0153104
-0.0152338
-0.0151576
-0.0150818
-0.0150064
-0.0149314
-0.0148567
-0.0147825
-0.0147086
-0.014635
-0.0145618
-0.014489
-0.0144166
-0.0143445
-0.0142728
-0.0142014
-0.0141304
-0.0140597
-0.0139894
-0.0139195
-0.0138499
-0.0137807
-0.0137117
-0.0136432
-0.013575
-0.0135071
-0.0134396
-0.0133724
-0.0133055
-0.013239
-0.0131728
-0.0131069
-0.0130414
-0.0129762
-0.0129113
-0.0128467
-0.0127825
-0.0127186
-0.012655
-0.0125917
-0.0125288
-0.0124661
-0.0124038
-0.0123418
-0.0122801
-0.0122187
-0.0121576
-0.0120968
-0.0120363
-0.0119761
-0.0119162
-0.0118566
-0.0117974
-0.0117384
-0.0116797
-0.0116213
-0.0115632
-0.0115054
-0.0114478
-0.0113906
-0.0113336
-0.011277
-0.0112206
-0.0111645
-0.0111087
-0.0110531
-0.0109978
-0.0109429
-0.0108881
-0.0108337
-0.0107795
-0.0107256
-0.010672
-0.0106186
-0.0105656
-0.0105127
-0.0104602
-0.0104079
-0.0103558
-0.010304
-0.0102525
-0.0102013
-0.0101502
-0.0100995
-0.010049
-0.00999875
-0.00994876
-0.00989902
-0.00984952
-0.00980027
-0.00975127
-0.00970251
-0.009654
-0.00960573
-0.0095577
-0.00950991
-0.00946236
-0.00941505
-0.00936797
-0.00932113
-0.00927453
-0.00922815
-0.00918201
-0.0091361
-0.00909042
-0.00904497
-0.00899974
-0.00895475
-0.00890997
-0.00886542
-0.00882109
-0.00877699
-0.0087331
-0.00868944
-0.00864599
-0.00860276
-0.00855975
-0.00851695
-0.00847436
-0.00843199
-0.00838983
-0.00834788
-0.00830614
-0.00826461
-0.00822329
-0.00818217
-0.00814126
-0.00810055
-0.00806005
-0.00801975
-0.00797965
-0.00793976
-0.00790006
-0.00786056
-0.00782125
-0.00778215
-0.00774324
-0.00770452
-0.007666
-0.00762767
-0.00758953
-0.00755158
-0.00751382
-0.00747625
-0.00743887
-0.00740168
-0.00736467
-0.00732785
-0.00729121
-0.00725475
-0.00721848
-0.00718239
-0.00714647
-0.00711074
-0.00707519
-0.00703981
-0.00700461
-0.00696959
-0.00693474
-0.00690007
-0.00686557
-0.00683124
-0.00679708
-0.0067631
-0.00672928
-0.00669564
-0.00666216
-0.00662885
-0.0065957
-0.00656273
-0.00652991
-0.00649726
-0.00646478
-0.00643245
-0.00640029
-0.00636829
-0.00633645
-0.00630476
-0.00627324
-0.00624187
-0.00621067
-0.00617961
-0.00614871
-0.00611797
-0.00608738
-0.00605694
-0.00602666
-0.00599653
-0.00596654
-0.00593671
-0.00590703
-0.00587749
-0.0058481
-0.00581886
-0.00578977
-0.00576082
-0.00573202
-0.00570336
-0.00567484
-0.00564647
-0.00561823
-0.00559014
-0.00556219
-0.00553438
-0.00550671
-0.00547917
-0.00545178
-0.00542452
-0.0053974
-0.00537041
-0.00534356
-0.00531684
-0.00529026
-0.00526381
-0.00523749
-0.0052113
-0.00518524
-0.00515932
-0.00513352
-0.00510785
-0.00508231
-0.0050569
-0.00503162
-0.00500646
-0.00498143
-0.00495652
-0.00493174
-0.00490708
-0.00488254
-0.00485813
-0.00483384
-0.00480967
-0.00478562
-0.00476169
-0.00473789
-0.0047142
-0.00469062
-0.00466717
-0.00464384
-0.00462062
-0.00459751
-0.00457453
-0.00455165
-0.0045289
-0.00450625
-0.00448372
-0.0044613
-0.00443899
-0.0044168
-0.00439472
-0.00437274
-0.00435088
-0.00432912
-0.00430748
-0.00428594
-0.00426451
-0.00424319
-0.00422197
-0.00420086
-0.00417986
-0.00415896
-0.00413816
-0.00411747
-0.00409689
-0.0040764
-0.00405602
-0.00403574
-0.00401556
-0.00399548
-0.00397551
-0.00395563
-0.00393585
-0.00391617
-0.00389659
-0.00387711
-0.00385772
-0.00383843
-0.00381924
-0.00380015
-0.00378115
-0.00376224
-0.00374343
-0.00372471
-0.00370609
-0.00368756
-0.00366912
-0.00365077
-0.00363252
-0.00361436
-0.00359629
-0.0035783
-0.00356041
-0.00354261
-0.0035249
-0.00350727
-0.00348974
-0.00347229
-0.00345493
-0.00343765
-0.00342046
-0.00340336
-0.00338634
-0.00336941
-0.00335257
-0.0033358
-0.00331912
-0.00330253
-0.00328602
-0.00326959
-0.00325324
-0.00323697
-0.00322079
-0.00320468
-0.00318866
-0.00317272
-0.00315685
-0.00314107
-0.00312536
-0.00310974
-0.00309419
-0.00307872
-0.00306332
-0.00304801
-0.00303277
-0.0030176
-0.00300252
-0.0029875
-0.00297257
-0.0029577
-0.00294291
-0.0029282
-0.00291356
-0.00289899
-0.0028845
-0.00287007
-0.00285572
-0.00284145
-0.00282724
-0.0028131
-0.00279904
-0.00278504
-0.00277112
-0.00275726
-0.00274347
-0.00272976
-0.00271611
-0.00270253
-0.00268902
-0.00267557
-0.00266219
-0.00264888
-0.00263564
-0.00262246
-0.00260935
-0.0025963
-0.00258332
-0.0025704
-0.00255755
-0.00254476
-0.00253204
-0.00251938
-0.00250678
-0.00249425
-0.00248178
-0.00246937
-0.00245702
-0.00244474
-0.00243251
-0.00242035
-0.00240825
-0.00239621
-0.00238423
-0.00237231
-0.00236044
-0.00234864
-0.0023369
-0.00232521
-0.00231359
-0.00230202
-0.00229051
-0.00227906
-0.00226766
-0.00225632
-0.00224504
-0.00223382
-0.00222265
-0.00221154
-0.00220048
-0.00218948
-0.00217853
-0.00216764
-0.0021568
-0.00214601
-0.00213528
-0.00212461
-0.00211398
-0.00210341
-0.0020929
-0.00208243
-0.00207202
-0.00206166
-0.00205135
-0.0020411
-0.00203089
-0.00202074
-0.00201063
-0.00200058
-0.00199058
-0.00198062
-0.00197072
-0.00196087
-0.00195106
-0.00194131
-0.0019316
-0.00192194
-0.00191233
-0.00190277
-0.00189326
-0.00188379
-0.00187437
-0.001865
-0.00185568
-0.0018464
-0.00183717
-0.00182798
-0.00181884
-0.00180975
-0.0018007
-0.00179169
-0.00178274
-0.00177382
-0.00176495
-0.00175613
-0.00174735
-0.00173861
-0.00172992
-0.00172127
-0.00171266
-0.0017041
-0.00169558
-0.0016871
-0.00167867
-0.00167027
-0.00166192
-0.00165361
-0.00164534
-0.00163712
-0.00162893
-0.00162079
-0.00161268
-0.00160462
-0.0015966
-0.00158861
-0.00158067
-0.00157277
-0.0015649
-0.00155708
-0.00154929
-0.00154155
-0.00153384
-0.00152617
-0.00151854
-0.00151095
-0.00150339
-0.00149588
-0.0014884
-0.00148095
-0.00147355
-0.00146618
-0.00145885
-0.00145156
-0.0014443
-0.00143708
-0.00142989
-0.00142274
-0.00141563
-0.00140855
-0.00140151
-0.0013945
-0.00138753
-0.00138059
-0.00137369
-0.00136682
-0.00135999
-0.00135319
-0.00134642
-0.00133969
-0.00133299
-0.00132632
-0.00131969
-0.00131309
-0.00130653
-0.0013
-0.0012935
-0.00128703
-0.00128059
-0.00127419
-0.00126782
-0.00126148
-0.00125517
-0.0012489
-0.00124265
-0.00123644
-0.00123026
-0.00122411
-0.00121799
-0.0012119
-0.00120584
-0.00119981
-0.00119381
-0.00118784
-0.0011819
-0.00117599
-0.00117011
-0.00116426
-0.00115844
-0.00115265
-0.00114688
-0.00114115
-0.00113544
-0.00112977
-0.00112412
-0.0011185
-0.00111291
-0.00110734
-0.0011018
-0.0010963
-0.00109081
-0.00108536
-0.00107993
-0.00107453
-0.00106916
-0.00106382
-0.0010585
-0.0010532
-0.00104794
-0.0010427
-0.00103749
-0.0010323
-0.00102714
-0.001022
-0.00101689
-0.00101181
-0.00100675
-0.00100171
-0.000996705
-0.000991722
-0.000986763
-0.000981829
-0.00097692
-0.000972036
-0.000967176
-0.00096234
-0.000957528
-0.000952741
-0.000947977
-0.000943237
-0.000938521
-0.000933829
-0.00092916
-0.000924514
-0.000919891
-0.000915292
-0.000910715
-0.000906162
-0.000901631
-0.000897123
-0.000892638
-0.000888174
-0.000883734
-0.000879315
-0.000874919
-0.000870544
-0.000866191
-0.00086186
-0.000857551
-0.000853264
-0.000848998
-0.000844753
-0.000840529
-0.000836326
-0.000832145
-0.000827984
-0.000823844
-0.000819725
-0.000815626
-0.000811548
-0.000807491
-0.000803453
-0.000799436
-0.000795439
-0.000791462
-0.000787505
-0.000783567
-0.000779649
-0.000775751
-0.000771872
-0.000768013
-0.000764173
-0.000760352
-0.000756551
-0.000752768
-0.000749004
-0.000745259
-0.000741533
-0.000737825
-0.000734136
-0.000730466
-0.000726813
-0.000723179
-0.000719563
-0.000715966
-0.000712386
-0.000708824
-0.00070528
-0.000701754
-0.000698245
-0.000694754
-0.00069128
-0.000687824
-0.000684385
-0.000680963
-0.000677558
-0.00067417
-0.0006708
-0.000667446
-0.000664109
-0.000660788
-0.000657484
-0.000654197
-0.000650926
-0.000647671
-0.000644433
-0.000641211
-0.000638005
-0.000634815
-0.000631641
-0.000628483
-0.000625341
-0.000622214
-0.000619103
-0.000616008
-0.000612928
-0.000609863
-0.000606814
-0.00060378
-0.000600761
-0.000597757
-0.000594768
-0.000591795
-0.000588836
-0.000585892
-0.000582962
-0.000580048
-0.000577147
-0.000574262
-0.000571391
-0.000568534
-0.000565691
-0.000562863
-0.000560048
-0.000557248
-0.000554462
-0.00055169
-0.000548931
-0.000546187
-0.000543456
-0.000540739
-0.000538035
-0.000535345
-0.000532668
-0.000530005
-0.000527355
-0.000524718
-0.000522095
-0.000519484
-0.000516887
-0.000514303
-0.000511731
-0.000509173
-0.000506627
-0.000504094
-0.000501573
-0.000499066
-0.00049657
-0.000494088
-0.000491617
-0.000489159
-0.000486713
-0.00048428
-0.000481859
-0.000479449
-0.000477052
-0.000474667
-0.000472294
-0.000469933
-0.000467584
-0.000465246
-0.000462919
-0.000460604
-0.000458301
-0.00045601
-0.00045373
-0.000451461
-0.000449204
-0.000446958
-0.000444724
-0.0004425
-0.000440288
-0.000438086
-0.000435896
-0.000433716
-0.000431548
-0.00042939
-0.000427243
-0.000425107
-0.000422982
-0.000420867
-0.000418762
-0.000416669
-0.000414585
-0.000412513
-0.00041045
-0.000408398
-0.000406356
-0.000404324
-0.000402303
-0.000400291
-0.00039829
-0.000396299
-0.000394317
-0.000392346
-0.000390384
-0.000388432
-0.00038649
-0.000384557
-0.000382635
-0.000380722
-0.000378818
-0.000376924
-0.000375039
-0.000373164
-0.000371299
-0.000369442
-0.000367595
-0.000365757
-0.000363928
-0.000362109
-0.000360298
-0.000358497
-0.000356704
-0.000354921
-0.000353146
-0.000351381
-0.000349624
-0.000347876
-0.000346136
-0.000344406
-0.000342684
-0.00034097
-0.000339266
-0.000337569
-0.000335882
-0.000334202
-0.000332531
-0.000330869
-0.000329214
-0.000327568
-0.000325931
-0.000324301
-0.00032268
-0.000321066
-0.000319461
-0.000317864
-0.000316274
-0.000314693
-0.00031312
-0.000311554
-0.000309996
-0.000308447
-0.000306904
-0.00030537
-0.000303843
-0.000302324
-0.000300812
-0.000299308
-0.000297812
-0.000296323
-0.000294841
-0.000293367
-0.0002919
-0.000290441
-0.000288989
-0.000287544
-0.000286106
-0.000284676
-0.000283253
-0.000281836
-0.000280427
-0.000279025
-0.00027763
-0.000276242
-0.000274861
-0.000273487
-0.000272119
-0.000270759
-0.000269405
-0.000268058
-0.000266718
-0.000265384
-0.000264057
-0.000262737
-0.000261424
-0.000260116
-0.000258816
-0.000257522
-0.000256234
-0.000254953
-0.000253679
-0.00025241
-0.000251148
-0.000249893
-0.000248643
-0.0002474
-0.000246163
-0.000244932
-0.000243708
-0.000242489
-0.000241277
-0.000240071
-0.00023887
-0.000237676
-0.000236488
-0.000235305
-0.000234129
-0.000232958
-0.000231794
-0.000230635
-0.000229482
-0.000228335
-0.000227193
-0.000226057
-0.000224927
-0.000223802
-0.000222683
-0.00022157
-0.000220462
-0.00021936
-0.000218263
-0.000217171
-0.000216086
-0.000215005
-0.00021393
-0.000212861
-0.000211797
-0.000210738
-0.000209684
-0.000208636
-0.000207593
-0.000206555
-0.000205522
-0.000204495
-0.000203472
-0.000202455
-0.000201443
-0.000200435
-0.000199433
-0.000198436
-0.000197444
-0.000196457
-0.000195475
-0.000194498
-0.000193525
-0.000192558
-0.000191595
-0.000190637
-0.000189684
-0.000188735
-0.000187792
-0.000186853
-0.000185919
-0.000184989
-0.000184064
-0.000183144
-0.000182228
-0.000181317
-0.000180411
-0.000179509
-0.000178611
-0.000177718
-0.00017683
-0.000175946
-0.000175066
-0.000174191
-0.00017332
-0.000172453
-0.000171591
-0.000170733
-0.000169879
-0.00016903
-0.000168185
-0.000167344
-0.000166507
-0.000165675
-0.000164847
-0.000164022
-0.000163202
-0.000162386
-0.000161574
-0.000160767
-0.000159963
-0.000159163
-0.000158367
-0.000157576
-0.000156788
-0.000156004
-0.000155224
-0.000154448
-0.000153676
-0.000152907
-0.000152143
-0.000151382
-0.000150625
-0.000149872
-0.000149123
-0.000148377
-0.000147636
-0.000146897
-0.000146163
-0.000145432
-0.000144705
-0.000143982
-0.000143262
-0.000142546
-0.000141833
-0.000141124
-0.000140418
-0.000139716
-0.000139018
-0.000138323
-0.000137631
-0.000136943
-0.000136258
-0.000135577
-0.000134899
-0.000134225
-0.000133554
-0.000132886
-0.000132222
-0.000131561
-0.000130903
-0.000130249
-0.000129597
-0.000128949
-0.000128305
-0.000127663
-0.000127025
-0.00012639
-0.000125758
-0.000125129
-0.000124504
-0.000123881
-0.000123262
-0.000122646
-0.000122033
-0.000121422
-0.000120815
-0.000120211
-0.00011961
-0.000119012
-0.000118417
-0.000117825
-0.000117236
-0.00011665
-0.000116067
-0.000115487
-0.000114909
-0.000114335
-0.000113763
-0.000113195
-0.000112629
-0.000112066
-0.000111505
-0.000110948
-0.000110393
-0.000109841
-0.000109292
-0.000108746
-0.000108202
-0.000107661
-0.000107123
-0.000106588
-0.000106055
-0.000105524
-0.000104997
-0.000104472
-0.00010395
-0.00010343
-0.000102913
-0.000102398
-0.000101886
-0.000101377
-0.00010087
-0.000100366
-9.98639e-05
-9.93646e-05
-9.88679e-05
-9.83736e-05
-9.78818e-05
-9.73924e-05
-9.69055e-05
-9.6421e-05
-9.59389e-05
-9.54593e-05
-9.49821e-05
-9.45072e-05
-9.40348e-05
-9.35647e-05
-9.3097e-05
-9.26316e-05
-9.21685e-05
-9.17078e-05
-9.12493e-05
-9.07931e-05
-9.03392e-05
-8.98876e-05
-8.94382e-05
-8.89911e-05
-8.85462e-05
-8.81036e-05
-8.76631e-05
-8.72249e-05
-8.67888e-05
-8.63549e-05
-8.59232e-05
-8.54937e-05
-8.50662e-05
-8.4641e-05
-8.42178e-05
-8.37968e-05
-8.33779e-05
-8.2961e-05
-8.25463e-05
-8.21336e-05
-8.1723e-05
-8.13145e-05
-8.0908e-05
-8.05035e-05
-8.01011e-05
-7.97006e-05
-7.93022e-05
-7.89057e-05
-7.85113e-05
-7.81188e-05
-7.77283e-05
-7.73397e-05
-7.69531e-05
-7.65684e-05
-7.61856e-05
-7.58047e-05
-7.54258e-05
-7.50487e-05
-7.46735e-05
-7.43002e-05
-7.39288e-05
-7.35592e-05
-7.31915e-05
-7.28256e-05
-7.24616e-05
-7.20993e-05
-7.17389e-05
-7.13803e-05
-7.10234e-05
-7.06684e-05
-7.03151e-05
-6.99636e-05
-6.96138e-05
-6.92658e-05
-6.89196e-05
-6.85751e-05
-6.82322e-05
-6.78911e-05
-6.75518e-05
-6.72141e-05
-6.68781e-05
-6.65437e-05
-6.62111e-05
-6.58801e-05
-6.55508e-05
-6.52231e-05
-6.4897e-05
-6.45726e-05
-6.42498e-05
-6.39286e-05
-6.3609e-05
-6.32911e-05
-6.29747e-05
-6.26599e-05
-6.23466e-05
-6.2035e-05
-6.17248e-05
-6.14163e-05
-6.11093e-05
-6.08038e-05
-6.04998e-05
-6.01974e-05
-5.98965e-05
-5.95971e-05
-5.92991e-05
-5.90027e-05
-5.87078e-05
-5.84143e-05
-5.81223e-05
-5.78317e-05
-5.75426e-05
-5.7255e-05
-5.69688e-05
-5.6684e-05
-5.64006e-05
-5.61187e-05
-5.58382e-05
-5.5559e-05
-5.52813e-05
-5.5005e-05
-5.473e-05
-5.44564e-05
-5.41842e-05
-5.39134e-05
-5.36438e-05
-5.33757e-05
-5.31089e-05
-5.28434e-05
-5.25792e-05
-5.23164e-05
-5.20549e-05
-5.17947e-05
-5.15358e-05
-5.12782e-05
-5.10226e-05
-5.07676e-05
-5.05139e-05
-5.02614e-05
-5.00102e-05
-4.97601e-05
-4.95113e-05
-4.92637e-05
-4.90173e-05
-4.87722e-05
-4.85283e-05
-4.82857e-05
-4.80443e-05
-4.78041e-05
-4.75651e-05
-4.73273e-05
-4.70907e-05
-4.68553e-05
-4.66211e-05
-4.6388e-05
-4.61561e-05
-4.59253e-05
-4.56957e-05
-4.54673e-05
-4.524e-05
-4.50138e-05
-4.47888e-05
-4.45649e-05
-4.43421e-05
-4.41205e-05
-4.39e-05
-4.36805e-05
-4.34622e-05
-4.3245e-05
-4.30288e-05
-4.28138e-05
-4.25998e-05
-4.23869e-05
-4.2175e-05
-4.19642e-05
-4.17545e-05
-4.15458e-05
-4.13381e-05
-4.11315e-05
-4.09259e-05
-4.07214e-05
-4.05178e-05
-4.03153e-05
-4.01138e-05
-3.99133e-05
-3.97139e-05
-3.95154e-05
-3.93179e-05
-3.91214e-05
-3.89258e-05
-3.87313e-05
-3.85377e-05
-3.83451e-05
-3.81535e-05
-3.79628e-05
-3.77731e-05
-3.75843e-05
-3.73964e-05
-3.72095e-05
-3.70236e-05
-3.68385e-05
-3.66544e-05
-3.64712e-05
-3.62889e-05
-3.61076e-05
-3.59271e-05
-3.57475e-05
-3.55689e-05
-3.53911e-05
-3.52142e-05
-3.50382e-05
-3.48631e-05
-3.46889e-05
-3.45155e-05
-3.4343e-05
-3.41713e-05
-3.40006e-05
-3.38306e-05
-3.36615e-05
-3.34933e-05
-3.33259e-05
-3.31593e-05
-3.29936e-05
-3.28287e-05
-3.26646e-05
-3.25014e-05
-3.23389e-05
-3.21773e-05
-3.20165e-05
-3.18565e-05
-3.16973e-05
-3.15388e-05
-3.13812e-05
-3.12244e-05
-3.10683e-05
-3.0913e-05
-3.07585e-05
-3.06048e-05
-3.04518e-05
-3.02997e-05
-3.01482e-05
-2.99975e-05
-2.98476e-05
-2.96984e-05
-2.955e-05
-2.94023e-05
-2.92554e-05
-2.91092e-05
-2.89637e-05
-2.88189e-05
-2.86749e-05
-2.85316e-05
-2.8389e-05
-2.82471e-05
-2.8106e-05
-2.79655e-05
-2.78257e-05
-2.76867e-05
-2.75483e-05
-2.74106e-05
-2.72736e-05
-2.71373e-05
-2.70017e-05
-2.68668e-05
-2.67325e-05
-2.65989e-05
-2.6466e-05
-2.63337e-05
-2.62021e-05
-2.60712e-05
-2.59409e-05
-2.58112e-05
-2.56822e-05
-2.55539e-05
-2.54262e-05
-2.52991e-05
-2.51727e-05
-2.50469e-05
-2.49217e-05
-2.47972e-05
-2.46733e-05
-2.45505e-05
-2.44276e-05
-2.43055e-05
-2.4184e-05
-2.40631e-05
-2.39428e-05
-2.38232e-05
-2.37043e-05
-2.35859e-05
-2.34681e-05
-2.33508e-05
-2.32341e-05
-2.3118e-05
-2.30024e-05
-2.28875e-05
-2.27732e-05
-2.26594e-05
-2.25461e-05
-2.24335e-05
-2.23214e-05
-2.22098e-05
-2.20988e-05
-2.19883e-05
-2.18784e-05
-2.17691e-05
-2.16603e-05
-2.15521e-05
-2.14444e-05
-2.13372e-05
-2.12306e-05
-2.11246e-05
-2.1019e-05
-2.0914e-05
-2.08095e-05
-2.07055e-05
-2.0602e-05
-2.0499e-05
-2.03966e-05
-2.02947e-05
-2.01932e-05
-2.00923e-05
-1.99919e-05
-1.9892e-05
-1.97926e-05
-1.96937e-05
-1.95953e-05
-1.94973e-05
-1.93999e-05
-1.9303e-05
-1.92066e-05
-1.91106e-05
-1.90151e-05
-1.89201e-05
-1.88256e-05
-1.87315e-05
-1.86379e-05
-1.85448e-05
-1.84521e-05
-1.83599e-05
-1.82682e-05
-1.81769e-05
-1.80861e-05
-1.79958e-05
-1.79058e-05
-1.78164e-05
-1.77274e-05
-1.76388e-05
-1.75506e-05
-1.7463e-05
-1.73757e-05
-1.72889e-05
-1.72025e-05
-1.71166e-05
-1.7031e-05
-1.69459e-05
-1.68613e-05
-1.6777e-05
-1.66932e-05
-1.66098e-05
-1.65268e-05
-1.64443e-05
-1.63621e-05
-1.62803e-05
-1.6199e-05
-1.61181e-05
-1.60376e-05
-1.59574e-05
-1.58777e-05
-1.57984e-05
-1.57195e-05
-1.56409e-05
-1.55628e-05
-1.5485e-05
-1.54077e-05
-1.53307e-05
-1.52541e-05
-1.51779e-05
-1.51021e-05
-1.50267e-05
-1.49516e-05
-1.48769e-05
-1.48026e-05
-1.47286e-05
-1.46551e-05
-1.45819e-05
-1.4509e-05
-1.44365e-05
-1.43644e-05
-1.42927e-05
-1.42213e-05
-1.41503e-05
-1.40796e-05
-1.40092e-05
-1.39393e-05
-1.38696e-05
-1.38004e-05
-1.37314e-05
-1.36628e-05
-1.35946e-05
-1.35267e-05
-1.34591e-05
-1.33919e-05
-1.3325e-05
-1.32585e-05
-1.31922e-05
-1.31263e-05
-1.30608e-05
-1.29955e-05
-1.29306e-05
-1.28661e-05
-1.28018e-05
-1.27379e-05
-1.26742e-05
-1.26109e-05
-1.2548e-05
-1.24853e-05
-1.24229e-05
-1.23609e-05
-1.22992e-05
-1.22377e-05
-1.21766e-05
-1.21158e-05
-1.20553e-05
-1.19951e-05
-1.19352e-05
-1.18756e-05
-1.18163e-05
-1.17573e-05
-1.16985e-05
-1.16401e-05
-1.1582e-05
-1.15241e-05
-1.14666e-05
-1.14093e-05
-1.13524e-05
-1.12957e-05
-1.12393e-05
-1.11833e-05
-1.11277e-05
-1.10722e-05
-1.10169e-05
-1.09619e-05
-1.09071e-05
-1.08526e-05
-1.07984e-05
-1.07444e-05
-1.06907e-05
-1.06373e-05
-1.05841e-05
-1.05312e-05
-1.04787e-05
-1.04264e-05
-1.03744e-05
-1.03227e-05
-1.02712e-05
-1.02199e-05
-1.01689e-05
-1.01182e-05
-1.00677e-05
-1.00174e-05
-9.96739e-06
-9.9176e-06
-9.86807e-06
-9.81883e-06
-9.76982e-06
-9.72106e-06
-9.67255e-06
-9.62427e-06
-9.57623e-06
-9.52843e-06
-9.48086e-06
-9.43353e-06
-9.38642e-06
-9.33955e-06
-9.29291e-06
-9.2465e-06
-9.20031e-06
-9.15436e-06
-9.10863e-06
-9.06313e-06
-9.01786e-06
-8.97281e-06
-8.92799e-06
-8.88339e-06
-8.83902e-06
-8.79487e-06
-8.75094e-06
-8.70723e-06
-8.66374e-06
-8.62047e-06
-8.57742e-06
-8.53458e-06
-8.49196e-06
-8.44955e-06
-8.40735e-06
-8.36537e-06
-8.3236e-06
-8.28203e-06
-8.24068e-06
-8.19953e-06
-8.15859e-06
-8.11785e-06
-8.07732e-06
-8.037e-06
-7.99687e-06
-7.95695e-06
-7.91722e-06
-7.8777e-06
-7.83837e-06
-7.79924e-06
-7.76031e-06
-7.72157e-06
