2.38534
1.67734
1.32142
1.00316
-0.84042
-0.785375
-0.740598
-0.703475
-0.67215
-0.645294
-0.62856
-0.616109
-0.601748
-0.590829
-0.578705
-0.567002
-0.555686
-0.544763
-0.534265
-0.524198
-0.514556
-0.505324
-0.496481
-0.488005
-0.479875
-0.472069
-0.464565
-0.457349
-0.4504
-0.443705
-0.437247
-0.431013
-0.424989
-0.419165
-0.413528
-0.408067
-0.402773
-0.397638
-0.392651
-0.387805
-0.383093
-0.378506
-0.374039
-0.369687
-0.365442
-0.361298
-0.357253
-0.3533
-0.349435
-0.345655
-0.341955
-0.338331
-0.334781
-0.331302
-0.327889
-0.324543
-0.321257
-0.318032
-0.314865
-0.311754
-0.308696
-0.30569
-0.302735
-0.299829
-0.296972
-0.294159
-0.291393
-0.28867
-0.285989
-0.283352
-0.280755
-0.278198
-0.275681
-0.273201
-0.270761
-0.268356
-0.265988
-0.263656
-0.26136
-0.259098
-0.256869
-0.254675
-0.252514
-0.250385
-0.248288
-0.246222
-0.244188
-0.242183
-0.24021
-0.238265
-0.236349
-0.234463
-0.232605
-0.230773
-0.22897
-0.227194
-0.225443
-0.223719
-0.22202
-0.220346
-0.218698
-0.217073
-0.215471
-0.213893
-0.212338
-0.210805
-0.209295
-0.207805
-0.206337
-0.20489
-0.203462
-0.202055
-0.200667
-0.199299
-0.197948
-0.196617
-0.195302
-0.194006
-0.192727
-0.191463
-0.190217
-0.188987
-0.187772
-0.186572
-0.185387
-0.184218
-0.183062
-0.18192
-0.180792
-0.179677
-0.178575
-0.177486
-0.176409
-0.175345
-0.174292
-0.17325
-0.17222
-0.171201
-0.170194
-0.169196
-0.168208
-0.167232
-0.166264
-0.165307
-0.164359
-0.16342
-0.16249
-0.161569
-0.160657
-0.159752
-0.158857
-0.157969
-0.157089
-0.156217
-0.155353
-0.154496
-0.153646
-0.152804
-0.151968
-0.15114
-0.150318
-0.149503
-0.148694
-0.147891
-0.147095
-0.146305
-0.145521
-0.144743
-0.14397
-0.143204
-0.142443
-0.141687
-0.140937
-0.140192
-0.139453
-0.138719
-0.137989
-0.137265
-0.136546
-0.135831
-0.135121
-0.134416
-0.133716
-0.13302
-0.132329
-0.131642
-0.13096
-0.130281
-0.129608
-0.128938
-0.128272
-0.127611
-0.126954
-0.1263
-0.125651
-0.125006
-0.124364
-0.123726
-0.123093
-0.122462
-0.121836
-0.121213
-0.120594
-0.119978
-0.119367
-0.118758
-0.118153
-0.117552
-0.116953
-0.116359
-0.115767
-0.115179
-0.114594
-0.114013
-0.113435
-0.112859
-0.112287
-0.111719
-0.111153
-0.110591
-0.110031
-0.109475
-0.108921
-0.108371
-0.107823
-0.107279
-0.106737
-0.106198
-0.105662
-0.105129
-0.104599
-0.104072
-0.103547
-0.103026
-0.102507
-0.10199
-0.101477
-0.100966
-0.100458
-0.0999521
-0.0994492
-0.098949
-0.0984513
-0.0979563
-0.0974638
-0.0969738
-0.0964865
-0.0960016
-0.0955192
-0.0950394
-0.094562
-0.0940871
-0.0936146
-0.0931446
-0.0926763
-0.092211
-0.0917481
-0.0912877
-0.0908296
-0.0903739
-0.0899205
-0.0894694
-0.0890206
-0.0885742
-0.08813
-0.087688
-0.0872484
-0.0868109
-0.0863757
-0.0859427
-0.085512
-0.0850834
-0.084657
-0.0842327
-0.0838106
-0.0833907
-0.0829728
-0.0825571
-0.0821435
-0.081732
-0.0813226
-0.0809153
-0.08051
-0.0801068
-0.0797056
-0.0793064
-0.0789092
-0.0785141
-0.078121
-0.0777298
-0.0773406
-0.0769534
-0.0765681
-0.0761848
-0.0758034
-0.0754239
-0.0750464
-0.0746707
-0.074297
-0.0739251
-0.0735551
-0.0731869
-0.0728206
-0.0724562
-0.0720936
-0.0717328
-0.0713738
-0.0710166
-0.0706613
-0.0703077
-0.0699559
-0.0696058
-0.0692575
-0.068911
-0.0685662
-0.0682231
-0.0678818
-0.0675422
-0.0672042
-0.066868
-0.0665335
-0.0662006
-0.0658694
-0.0655399
-0.065212
-0.0648858
-0.0645612
-0.0642383
-0.0639169
-0.0635972
-0.0632791
-0.0629625
-0.0626476
-0.0623342
-0.0620224
-0.0617122
-0.0614035
-0.0610964
-0.0607908
-0.0604867
-0.0601842
-0.0598832
-0.0595837
-0.0592857
-0.0589891
-0.0586941
-0.0584006
-0.0581085
-0.0578178
-0.0575287
-0.057241
-0.0569547
-0.0566698
-0.0563864
-0.0561044
-0.0558238
-0.0555447
-0.0552669
-0.0549905
-0.0547155
-0.0544419
-0.0541696
-0.0538987
-0.0536292
-0.053361
-0.0530941
-0.0528286
-0.0525644
-0.0523015
-0.05204
-0.0517798
-0.0515208
-0.0512632
-0.0510068
-0.0507518
-0.050498
-0.0502454
-0.0499942
-0.0497442
-0.0494954
-0.0492479
-0.0490017
-0.0487566
-0.0485128
-0.0482702
-0.0480289
-0.0477887
-0.0475497
-0.047312
-0.0470754
-0.04684
-0.0466058
-0.0463727
-0.0461408
-0.0459101
-0.0456805
-0.0454521
-0.0452248
-0.0449987
-0.0447737
-0.0445498
-0.044327
-0.0441054
-0.0438848
-0.0436654
-0.0434471
-0.0432298
-0.0430137
-0.0427986
-0.0425846
-0.0423716
-0.0421598
-0.041949
-0.0417392
-0.0415305
-0.0413228
-0.0411162
-0.0409106
-0.0407061
-0.0405025
-0.0403
-0.0400985
-0.039898
-0.0396985
-0.0395
-0.0393025
-0.039106
-0.0389104
-0.0387159
-0.0385223
-0.0383297
-0.038138
-0.0379473
-0.0377576
-0.0375688
-0.0373809
-0.037194
-0.0370081
-0.036823
-0.0366389
-0.0364557
-0.0362734
-0.036092
-0.0359116
-0.035732
-0.0355533
-0.0353756
-0.0351987
-0.0350227
-0.0348476
-0.0346733
-0.0345
-0.0343275
-0.0341558
-0.033985
-0.0338151
-0.033646
-0.0334778
-0.0333104
-0.0331439
-0.0329781
-0.0328132
-0.0326492
-0.0324859
-0.0323235
-0.0321619
-0.0320011
-0.031841
-0.0316818
-0.0315234
-0.0313658
-0.031209
-0.0310529
-0.0308977
-0.0307432
-0.0305895
-0.0304365
-0.0302843
-0.0301329
-0.0299822
-0.0298323
-0.0296832
-0.0295347
-0.0293871
-0.0292401
-0.0290939
-0.0289485
-0.0288037
-0.0286597
-0.0285164
-0.0283738
-0.0282319
-0.0280908
-0.0279503
-0.0278106
-0.0276715
-0.0275332
-0.0273955
-0.0272585
-0.0271222
-0.0269866
-0.0268517
-0.0267174
-0.0265838
-0.0264509
-0.0263186
-0.0261871
-0.0260561
-0.0259258
-0.0257962
-0.0256672
-0.0255389
-0.0254112
-0.0252841
-0.0251577
-0.0250319
-0.0249068
-0.0247822
-0.0246583
-0.024535
-0.0244123
-0.0242903
-0.0241688
-0.024048
-0.0239277
-0.0238081
-0.0236891
-0.0235706
-0.0234528
-0.0233355
-0.0232188
-0.0231027
-0.0229872
-0.0228723
-0.0227579
-0.0226441
-0.0225309
-0.0224182
-0.0223061
-0.0221946
-0.0220836
-0.0219732
-0.0218634
-0.021754
-0.0216453
-0.021537
-0.0214294
-0.0213222
-0.0212156
-0.0211095
-0.021004
-0.0208989
-0.0207944
-0.0206905
-0.020587
-0.0204841
-0.0203817
-0.0202798
-0.0201784
-0.0200775
-0.0199771
-0.0198772
-0.0197778
-0.0196789
-0.0195805
-0.0194826
-0.0193852
-0.0192883
-0.0191918
-0.0190959
-0.0190004
-0.0189054
-0.0188109
-0.0187168
-0.0186232
-0.0185301
-0.0184374
-0.0183453
-0.0182535
-0.0181623
-0.0180714
-0.0179811
-0.0178912
-0.0178017
-0.0177127
-0.0176242
-0.017536
-0.0174484
-0.0173611
-0.0172743
-0.0171879
-0.017102
-0.0170165
-0.0169314
-0.0168467
-0.0167625
-0.0166787
-0.0165953
-0.0165123
-0.0164298
-0.0163476
-0.0162659
-0.0161845
-0.0161036
-0.0160231
-0.015943
-0.0158633
-0.0157839
-0.015705
-0.0156265
-0.0155484
-0.0154706
-0.0153933
-0.0153163
-0.0152397
-0.0151635
-0.0150877
-0.0150123
-0.0149372
-0.0148625
-0.0147882
-0.0147142
-0.0146407
-0.0145675
-0.0144946
-0.0144222
-0.01435
-0.0142783
-0.0142069
-0.0141359
-0.0140652
-0.0139949
-0.0139249
-0.0138553
-0.013786
-0.013717
-0.0136485
-0.0135802
-0.0135123
-0.0134448
-0.0133775
-0.0133106
-0.0132441
-0.0131779
-0.013112
-0.0130464
-0.0129812
-0.0129163
-0.0128517
-0.0127874
-0.0127235
-0.0126599
-0.0125966
-0.0125336
-0.0124709
-0.0124086
-0.0123465
-0.0122848
-0.0122234
-0.0121622
-0.0121014
-0.0120409
-0.0119807
-0.0119208
-0.0118612
-0.0118019
-0.0117429
-0.0116842
-0.0116258
-0.0115676
-0.0115098
-0.0114522
-0.011395
-0.011338
-0.0112813
-0.0112249
-0.0111688
-0.0111129
-0.0110574
-0.0110021
-0.0109471
-0.0108923
-0.0108379
-0.0107837
-0.0107298
-0.0106761
-0.0106227
-0.0105696
-0.0105168
-0.0104642
-0.0104119
-0.0103598
-0.010308
-0.0102565
-0.0102052
-0.0101542
-0.0101034
-0.0100529
-0.0100026
-0.00995261
-0.00990285
-0.00985333
-0.00980406
-0.00975504
-0.00970627
-0.00965774
-0.00960945
-0.0095614
-0.0095136
-0.00946603
-0.0094187
-0.0093716
-0.00932475
-0.00927812
-0.00923173
-0.00918557
-0.00913964
-0.00909395
-0.00904848
-0.00900323
-0.00895822
-0.00891343
-0.00886886
-0.00882452
-0.00878039
-0.00873649
-0.00869281
-0.00864935
-0.0086061
-0.00856307
-0.00852025
-0.00847765
-0.00843526
-0.00839309
-0.00835112
-0.00830937
-0.00826782
-0.00822648
-0.00818535
-0.00814442
-0.0081037
-0.00806318
-0.00802286
-0.00798275
-0.00794284
-0.00790312
-0.00786361
-0.00782429
-0.00778517
-0.00774624
-0.00770751
-0.00766897
-0.00763063
-0.00759247
-0.00755451
-0.00751674
-0.00747916
-0.00744176
-0.00740455
-0.00736753
-0.00733069
-0.00729404
-0.00725757
-0.00722128
-0.00718517
-0.00714925
-0.0071135
-0.00707793
-0.00704254
-0.00700733
-0.00697229
-0.00693743
-0.00690275
-0.00686823
-0.00683389
-0.00679972
-0.00676572
-0.00673189
-0.00669824
-0.00666474
-0.00663142
-0.00659826
-0.00656527
-0.00653245
-0.00649978
-0.00646728
-0.00643495
-0.00640277
-0.00637076
-0.00633891
-0.00630721
-0.00627567
-0.0062443
-0.00621308
-0.00618201
-0.0061511
-0.00612034
-0.00608974
-0.00605929
-0.006029
-0.00599885
-0.00596886
-0.00593901
-0.00590932
-0.00587977
-0.00585037
-0.00582112
-0.00579202
-0.00576306
-0.00573424
-0.00570557
-0.00567704
-0.00564866
-0.00562041
-0.00559231
-0.00556435
-0.00553653
-0.00550884
-0.0054813
-0.00545389
-0.00542662
-0.00539949
-0.00537249
-0.00534563
-0.0053189
-0.00529231
-0.00526585
-0.00523952
-0.00521332
-0.00518725
-0.00516132
-0.00513551
-0.00510983
-0.00508428
-0.00505886
-0.00503357
-0.0050084
-0.00498336
-0.00495844
-0.00493365
-0.00490898
-0.00488444
-0.00486001
-0.00483571
-0.00481154
-0.00478748
-0.00476354
-0.00473972
-0.00471602
-0.00469244
-0.00466898
-0.00464564
-0.00462241
-0.0045993
-0.0045763
-0.00455342
-0.00453065
-0.004508
-0.00448546
-0.00446303
-0.00444072
-0.00441851
-0.00439642
-0.00437444
-0.00435257
-0.0043308
-0.00430915
-0.0042876
-0.00426616
-0.00424483
-0.00422361
-0.00420249
-0.00418148
-0.00416057
-0.00413977
-0.00411907
-0.00409847
-0.00407798
-0.00405759
-0.0040373
-0.00401712
-0.00399703
-0.00397705
-0.00395716
-0.00393738
-0.00391769
-0.0038981
-0.00387861
-0.00385922
-0.00383992
-0.00382072
-0.00380162
-0.00378261
-0.0037637
-0.00374488
-0.00372615
-0.00370752
-0.00368899
-0.00367054
-0.00365219
-0.00363393
-0.00361576
-0.00359768
-0.00357969
-0.00356179
-0.00354398
-0.00352626
-0.00350863
-0.00349109
-0.00347363
-0.00345627
-0.00343898
-0.00342179
-0.00340468
-0.00338766
-0.00337072
-0.00335387
-0.0033371
-0.00332041
-0.00330381
-0.00328729
-0.00327085
-0.0032545
-0.00323823
-0.00322204
-0.00320593
-0.0031899
-0.00317395
-0.00315808
-0.00314229
-0.00312658
-0.00311094
-0.00309539
-0.00307991
-0.00306451
-0.00304919
-0.00303394
-0.00301877
-0.00300368
-0.00298866
-0.00297372
-0.00295885
-0.00294406
-0.00292934
-0.00291469
-0.00290012
-0.00288562
-0.00287119
-0.00285683
-0.00284255
-0.00282833
-0.00281419
-0.00280012
-0.00278612
-0.00277219
-0.00275833
-0.00274454
-0.00273082
-0.00271716
-0.00270358
-0.00269006
-0.00267661
-0.00266323
-0.00264991
-0.00263666
-0.00262348
-0.00261036
-0.00259731
-0.00258432
-0.0025714
-0.00255854
-0.00254575
-0.00253302
-0.00252036
-0.00250775
-0.00249522
-0.00248274
-0.00247033
-0.00245797
-0.00244568
-0.00243346
-0.00242129
-0.00240918
-0.00239714
-0.00238515
-0.00237323
-0.00236136
-0.00234955
-0.00233781
-0.00232612
-0.00231449
-0.00230291
-0.0022914
-0.00227994
-0.00226854
-0.0022572
-0.00224591
-0.00223468
-0.00222351
-0.00221239
-0.00220133
-0.00219032
-0.00217937
-0.00216848
-0.00215763
-0.00214685
-0.00213611
-0.00212543
-0.0021148
-0.00210423
-0.00209371
-0.00208324
-0.00207282
-0.00206246
-0.00205215
-0.00204189
-0.00203168
-0.00202152
-0.00201141
-0.00200136
-0.00199135
-0.00198139
-0.00197149
-0.00196163
-0.00195182
-0.00194206
-0.00193235
-0.00192269
-0.00191308
-0.00190351
-0.00189399
-0.00188452
-0.0018751
-0.00186572
-0.0018564
-0.00184711
-0.00183788
-0.00182869
-0.00181955
-0.00181045
-0.0018014
-0.00179239
-0.00178343
-0.00177451
-0.00176564
-0.00175681
-0.00174803
-0.00173929
-0.00173059
-0.00172194
-0.00171333
-0.00170476
-0.00169624
-0.00168776
-0.00167932
-0.00167092
-0.00166257
-0.00165425
-0.00164598
-0.00163775
-0.00162956
-0.00162142
-0.00161331
-0.00160524
-0.00159722
-0.00158923
-0.00158128
-0.00157338
-0.00156551
-0.00155768
-0.0015499
-0.00154215
-0.00153444
-0.00152676
-0.00151913
-0.00151153
-0.00150398
-0.00149646
-0.00148897
-0.00148153
-0.00147412
-0.00146675
-0.00145942
-0.00145212
-0.00144486
-0.00143764
-0.00143045
-0.0014233
-0.00141618
-0.0014091
-0.00140205
-0.00139504
-0.00138807
-0.00138113
-0.00137422
-0.00136735
-0.00136051
-0.00135371
-0.00134694
-0.00134021
-0.00133351
-0.00132684
-0.00132021
-0.0013136
-0.00130704
-0.0013005
-0.001294
-0.00128753
-0.00128109
-0.00127469
-0.00126831
-0.00126197
-0.00125566
-0.00124938
-0.00124314
-0.00123692
-0.00123074
-0.00122458
-0.00121846
-0.00121237
-0.00120631
-0.00120027
-0.00119427
-0.0011883
-0.00118236
-0.00117645
-0.00117057
-0.00116471
-0.00115889
-0.0011531
-0.00114733
-0.00114159
-0.00113589
-0.00113021
-0.00112456
-0.00111893
-0.00111334
-0.00110777
-0.00110223
-0.00109672
-0.00109124
-0.00108578
-0.00108035
-0.00107495
-0.00106958
-0.00106423
-0.00105891
-0.00105361
-0.00104835
-0.0010431
-0.00103789
-0.0010327
-0.00102754
-0.0010224
-0.00101729
-0.0010122
-0.00100714
-0.0010021
-0.000997093
-0.000992108
-0.000987147
-0.000982212
-0.000977301
-0.000972414
-0.000967552
-0.000962715
-0.000957901
-0.000953112
-0.000948346
-0.000943605
-0.000938887
-0.000934192
-0.000929521
-0.000924874
-0.00092025
-0.000915648
-0.00091107
-0.000906515
-0.000901982
-0.000897473
-0.000892985
-0.00088852
-0.000884078
-0.000879658
-0.000875259
-0.000870883
-0.000866529
-0.000862196
-0.000857885
-0.000853596
-0.000849328
-0.000845082
-0.000840856
-0.000836652
-0.000832469
-0.000828307
-0.000824165
-0.000820044
-0.000815944
-0.000811865
-0.000807805
-0.000803766
-0.000799748
-0.000795749
-0.00079177
-0.000787812
-0.000783873
-0.000779954
-0.000776055
-0.000772174
-0.000768313
-0.000764472
-0.000760649
-0.000756846
-0.000753062
-0.000749296
-0.00074555
-0.000741822
-0.000738113
-0.000734423
-0.000730751
-0.000727097
-0.000723462
-0.000719845
-0.000716245
-0.000712664
-0.000709101
-0.000705555
-0.000702028
-0.000698518
-0.000695025
-0.00069155
-0.000688092
-0.000684652
-0.000681229
-0.000677823
-0.000674434
-0.000671062
-0.000667706
-0.000664368
-0.000661046
-0.000657741
-0.000654452
-0.00065118
-0.000647924
-0.000644685
-0.000641461
-0.000638254
-0.000635063
-0.000631888
-0.000628728
-0.000625585
-0.000622457
-0.000619345
-0.000616248
-0.000613167
-0.000610101
-0.000607051
-0.000604016
-0.000600996
-0.000597991
-0.000595001
-0.000592026
-0.000589066
-0.000586121
-0.00058319
-0.000580274
-0.000577373
-0.000574486
-0.000571614
-0.000568756
-0.000565912
-0.000563083
-0.000560267
-0.000557466
-0.000554679
-0.000551906
-0.000549146
-0.0005464
-0.000543668
-0.00054095
-0.000538246
-0.000535554
-0.000532877
-0.000530212
-0.000527561
-0.000524924
-0.000522299
-0.000519688
-0.000517089
-0.000514504
-0.000511932
-0.000509372
-0.000506825
-0.000504291
-0.00050177
-0.000499261
-0.000496765
-0.000494281
-0.00049181
-0.000489351
-0.000486904
-0.00048447
-0.000482047
-0.000479637
-0.000477239
-0.000474853
-0.000472479
-0.000470116
-0.000467766
-0.000465427
-0.0004631
-0.000460785
-0.000458481
-0.000456189
-0.000453908
-0.000451638
-0.00044938
-0.000447133
-0.000444898
-0.000442673
-0.00044046
-0.000438258
-0.000436066
-0.000433886
-0.000431717
-0.000429559
-0.000427411
-0.000425274
-0.000423148
-0.000421032
-0.000418927
-0.000416832
-0.000414748
-0.000412675
-0.000410611
-0.000408558
-0.000406516
-0.000404483
-0.000402461
-0.000400449
-0.000398446
-0.000396454
-0.000394472
-0.0003925
-0.000390537
-0.000388585
-0.000386642
-0.000384709
-0.000382785
-0.000380871
-0.000378967
-0.000377072
-0.000375187
-0.000373311
-0.000371445
-0.000369588
-0.00036774
-0.000365901
-0.000364072
-0.000362251
-0.00036044
-0.000358638
-0.000356845
-0.000355061
-0.000353286
-0.000351519
-0.000349762
-0.000348013
-0.000346273
-0.000344542
-0.000342819
-0.000341105
-0.000339399
-0.000337702
-0.000336014
-0.000334334
-0.000332662
-0.000330999
-0.000329344
-0.000327698
-0.000326059
-0.000324429
-0.000322807
-0.000321193
-0.000319587
-0.000317989
-0.000316399
-0.000314817
-0.000313243
-0.000311677
-0.000310119
-0.000308568
-0.000307026
-0.000305491
-0.000303963
-0.000302443
-0.000300931
-0.000299427
-0.00029793
-0.00029644
-0.000294958
-0.000293483
-0.000292016
-0.000290556
-0.000289103
-0.000287658
-0.000286219
-0.000284788
-0.000283365
-0.000281948
-0.000280538
-0.000279136
-0.00027774
-0.000276351
-0.00027497
-0.000273595
-0.000272227
-0.000270866
-0.000269512
-0.000268164
-0.000266823
-0.000265489
-0.000264162
-0.000262841
-0.000261527
-0.00026022
-0.000258919
-0.000257624
-0.000256336
-0.000255054
-0.000253779
-0.00025251
-0.000251248
-0.000249992
-0.000248742
-0.000247498
-0.000246261
-0.000245029
-0.000243804
-0.000242585
-0.000241373
-0.000240166
-0.000238965
-0.00023777
-0.000236582
-0.000235399
-0.000234222
-0.000233051
-0.000231886
-0.000230726
-0.000229573
-0.000228425
-0.000227283
-0.000226146
-0.000225016
-0.000223891
-0.000222772
-0.000221658
-0.00022055
-0.000219447
-0.00021835
-0.000217258
-0.000216172
-0.000215091
-0.000214016
-0.000212946
-0.000211881
-0.000210822
-0.000209767
-0.000208719
-0.000207675
-0.000206637
-0.000205604
-0.000204576
-0.000203553
-0.000202535
-0.000201523
-0.000200515
-0.000199513
-0.000198515
-0.000197523
-0.000196535
-0.000195553
-0.000194575
-0.000193602
-0.000192634
-0.000191671
-0.000190713
-0.00018976
-0.000188811
-0.000187867
-0.000186928
-0.000185993
-0.000185063
-0.000184138
-0.000183217
-0.000182301
-0.00018139
-0.000180483
-0.000179581
-0.000178683
-0.000177789
-0.000176901
-0.000176016
-0.000175136
-0.00017426
-0.000173389
-0.000172522
-0.00017166
-0.000170802
-0.000169948
-0.000169098
-0.000168252
-0.000167411
-0.000166574
-0.000165741
-0.000164913
-0.000164088
-0.000163268
-0.000162452
-0.000161639
-0.000160831
-0.000160027
-0.000159227
-0.000158431
-0.000157639
-0.000156851
-0.000156067
-0.000155286
-0.00015451
-0.000153737
-0.000152969
-0.000152204
-0.000151443
-0.000150686
-0.000149933
-0.000149183
-0.000148437
-0.000147695
-0.000146957
-0.000146222
-0.000145491
-0.000144763
-0.00014404
-0.00014332
-0.000142603
-0.00014189
-0.000141181
-0.000140475
-0.000139773
-0.000139074
-0.000138379
-0.000137687
-0.000136998
-0.000136313
-0.000135632
-0.000134954
-0.000134279
-0.000133608
-0.00013294
-0.000132275
-0.000131614
-0.000130956
-0.000130301
-0.00012965
-0.000129002
-0.000128357
-0.000127715
-0.000127076
-0.000126441
-0.000125809
-0.00012518
-0.000124554
-0.000123932
-0.000123312
-0.000122695
-0.000122082
-0.000121472
-0.000120864
-0.00012026
-0.000119659
-0.000119061
-0.000118466
-0.000117873
-0.000117284
-0.000116698
-0.000116114
-0.000115534
-0.000114956
-0.000114381
-0.00011381
-0.000113241
-0.000112675
-0.000112111
-0.000111551
-0.000110993
-0.000110438
-0.000109886
-0.000109337
-0.00010879
-0.000108246
-0.000107705
-0.000107167
-0.000106631
-0.000106098
-0.000105567
-0.00010504
-0.000104514
-0.000103992
-0.000103472
-0.000102955
-0.00010244
-0.000101928
-0.000101418
-0.000100911
-0.000100407
-9.99054e-05
-9.94061e-05
-9.89091e-05
-9.84147e-05
-9.79226e-05
-9.7433e-05
-9.69458e-05
-9.6461e-05
-9.59787e-05
-9.54989e-05
-9.50214e-05
-9.45463e-05
-9.40737e-05
-9.36033e-05
-9.31354e-05
-9.26698e-05
-9.22065e-05
-9.17455e-05
-9.12869e-05
-9.08305e-05
-9.03764e-05
-8.99246e-05
-8.9475e-05
-8.90277e-05
-8.85826e-05
-8.81398e-05
-8.76991e-05
-8.72608e-05
-8.68246e-05
-8.63905e-05
-8.59587e-05
-8.5529e-05
-8.51015e-05
-8.4676e-05
-8.42528e-05
-8.38316e-05
-8.34125e-05
-8.29955e-05
-8.25807e-05
-8.21678e-05
-8.17571e-05
-8.13484e-05
-8.09417e-05
-8.05371e-05
-8.01345e-05
-7.97339e-05
-7.93353e-05
-7.89387e-05
-7.8544e-05
-7.81514e-05
-7.77607e-05
-7.7372e-05
-7.69852e-05
-7.66003e-05
-7.62174e-05
-7.58364e-05
-7.54573e-05
-7.50801e-05
-7.47047e-05
-7.43313e-05
-7.39597e-05
-7.359e-05
-7.32221e-05
-7.28561e-05
-7.24919e-05
-7.21295e-05
-7.17689e-05
-7.14102e-05
-7.10532e-05
-7.0698e-05
-7.03446e-05
-6.99929e-05
-6.96431e-05
-6.92949e-05
-6.89485e-05
-6.86039e-05
-6.82609e-05
-6.79197e-05
-6.75802e-05
-6.72423e-05
-6.69062e-05
-6.65718e-05
-6.6239e-05
-6.59079e-05
-6.55784e-05
-6.52506e-05
-6.49244e-05
-6.45999e-05
-6.4277e-05
-6.39557e-05
-6.3636e-05
-6.33179e-05
-6.30013e-05
-6.26864e-05
-6.23731e-05
-6.20613e-05
-6.17511e-05
-6.14424e-05
-6.11352e-05
-6.08296e-05
-6.05256e-05
-6.0223e-05
-5.9922e-05
-5.96225e-05
-5.93244e-05
-5.90279e-05
-5.87328e-05
-5.84392e-05
-5.81471e-05
-5.78565e-05
-5.75673e-05
-5.72795e-05
-5.69932e-05
-5.67083e-05
-5.64248e-05
-5.61428e-05
-5.58622e-05
-5.55829e-05
-5.53051e-05
-5.50286e-05
-5.47536e-05
-5.44799e-05
-5.42076e-05
-5.39366e-05
-5.3667e-05
-5.33988e-05
-5.31318e-05
-5.28663e-05
-5.2602e-05
-5.23391e-05
-5.20775e-05
-5.18171e-05
-5.15581e-05
-5.13004e-05
-5.1044e-05
-5.07889e-05
-5.0535e-05
-5.02824e-05
-5.00311e-05
-4.9781e-05
-4.95322e-05
-4.92855e-05
-4.90393e-05
-4.87942e-05
-4.85501e-05
-4.83073e-05
-4.80657e-05
-4.78253e-05
-4.75862e-05
-4.73483e-05
-4.71116e-05
-4.68761e-05
-4.66418e-05
-4.64086e-05
-4.61766e-05
-4.59458e-05
-4.57161e-05
-4.54876e-05
-4.52602e-05
-4.5034e-05
-4.48088e-05
-4.45848e-05
-4.43619e-05
-4.41402e-05
-4.39195e-05
-4.37e-05
-4.34815e-05
-4.32641e-05
-4.30479e-05
-4.28327e-05
-4.26186e-05
-4.24056e-05
-4.21937e-05
-4.19828e-05
-4.1773e-05
-4.15642e-05
-4.13565e-05
-4.11498e-05
-4.09442e-05
-4.07395e-05
-4.05359e-05
-4.03333e-05
-4.01318e-05
-3.99312e-05
-3.97316e-05
-3.9533e-05
-3.93355e-05
-3.91389e-05
-3.89433e-05
-3.87486e-05
-3.8555e-05
-3.83623e-05
-3.81706e-05
-3.79798e-05
-3.779e-05
-3.76012e-05
-3.74132e-05
-3.72263e-05
-3.70402e-05
-3.68551e-05
-3.66709e-05
-3.64877e-05
-3.63053e-05
-3.61239e-05
-3.59434e-05
-3.57637e-05
-3.5585e-05
-3.54072e-05
-3.52302e-05
-3.50542e-05
-3.4879e-05
-3.47047e-05
-3.45312e-05
-3.43587e-05
-3.4187e-05
-3.40161e-05
-3.38461e-05
-3.3677e-05
-3.35087e-05
-3.33412e-05
-3.31746e-05
-3.30088e-05
-3.28439e-05
-3.26797e-05
-3.25164e-05
-3.23539e-05
-3.21922e-05
-3.20314e-05
-3.18713e-05
-3.1712e-05
-3.15535e-05
-3.13958e-05
-3.1239e-05
-3.10828e-05
-3.09275e-05
-3.0773e-05
-3.06192e-05
-3.04662e-05
-3.03139e-05
-3.01624e-05
-3.00117e-05
-2.98617e-05
-2.97125e-05
-2.9564e-05
-2.94163e-05
-2.92693e-05
-2.9123e-05
-2.89775e-05
-2.88327e-05
-2.86886e-05
-2.85452e-05
-2.84026e-05
-2.82606e-05
-2.81194e-05
-2.79789e-05
-2.78391e-05
-2.77e-05
-2.75615e-05
-2.74238e-05
-2.72868e-05
-2.71504e-05
-2.70148e-05
-2.68798e-05
-2.67454e-05
-2.66118e-05
-2.64788e-05
-2.63465e-05
-2.62148e-05
-2.60839e-05
-2.59535e-05
-2.58238e-05
-2.56948e-05
-2.55664e-05
-2.54386e-05
-2.53115e-05
-2.51851e-05
-2.50592e-05
-2.49341e-05
-2.48096e-05
-2.46856e-05
-2.45623e-05
-2.44395e-05
-2.43174e-05
-2.41959e-05
-2.40751e-05
-2.39549e-05
-2.38352e-05
-2.37162e-05
-2.35977e-05
-2.34798e-05
-2.33625e-05
-2.32457e-05
-2.31296e-05
-2.3014e-05
-2.2899e-05
-2.27846e-05
-2.26708e-05
-2.25575e-05
-2.24447e-05
-2.23325e-05
-2.22209e-05
-2.21099e-05
-2.19994e-05
-2.18895e-05
-2.17801e-05
-2.16713e-05
-2.15631e-05
-2.14553e-05
-2.13481e-05
-2.12415e-05
-2.11353e-05
-2.10297e-05
-2.09247e-05
-2.08201e-05
-2.07161e-05
-2.06125e-05
-2.05095e-05
-2.04071e-05
-2.03051e-05
-2.02036e-05
-2.01027e-05
-2.00022e-05
-1.99023e-05
-1.98029e-05
-1.97039e-05
-1.96055e-05
-1.95076e-05
-1.94101e-05
-1.93131e-05
-1.92167e-05
-1.91207e-05
-1.90251e-05
-1.89301e-05
-1.88355e-05
-1.87415e-05
-1.86478e-05
-1.85547e-05
-1.8462e-05
-1.83698e-05
-1.8278e-05
-1.81867e-05
-1.80959e-05
-1.80055e-05
-1.79155e-05
-1.7826e-05
-1.7737e-05
-1.76484e-05
-1.75602e-05
-1.74725e-05
-1.73852e-05
-1.72984e-05
-1.7212e-05
-1.7126e-05
-1.70404e-05
-1.69553e-05
-1.68706e-05
-1.67863e-05
-1.67025e-05
-1.6619e-05
-1.6536e-05
-1.64534e-05
-1.63712e-05
-1.62895e-05
-1.62081e-05
-1.61271e-05
-1.60466e-05
-1.59664e-05
-1.58867e-05
-1.58073e-05
-1.57284e-05
-1.56498e-05
-1.55716e-05
-1.54939e-05
-1.54165e-05
-1.53395e-05
-1.52628e-05
-1.51866e-05
-1.51108e-05
-1.50353e-05
-1.49602e-05
-1.48855e-05
-1.48111e-05
-1.47372e-05
-1.46635e-05
-1.45903e-05
-1.45174e-05
-1.44449e-05
-1.43728e-05
-1.4301e-05
-1.42296e-05
-1.41585e-05
-1.40878e-05
-1.40175e-05
-1.39475e-05
-1.38778e-05
-1.38085e-05
-1.37395e-05
-1.36709e-05
-1.36026e-05
-1.35347e-05
-1.34671e-05
-1.33999e-05
-1.3333e-05
-1.32664e-05
-1.32001e-05
-1.31342e-05
-1.30686e-05
-1.30034e-05
-1.29384e-05
-1.28738e-05
-1.28095e-05
-1.27456e-05
-1.26819e-05
-1.26186e-05
-1.25556e-05
-1.24929e-05
-1.24305e-05
-1.23685e-05
-1.23067e-05
-1.22452e-05
-1.21841e-05
-1.21233e-05
-1.20627e-05
-1.20025e-05
-1.19426e-05
-1.1883e-05
-1.18236e-05
-1.17646e-05
-1.17059e-05
-1.16474e-05
-1.15893e-05
-1.15314e-05
-1.14738e-05
-1.14165e-05
-1.13595e-05
-1.13028e-05
-1.12464e-05
-1.11903e-05
-1.11344e-05
-1.10788e-05
-1.10235e-05
-1.09685e-05
-1.09137e-05
-1.08592e-05
-1.08052e-05
-1.07515e-05
-1.06979e-05
-1.06445e-05
-1.05913e-05
-1.05384e-05
-1.04858e-05
-1.04334e-05
-1.03813e-05
-1.03294e-05
-1.02777e-05
-1.02264e-05
-1.01753e-05
-1.01246e-05
-1.00741e-05
-1.00239e-05
-9.97388e-06
