0.784015
0.761783
0.745861
0.741255
0.724858
0.725647
0.716442
0.72061
0.720452
0.731956
0.726072
0.725564
0.727635
0.733678
0.732584
0.726447
0.731547
0.729109
0.737114
0.726608
0.724492
0.731907
0.746534
0.732568
0.72389
0.725009
0.725871
0.727344
0.730568
0.723607
0.72306
0.729043
0.73157
0.724656
0.73915
0.74264
0.728964
0.735635
0.733651
0.730856
0.729332
0.724241
0.717068
0.722132
0.722478
0.736629
0.740804
0.721474
0.719529
0.727126
0.727608
0.727027
0.72559
0.718013
0.719384
0.725039
0.723769
0.727284
0.717625
0.721567
0.723219
0.72142
0.732929
0.717122
0.724823
0.723853
0.725192
0.718341
0.731033
0.716833
0.726853
0.722571
0.730582
0.72545
0.724568
0.718765
0.722527
0.735397
0.717401
0.728452
0.723516
0.723551
0.718915
0.727472
0.721393
0.727094
0.728869
0.724262
0.721443
0.720517
0.7251
0.717109
0.724771
0.719007
0.726173
0.732377
0.723328
0.718252
0.720146
0.717959
0.719746
0.713375
0.712423
0.715787
0.719651
0.717286
0.721506
0.717012
0.719667
0.721893
0.723664
0.710146
0.716476
0.712645
0.720882
0.725174
0.717162
0.716283
0.717975
0.71777
0.722294
0.723333
0.718366
0.718653
0.716428
0.723074
0.719425
0.722859
0.71512
0.726925
0.717009
0.72469
0.714583
0.714353
0.718307
0.730265
0.713984
0.723969
0.720216
0.715066
0.718387
0.734355
0.718791
0.722321
0.717786
0.710248
0.71909
0.723425
0.710843
0.714055
0.714876
0.72043
0.719332
0.716613
0.723324
0.719846
0.712751
0.714862
0.729403
0.713544
0.715647
0.72788
0.714268
0.722341
0.717241
0.704879
0.706387
0.713599
0.709553
0.712397
0.710527
0.720033
0.707157
0.720385
0.718786
0.711736
0.718141
0.715223
0.705732
0.71279
0.715754
0.716371
0.70854
0.721826
0.708707
0.713527
0.713168
0.709556
0.711109
0.710901
0.722467
0.71059
0.716074
0.712537
0.717832
0.709997
0.703166
0.70613
0.712896
0.706479
0.712641
0.712533
0.714965
0.711399
0.711528
0.712827
0.717737
0.709712
0.71813
0.713097
0.715734
0.7195
0.710008
0.718115
0.711736
0.720979
0.713791
0.717674
0.709111
0.720027
0.70515
0.71486
0.709663
0.712087
0.707551
0.712631
0.713294
0.711951
0.710388
0.711967
0.711678
0.706686
0.708875
0.709468
0.708783
0.707999
0.714311
0.709559
0.711085
0.71427
0.705134
0.712682
0.70897
0.717377
0.724504
0.703482
0.711249
0.704429
0.720676
0.722022
0.707121
0.716435
0.713672
0.706229
0.70501
0.702701
0.708196
0.700867
0.706858
0.70151
0.703531
0.711913
0.711256
0.716321
0.711466
0.712735
0.70955
0.703118
0.715195
0.70061
0.719746
0.706092
0.702796
0.713273
0.704903
0.715267
0.705006
0.706215
0.707579
0.709857
0.709149
0.708263
0.709227
0.707303
0.70837
0.710665
0.719824
0.715878
0.702195
0.711839
0.71486
0.702015
0.70366
0.709288
0.710272
0.710326
0.708404
0.714088
0.703822
0.703751
0.707743
0.718253
0.705038
0.702757
0.704454
0.702628
0.69365
0.699068
0.708839
0.70942
0.7063
0.699176
0.699183
0.707143
0.699544
0.6941
0.711784
0.705533
0.706664
0.69996
0.708747
0.710681
0.704941
0.697067
0.707379
0.699226
0.705834
0.701508
0.705461
0.701812
0.704921
0.704676
0.708279
0.709938
0.706496
0.702848
0.707117
0.706343
0.709177
0.705571
0.707683
0.70956
0.70414
0.699379
0.696246
0.697749
0.704091
0.698458
0.701803
0.697663
0.695691
0.702562
0.701744
0.703662
0.70125
0.703145
0.703946
0.707112
0.699559
0.705634
0.701146
0.708795
0.700747
0.703771
0.710057
0.697792
0.699553
0.701767
0.70574
0.704575
0.704831
0.70007
0.709288
0.697807
0.706347
0.699846
0.703402
0.702719
0.703975
0.69683
0.701313
0.706387
0.696247
0.693907
0.699462
0.693381
0.705859
0.696539
0.706336
0.697821
0.7036
0.692411
0.703774
0.695521
0.70415
0.710956
0.698844
0.700127
0.697384
0.711031
0.688252
0.698379
0.696051
0.695625
0.697971
0.693798
0.702089
0.696328
0.699827
0.695363
0.69209
0.699582
0.698519
0.700348
0.701555
0.694526
0.690323
0.705982
0.715157
0.713961
0.704292
0.692696
0.697163
0.703219
0.693804
0.693992
0.697421
0.692901
0.706683
0.703289
0.707026
0.696847
0.701197
0.706685
0.696291
0.700572
0.706231
0.696588
0.696718
0.701341
0.687604
0.700406
0.684993
0.686687
0.695761
0.694308
0.694765
0.688216
0.695572
0.684638
0.697544
0.692091
0.699625
0.688837
0.688221
0.70158
0.712517
0.69949
0.701012
0.697624
0.691356
0.694669
0.693278
0.694994
0.683607
0.694627
0.689699
0.702168
0.697696
0.692143
0.69215
0.689654
0.691907
0.696941
0.685224
0.690831
0.702767
0.686373
0.686876
0.687307
0.690819
0.694545
0.696641
0.7009
0.68967
0.695938
0.697731
0.696065
0.694987
0.693716
0.704455
0.69807
0.694177
0.688784
0.691809
0.688342
0.711649
0.712865
0.696207
0.691839
0.687214
0.69013
0.712063
0.70236
0.687678
0.683083
0.696072
0.693251
0.689158
0.693786
0.703395
0.690942
0.695251
0.688114
0.695963
0.687258
0.686865
0.691398
0.694749
0.687026
0.681772
0.688839
0.696521
0.697997
0.690605
0.694533
0.686476
0.685488
0.691438
0.697279
0.681368
0.68852
0.683497
0.682356
0.688525
0.683228
0.681358
0.688918
0.683478
0.681284
0.688525
0.683449
0.681691
0.688715
0.683873
0.681265
0.688734
0.683176
0.681132
0.689595
0.684649
0.681028
0.688896
0.683096
0.68137
0.689077
0.682988
0.6816
0.689355
0.6836
0.680919
0.688952
0.68327
0.681356
0.688392
0.683143
0.681211
0.688706
0.683499
0.68085
0.688854
0.683243
0.681452
0.689714
0.683495
0.681305
0.690033
0.683143
0.681131
0.688687
0.683248
0.681099
0.68319
0.677959
0.676077
0.683433
0.677638
0.676397
0.683479
0.677721
0.675703
0.683665
0.679975
0.676115
0.68355
0.678068
0.676072
0.683304
0.678235
0.676103
0.683289
0.678132
0.676452
0.684216
0.678094
0.675681
0.683062
0.67792
0.676118
0.68378
0.678024
0.677151
0.683946
0.677854
0.677569
0.683585
0.67802
0.676146
0.683766
0.678166
0.676375
0.683495
0.677791
0.675965
0.683462
0.677729
0.675711
0.68347
0.67781
0.675966
0.683046
0.678169
0.676386
0.68391
0.677877
0.676142
0.683133
0.678049
0.675866
0.683354
0.677824
0.676093
0.683362
0.67817
0.676294
0.683471
0.678051
0.676333
0.684693
0.677948
0.675624
0.683242
0.678114
0.676097
0.683639
0.678558
0.677494
0.683624
0.678274
0.676051
0.683319
0.67761
0.676372
0.683845
0.677922
0.675815
0.683689
0.678091
0.676478
0.683137
0.677992
0.675874
0.678133
0.672467
0.67063
0.678276
0.672337
0.671182
0.678257
0.672527
0.670162
0.67803
0.672452
0.673609
0.678487
0.67223
0.670313
0.678138
0.67262
0.670555
0.678
0.67284
0.670767
0.678794
0.672772
0.670526
0.678287
0.672423
0.670732
0.678254
0.672499
0.671112
0.678013
0.672555
0.67068
0.67822
0.672477
0.670718
0.67833
0.673039
0.672079
0.678398
0.672652
0.670378
0.677932
0.672555
0.67045
0.678235
0.672921
0.67048
0.678044
0.672335
0.671063
0.678993
0.67303
0.670693
0.678234
0.673038
0.670437
0.678008
0.672815
0.672381
0.67787
0.672979
0.670647
0.678228
0.672497
0.671448
0.672692
0.667058
0.665096
0.672659
0.667465
0.66548
0.672187
0.667011
0.665162
0.672579
0.667252
0.66533
0.672742
0.667311
0.667043
0.67403
0.667165
0.665414
0.672611
0.66707
0.665569
0.672732
0.667302
0.665116
0.672839
0.66731
0.664999
0.672724
0.669193
0.665746
0.673178
0.667589
0.665173
0.672442
0.667365
0.665444
0.672723
0.666992
0.664896
0.67299
0.667513
0.665595
0.672701
0.667068
0.665579
0.67302
0.667723
0.665299
0.672501
0.667269
0.66549
0.672663
0.666993
0.665046
0.672937
0.667407
0.665774
0.67254
0.667409
0.665538
0.672836
0.66709
0.665109
0.672912
0.667591
0.665401
0.672399
0.667346
0.665201
0.672723
0.667242
0.665554
0.672717
0.667006
0.665644
0.672935
0.667364
0.665226
0.67278
0.667596
0.665371
0.673211
0.667418
0.66531
0.674206
0.668582
0.665555
0.673091
0.667618
0.665696
0.672651
0.667399
0.665476
0.672843
0.667336
0.665328
0.672717
0.66699
0.665433
0.672774
0.667413
0.665239
0.672254
0.662372
0.660601
0.66784
0.661992
0.659776
0.667511
0.662279
0.660209
0.667343
0.661824
0.659554
0.667217
0.662389
0.659777
0.667018
0.662059
0.660274
0.668019
0.662038
0.659757
0.667353
0.661875
0.66013
0.667081
0.661883
0.659896
0.666956
0.661816
0.660112
0.667343
0.661631
0.660079
0.66791
0.66168
0.66416
0.667394
0.66182
0.661365
0.668509
0.662022
0.65962
0.667102
0.66191
0.659759
0.667373
0.661923
0.660168
0.667389
0.661668
0.659505
0.667267
0.662291
0.659987
0.667192
0.661821
0.659705
0.667463
0.662329
0.660029
0.662225
0.657161
0.655373
0.662556
0.656475
0.654652
0.662081
0.659373
0.654689
0.661906
0.656568
0.654711
0.66217
0.656745
0.65487
0.661944
0.656283
0.654858
0.662502
0.656568
0.654744
0.662391
0.65679
0.65455
0.661892
0.656621
0.654728
0.662369
0.656545
0.655534
0.662245
0.6566
0.654677
0.662468
0.656732
0.656885
0.661644
0.65655
0.654775
0.662376
0.656721
0.654486
0.661795
0.657065
0.654907
0.661606
0.656648
0.655254
0.662831
0.657103
0.654914
0.6621
0.656652
0.654847
0.662035
0.656411
0.654961
0.662198
0.656691
0.654745
0.662168
0.656444
0.654582
0.662551
0.656627
0.654386
0.661832
0.656552
0.654589
0.662493
0.656516
0.654646
0.662177
0.656712
0.654662
0.662376
0.656756
0.655005
0.662731
0.656343
0.654364
0.661783
0.656593
0.654442
0.662273
0.656373
0.65503
0.661858
0.657025
0.654791
0.661652
0.656433
0.657228
0.662514
0.656488
0.654845
0.662045
0.656582
0.654906
0.661943
0.657064
0.654476
0.661793
0.656677
0.65486
0.662414
0.652117
0.650416
0.656742
0.65088
0.649147
0.656654
0.65138
0.649464
0.657009
0.650965
0.64924
0.65677
0.65188
0.649597
0.656657
0.651369
0.64989
0.657309
0.651123
0.64923
0.656444
0.651268
0.649498
0.65636
0.651216
0.649119
0.656769
0.650819
0.649297
0.657168
0.652162
0.649771
0.656352
0.651338
0.649483
0.656527
0.651093
0.649493
0.656513
0.65117
0.649097
0.656541
0.651092
0.650192
0.657919
0.651226
0.649657
0.657378
0.6458
0.644265
0.651134
0.645879
0.643917
0.651206
0.646005
0.643516
0.651284
0.646071
0.643921
0.651977
0.645839
0.644341
0.651311
0.645693
0.644473
0.651361
0.647052
0.643996
0.651103
0.64622
0.643894
0.651024
0.646327
0.644445
0.651598
0.64609
0.644825
0.651723
0.645651
0.644304
0.65143
0.646036
0.643922
0.651253
0.645918
0.643778
0.650971
0.645932
0.64395
0.651435
0.645911
0.644247
0.651643
0.646066
0.643913
0.651402
0.645485
0.644072
0.651008
0.645932
0.643759
0.652892
0.645992
0.644333
0.651785
0.645908
0.644478
0.651948
0.645459
0.644094
0.651166
0.645829
0.643904
0.651195
0.645566
0.64436
0.651449
0.646017
0.644192
0.651636
0.645996
0.644203
0.651648
0.645796
0.643978
0.651458
0.645973
0.644348
0.651101
0.646142
0.643689
0.650949
0.645648
0.644039
0.645835
0.640394
0.639159
0.646333
0.641115
0.639003
0.646102
0.640844
0.638704
0.645924
0.640892
0.638536
0.645985
0.640428
0.638633
0.646358
0.640571
0.639177
0.646573
0.640648
0.638763
0.646271
0.640214
0.638786
0.645879
0.64247
0.638888
0.645831
0.64045
0.638524
0.646014
0.64074
0.639439
0.646299
0.640599
0.639065
0.645954
0.640327
0.638626
0.646675
0.641427
0.638299
0.645855
0.640836
0.638538
0.646291
0.640923
0.638997
0.646512
0.640246
0.63862
0.645934
0.64047
0.638617
0.646247
0.640495
0.638506
0.646043
0.640922
0.638713
0.646053
0.640567
0.638753
0.646405
0.640667
0.639029
0.646036
0.635025
0.633543
0.640705
0.635257
0.633368
0.640549
0.635085
0.633589
0.640994
0.636971
0.633796
0.640937
0.635302
0.633398
0.640313
0.635103
0.635089
0.640841
0.635329
0.633173
0.640448
0.635228
0.633506
0.641079
0.635128
0.633307
0.641229
0.635193
0.633254
0.640606
0.635739
0.634267
0.641112
0.635456
0.632892
0.640617
0.635239
0.633268
0.641156
0.635682
0.633777
0.641324
0.635294
0.63338
0.640603
0.635345
0.63399
0.640669
0.629771
0.62788
0.635051
0.629872
0.628272
0.635707
0.629879
0.628271
0.635786
0.629812
0.6283
0.635343
0.629919
0.62801
0.635553
0.630026
0.627785
0.635363
0.629628
0.627969
0.635234
0.630122
0.628204
0.635522
0.629621
0.62885
0.636291
0.631824
0.628208
0.635049
0.630143
0.627662
0.635426
0.629795
0.628623
0.635829
0.630081
0.628325
0.63556
0.629787
0.628538
0.635501
0.630535
0.628039
0.635564
0.629585
0.627599
0.637634
0.629587
0.628272
0.635093
0.629889
0.628233
0.63556
0.630153
0.628162
0.635854
0.629683
0.62793
0.6352
0.629984
0.62799
0.635236
0.630151
0.627783
0.635609
0.629949
0.628393
0.635696
0.62984
0.628529
0.637036
0.624487
0.622791
0.630037
0.624609
0.622564
0.630186
0.624851
0.622532
0.630227
0.624819
0.623153
0.630362
0.624479
0.623671
0.631445
0.624721
0.622528
0.629467
0.624462
0.62276
0.630117
0.624511
0.622961
0.629978
0.624747
0.62307
0.630281
0.62417
0.623245
0.629804
0.624471
0.622711
0.629778
0.624576
0.622756
0.629924
0.625506
0.622915
0.630615
0.624767
0.6231
0.63053
0.626043
0.622783
0.630249
0.624451
0.622262
0.629794
0.624966
0.622356
0.629249
0.624482
0.622866
0.630195
0.62481
0.622962
0.630374
0.624579
0.623894
0.630107
0.624686
0.622808
0.629984
0.624345
0.622561
0.630037
0.624587
0.622753
0.630242
0.624842
0.622819
0.624684
0.619749
0.619197
0.624378
0.619115
0.617264
0.624594
0.619673
0.617262
0.625142
0.619093
0.617224
0.624777
0.619174
0.617672
0.62489
0.61956
0.617681
0.624428
0.619117
0.61749
0.624628
0.619423
0.617062
0.624312
0.619433
0.617383
0.62537
0.619229
0.617599
0.625016
0.619102
0.617562
0.624807
0.619314
0.617803
0.624462
0.619114
0.616866
0.624977
0.619256
0.617526
0.624569
0.619465
0.617709
0.625074
0.619418
0.61752
0.624697
0.619191
0.617352
0.624643
0.619281
0.621504
0.624256
0.619273
0.617165
0.62478
0.614292
0.612609
0.619508
0.615537
0.613709
0.618987
0.613823
0.611805
0.619443
0.614309
0.612101
0.619525
0.613831
0.612221
0.619499
0.614159
0.612285
0.62029
0.614977
0.612653
0.619433
0.613775
0.612221
0.619048
0.613812
0.611846
0.61927
0.614195
0.612105
0.619213
0.613937
0.612573
0.619674
0.614097
0.612114
0.619489
0.613699
0.612117
0.619038
0.614062
0.611712
0.61951
0.613926
0.612173
0.61926
0.614215
0.612474
0.619673
0.615213
0.611923
0.619256
0.614031
0.612094
0.619127
0.613891
0.611659
0.619774
0.614038
0.61206
0.619729
0.613916
0.612549
0.619765
0.616896
0.612588
0.619547
0.61377
0.611987
0.619465
0.6141
0.611941
0.619355
0.614259
0.61184
0.619397
0.614275
0.612392
0.619414
0.614157
0.612618
0.619542
0.613699
0.611787
0.619056
0.613761
0.611905
0.619074
0.613941
0.612079
0.619866
0.613956
0.612335
0.619516
0.614907
0.612477
0.619093
0.608821
0.606807
0.614027
0.608585
0.606666
0.613636
0.608585
0.606535
0.614187
0.608763
0.607197
0.614143
0.60877
0.606835
0.61401
0.6086
0.606737
0.613879
0.608587
0.606474
0.613971
0.608427
0.606724
0.614424
0.608532
0.606957
0.614744
0.610221
0.608261
0.613915
0.608588
0.606569
0.614085
0.608491
0.606563
0.614231
0.608894
0.60628
0.614033
0.608376
0.606995
0.614467
0.608658
0.607681
0.613798
0.608257
0.606727
0.614335
0.608618
0.606809
0.613807
0.608884
0.606485
0.614088
0.608855
0.606856
0.614585
0.608567
0.606512
0.61402
0.608764
0.606542
0.6139
0.60886
0.606408
0.613627
0.603379
0.601241
0.608989
0.603098
0.601891
0.609274
0.603165
0.601799
0.608412
0.603207
0.601236
0.608866
0.603469
0.601243
0.608483
0.603772
0.601314
0.608713
0.603232
0.601905
0.608752
0.603282
0.603365
0.608254
0.603102
0.60144
0.60838
0.603347
0.601215
0.608281
0.603626
0.601436
0.609056
0.603374
0.601804
0.609058
0.603445
0.603061
0.608578
0.603438
0.60158
0.608975
0.603661
0.600984
0.608642
0.603587
0.601396
0.609234
0.603183
0.601692
0.609348
0.60316
0.60158
0.608561
0.603129
0.601238
0.609044
0.603404
0.601331
0.608621
0.603505
0.601514
0.608781
0.6037
0.601758
0.609399
0.603331
0.601706
0.60874
0.603329
0.601572
0.60901
0.60326
0.601077
0.608652
0.603367
0.601442
0.609139
0.603561
0.601342
0.609023
0.60308
0.601735
0.604894
0.597915
0.595919
0.602915
0.59809
0.595864
0.603436
0.597914
0.595807
0.603506
0.598292
0.596262
0.603634
0.597972
0.596375
0.603322
0.597863
0.595741
0.603262
0.597887
0.596068
0.603299
0.598102
0.595908
0.60365
0.597738
0.596354
0.603775
0.598114
0.596127
0.603559
0.598071
0.596143
0.603237
0.598219
0.595799
0.603294
0.59818
0.59721
0.603299
0.59838
0.596118
0.603616
0.598035
0.596108
0.603758
0.597907
0.596499
0.603535
0.598214
0.595585
0.603495
0.598521
0.596229
0.603759
0.598211
0.596403
0.603361
0.592447
0.590867
0.598038
0.594532
0.590843
0.597384
0.59433
0.592472
0.597819
0.592409
0.590634
0.598063
0.592461
0.590995
0.597942
0.592442
0.591381
0.597745
0.593322
0.591452
0.597593
0.592478
0.590784
0.597947
0.592254
0.590845
0.59791
0.59262
0.591181
0.598282
0.592086
0.591295
0.597541
0.592441
0.590965
0.597566
0.592464
0.590719
0.597412
0.592553
0.591068
0.597961
0.592293
0.590979
0.597915
0.592251
0.59099
0.597889
0.592692
0.591146
0.597728
0.59229
0.590828
0.597512
0.592471
0.590758
0.598553
0.592822
0.591022
0.598421
0.59208
0.590885
0.598005
0.592338
0.591762
0.598757
0.592536
0.590873
0.597635
0.592652
0.590886
0.597907
0.592224
0.590929
0.597991
0.592137
0.590983
0.597715
0.592226
0.590644
0.597879
0.592718
0.590835
0.597637
0.592592
0.590755
0.597891
0.592565
0.585908
0.592776
0.587061
0.585442
0.592335
0.587212
0.585766
0.592504
0.587256
0.585281
0.592118
0.587137
0.585366
0.592643
0.587243
0.585503
0.593157
0.586788
0.585504
0.592314
0.587015
0.585683
0.592033
0.587379
0.585171
0.592046
0.587197
0.585628
0.592807
0.587187
0.585748
0.592642
0.586812
0.58556
0.592612
0.586877
0.585538
0.592414
0.588553
0.586822
0.592524
0.587138
0.585566
0.592524
0.587293
0.585603
0.592493
0.586951
0.580619
0.586958
0.581679
0.580573
0.58699
0.582013
0.580678
0.587006
0.581453
0.580378
0.586775
0.582
0.614971
0.589152
0.581408
0.580388
0.586672
0.581862
0.580264
0.586841
0.581897
0.580084
0.588673
0.584226
0.581922
0.589468
0.581847
0.583253
0.587445
0.582077
0.582207
0.587303
0.581605
0.580802
0.588586
0.581876
0.579792
0.587763
0.583608
0.582001
0.587538
0.581825
0.580283
0.587304
0.582484
0.581676
0.588459
0.581412
0.580442
0.586921
0.582705
0.579834
0.587088
0.58362
0.580338
0.586893
0.581925
0.580236
0.587187
0.581523
0.580386
0.58731
0.581548
0.582506
0.586966
0.581705
0.580333
0.587029
0.582069
0.580363
0.587467
0.581815
0.580071
0.587928
0.581548
0.579868
0.58712
0.583685
0.580427
0.587078
0.582204
0.579928
0.586963
0.581626
0.580336
0.587446
0.581984
0.58037
0.587376
0.581467
0.580383
0.587216
0.581791
0.579868
0.587594
0.583995
0.579769
0.587216
0.581588
0.58002
0.587183
0.581956
0.580391
0.587426
0.581737
0.580256
0.586912
0.581568
0.580053
0.58172
0.576726
0.574656
0.581514
0.576474
0.574921
0.581861
0.576685
0.575426
0.583311
0.576221
0.574681
0.581884
0.576348
0.574458
0.581554
0.576646
0.574898
0.581894
0.576676
0.574864
0.582127
0.576476
0.575027
0.581908
0.576169
0.575111
0.581613
0.57649
0.574881
0.581681
0.576761
0.574532
0.581539
0.576426
0.574667
0.581777
0.576771
0.575111
0.58323
0.57641
0.574894
0.581756
0.576396
0.574682
0.583249
0.576529
0.574678
0.581547
0.576452
0.574545
0.581949
0.576573
0.574948
0.581745
0.575981
0.574467
0.581663
0.570758
0.570955
0.576219
0.571546
0.569449
0.57655
0.571217
0.56939
0.576967
0.571129
0.570076
0.576507
0.570933
0.569292
0.576293
0.570804
0.569424
