717.638
107.366
147.043
29.5574
63.8413
54.5225
51.2393
45.9368
41.266
37.5894
34.2239
30.9485
27.9782
110.504
1.09183
25.4056
18.8316
14.7869
13.8971
13.673
13.4983
13.0994
12.4717
11.6073
10.7368
9.8773
9.07655
8.50631
7.81125
7.34371
6.82704
6.4259
6.08332
5.72958
5.39977
5.17186
4.9238
4.69779
4.46423
4.2953
4.11176
3.93905
3.81305
3.70402
3.52827
3.4273
3.37362
3.2384
3.17839
3.07045
3.01264
2.89666
2.8975
2.77298
2.71507
2.72159
2.60345
2.60746
2.5378
2.48617
2.42766
2.42716
2.37957
2.36574
2.31532
2.25839
2.25894
2.1918
2.20373
2.18996
2.14149
2.0795
2.08602
2.02258
2.08203
1.96045
1.96271
1.97661
1.95699
1.91011
1.84779
1.90504
1.84313
1.79317
1.7872
1.79184
1.73739
1.73018
1.72817
1.66826
1.67436
1.66616
1.61484
1.60899
1.61624
1.56318
1.5545
1.54946
1.49294
1.49029
1.49233
1.42764
1.42621
1.42964
1.43427
1.3727
1.37775
1.31502
1.3756
1.31914
1.32036
1.30726
1.25478
1.2516
1.2591
1.26393
1.19762
1.25535
1.19805
1.13982
1.2023
1.20513
1.13998
1.14057
1.13849
1.14635
1.08276
1.1442
1.0779
1.08972
1.08036
1.08797
1.01954
1.07706
1.02264
1.0349
1.07841
1.02809
1.02526
0.960168
1.02263
1.03845
0.965347
1.02703
0.9635
0.955994
0.96489
0.969039
0.958367
0.959866
0.962291
0.965993
0.96495
0.964222
0.969527
0.965349
0.957989
0.960915
0.975517
0.960641
0.961533
0.975391
0.96055
0.968041
0.962592
0.952496
0.951827
0.959125
0.955508
0.958084
0.956142
0.965511
0.95289
0.965986
0.964644
0.957886
0.964081
0.961456
0.95159
0.958683
0.96188
0.96188
0.954158
0.96911
0.954493
0.959661
0.958688
0.955702
0.956485
0.956495
0.968196
0.956294
0.961864
0.958384
0.963758
0.955965
0.948543
0.951626
0.95861
0.951949
0.958921
0.958987
0.962099
0.957178
0.957118
0.958645
0.963257
0.955262
0.965103
0.958717
0.962626
0.96707
0.956194
0.965322
0.957346
0.96688
0.959669
0.965721
0.954871
0.965568
0.950699
0.960083
0.955132
0.957716
0.953188
0.958789
0.959142
0.9577
0.95582
0.957692
0.957012
0.952337
0.954551
0.954753
0.9548
0.953883
0.960184
0.955192
0.956901
0.959779
0.952479
0.958371
0.955565
0.963349
0.971521
0.949567
0.956599
0.950449
0.967416
0.968169
0.953542
0.962543
0.959253
0.951753
0.950539
0.890081
0.89547
0.88823
0.893404
0.889046
0.892305
0.898868
0.897884
0.904212
0.898636
0.900786
0.89672
0.890366
0.902629
0.887866
0.908492
0.893146
0.889513
0.900171
0.891858
0.902248
0.891842
0.893833
0.894756
0.897285
0.896443
0.895379
0.897139
0.895135
0.895472
0.897835
0.911187
0.903449
0.890525
0.899651
0.903323
0.88895
0.890406
0.896317
0.897518
0.89873
0.895902
0.901101
0.890807
0.89088
0.895337
0.906154
0.892903
0.889857
0.892341
0.889523
0.8808
0.886002
0.897799
0.896679
0.893476
0.886626
0.886216
0.894344
0.887008
0.881397
0.899672
0.892776
0.893961
0.887028
0.897508
0.898316
0.892023
0.884478
0.896127
0.886443
0.892899
0.888752
0.892254
0.888755
0.891696
0.892447
0.896806
0.896874
0.893634
0.890348
0.894502
0.895233
0.896082
0.892844
0.895565
0.896816
0.893075
0.886262
0.883496
0.885347
0.891025
0.887246
0.890497
0.884809
0.884193
0.891268
0.890772
0.890631
0.888542
0.890273
0.891237
0.894298
0.888026
0.892747
0.889505
0.89628
0.887724
0.890848
0.896961
0.884929
0.886676
0.888835
0.892703
0.89199
0.891839
0.88744
0.896667
0.885343
0.893782
0.886713
0.891254
0.89017
0.890914
0.883738
0.888488
0.893773
0.883862
0.881028
0.886419
0.881223
0.894555
0.883522
0.894683
0.88625
0.890644
0.881073
0.892742
0.883164
0.891587
0.898043
0.88657
0.887572
0.887674
0.898102
0.875561
0.885673
0.883398
0.882542
0.88543
0.880803
0.889423
0.883363
0.886852
0.882973
0.879809
0.887787
0.886396
0.887415
0.89021
0.881758
0.877446
0.894685
0.902194
0.901124
0.891627
0.879697
0.884328
0.890454
0.881158
0.881082
0.884519
0.879659
0.894314
0.890208
0.894006
0.884295
0.889314
0.893809
0.8837
0.888665
0.893183
0.88401
0.884817
0.888499
0.875211
0.887303
0.871664
0.874182
0.883099
0.881135
0.882236
0.875378
0.88237
0.872049
0.884631
0.878997
0.887011
0.876467
0.876574
0.888546
0.926282
0.902289
0.888153
0.88586
0.879068
0.883248
0.880397
0.88199
0.870998
0.88214
0.877938
0.891049
0.885608
0.881797
0.87965
0.879504
0.881108
0.886922
0.872499
0.878487
0.891249
0.873689
0.874274
0.874462
0.878564
0.883124
0.883416
0.888396
0.877294
0.883038
0.885459
0.884095
0.882066
0.88108
0.891595
0.887168
0.881338
0.876349
0.878936
0.877823
0.899578
0.900134
0.883075
0.879077
0.874321
0.877348
0.901611
0.889693
0.875792
0.870401
0.883371
0.880531
0.876466
0.88057
0.890442
0.879991
0.882794
0.87659
0.885187
0.874844
0.873558
0.880545
0.881946
0.874406
0.868918
0.876303
0.883454
0.886711
0.878258
0.882202
0.873918
0.872896
0.878318
0.884948
0.868453
0.875484
0.870636
0.869446
0.876313
0.870424
0.868318
0.875843
0.87071
0.868544
0.875365
0.870556
0.868653
0.875541
0.871334
0.868304
0.875826
0.870305
0.868214
0.876631
0.871941
0.868088
0.875701
0.870269
0.868498
0.876545
0.870096
0.868738
0.876215
0.870783
0.867951
0.876049
0.870726
0.868398
0.875376
0.870451
0.868355
0.875632
0.870697
0.868368
0.875703
0.870354
0.868551
0.876633
0.870585
0.86838
0.878641
0.870337
0.868174
0.875675
0.870443
0.868189
0.870101
0.865721
0.863263
0.870204
0.864791
0.863447
0.870321
0.865075
0.862722
0.870724
0.867204
0.864747
0.870651
0.865365
0.863185
0.870131
0.865515
0.863158
0.87016
0.865209
0.863603
0.8711
0.865293
0.862695
0.870101
0.865112
0.863059
0.870903
0.865295
0.864756
0.87085
0.864959
0.865425
0.87045
0.865395
0.86308
0.870687
0.865298
0.86405
0.870543
0.864907
0.863072
0.870544
0.86484
0.862877
0.870356
0.864948
0.863039
0.869919
0.865277
0.86364
0.870733
0.865045
0.863172
0.870068
0.865196
0.862933
0.870362
0.864898
0.863109
0.870259
0.86536
0.863695
0.87039
0.865273
0.863382
0.871616
0.865224
0.862612
0.870335
0.865293
0.863154
0.870628
0.865934
0.865062
0.870449
0.865532
0.863145
0.870278
0.864917
0.863371
0.870619
0.86521
0.862849
0.870676
0.865234
0.864259
0.870212
0.865191
0.862932
0.864958
0.859662
0.857794
0.865167
0.859434
0.858304
0.865144
0.859722
0.85728
0.864968
0.85988
0.860712
0.866659
0.85939
0.857429
0.865007
0.85994
0.85757
0.864987
0.860026
0.857869
0.865714
0.859994
0.857592
0.865839
0.859677
0.857814
0.86537
0.859822
0.858289
0.86491
0.859657
0.857846
0.865049
0.85978
0.857688
0.865313
0.860264
0.859654
0.865364
0.859785
0.857444
0.864971
0.859825
0.857592
0.865189
0.860239
0.857525
0.864816
0.859646
0.858116
0.865885
0.860865
0.857742
0.865336
0.860277
0.857553
0.865215
0.859974
0.859424
0.864744
0.860177
0.857776
0.86515
0.859734
0.858613
0.859856
0.854341
0.852283
0.859592
0.854692
0.852542
0.8593
0.854314
0.852152
0.859553
0.854499
0.852395
0.859707
0.854492
0.854358
0.860801
0.854306
0.85245
0.859653
0.85427
0.852674
0.859832
0.854524
0.852137
0.859742
0.854599
0.852261
0.859401
0.856503
0.852768
0.860103
0.854792
0.852268
0.859449
0.85454
0.852383
0.859667
0.854085
0.852026
0.859858
0.854779
0.852677
0.860219
0.854237
0.852612
0.859879
0.854891
0.852332
0.859595
0.854415
0.852564
0.859835
0.854111
0.852054
0.859777
0.854608
0.853098
0.859407
0.854558
0.85258
0.859689
0.854244
0.852275
0.860103
0.854735
0.852577
0.85946
0.854632
0.852164
0.859587
0.854786
0.852743
0.85981
0.85419
0.852721
0.859747
0.854479
0.852404
0.859974
0.854666
0.852573
0.86029
0.854509
0.852336
0.862436
0.855926
0.852606
0.85997
0.854776
0.852773
0.859561
0.854621
0.852562
0.860011
0.854522
0.852368
0.859772
0.854224
0.852994
0.859674
0.854622
0.852248
0.859334
0.849584
0.847775
0.854814
0.849196
0.846938
0.854731
0.849489
0.847324
0.854359
0.849059
0.846767
0.854032
0.849504
0.846982
0.853865
0.849283
0.847489
0.854979
0.84927
0.846816
0.854364
0.849118
0.847236
0.853992
0.849315
0.846938
0.853821
0.848998
0.847046
0.854174
0.848765
0.847232
0.854786
0.848879
0.851152
0.854517
0.848928
0.848395
0.856215
0.849225
0.846704
0.853989
0.849013
0.846908
0.854171
0.849151
0.847266
0.854186
0.848878
0.846532
0.85435
0.84958
0.847285
0.854816
0.848858
0.846859
0.854365
0.84953
0.847032
0.849116
0.844306
0.842403
0.849482
0.843529
0.841729
0.849153
0.84684
0.841754
0.849001
0.84373
0.841787
0.84903
0.844056
0.841976
0.848775
0.843562
0.841866
0.849447
0.843749
0.841803
0.849522
0.84425
0.841622
0.848919
0.84388
0.841818
0.849118
0.84378
0.842539
0.849196
0.843734
0.841703
0.849326
0.843887
0.843836
0.848791
0.843812
0.841807
0.849522
0.843939
0.8415
0.848707
0.84431
0.841916
0.848673
0.843869
0.842308
0.84976
0.844313
0.842742
0.849279
0.843926
0.841849
0.84923
0.843561
0.841993
0.849096
0.844006
0.841749
0.849128
0.843602
0.841638
0.849441
0.844256
0.841996
0.849038
0.843652
0.841723
0.849535
0.843783
0.841505
0.849188
0.843931
0.841819
0.849273
0.843962
0.84204
0.849947
0.843564
0.841444
0.848744
0.843869
0.841596
0.849219
0.843558
0.841993
0.848592
0.84418
0.841864
0.848686
0.843599
0.844307
0.84952
0.843619
0.841835
0.849103
0.843722
0.841895
0.849034
0.844219
0.841547
0.848724
0.843925
0.842056
0.84931
0.839262
0.838109
0.843584
0.838023
0.836333
0.843613
0.838549
0.836654
0.844092
0.838376
0.83634
0.843669
0.839104
0.836548
0.843615
0.838927
0.836874
0.844137
0.838316
0.836125
0.843511
0.838475
0.836642
0.843549
0.83837
0.836064
0.843682
0.838041
0.836416
0.84414
0.839545
0.836858
0.843206
0.838433
0.836289
0.843654
0.838338
0.836578
0.843557
0.838371
0.836243
0.843559
0.838313
0.837202
0.84539
0.838453
0.83675
0.844287
0.833111
0.831333
0.838197
0.833095
0.830957
0.838362
0.833206
0.830623
0.838195
0.83321
0.831159
0.838888
0.832945
0.831401
0.838211
0.832883
0.83147
0.838501
0.834629
0.831023
0.838173
0.83341
0.83101
0.837919
0.833581
0.831558
0.838487
0.833303
0.831923
0.838588
0.832871
0.831326
0.838614
0.833236
0.830973
0.838319
0.833138
0.830922
0.837875
0.833384
0.830887
0.838337
0.833113
0.831225
0.838487
0.833308
0.830901
0.838475
0.832586
0.831169
0.838017
0.833255
0.830814
0.841108
0.833393
0.831527
0.838629
0.832934
0.831465
0.838802
0.832603
0.83115
0.838187
0.832991
0.830861
0.838378
0.832728
0.831367
0.838443
0.833221
0.831275
0.838516
0.83322
0.831231
0.838514
0.833003
0.830963
0.838405
0.833107
0.831848
0.83822
0.833426
0.831093
0.837746
0.832808
0.831346
0.832687
0.827526
0.82612
0.833179
0.828702
0.826104
0.833213
0.828048
0.82584
0.832994
0.828082
0.825703
0.832859
0.827868
0.825707
0.833193
0.827764
0.826242
0.833466
0.829209
0.825752
0.833304
0.827287
0.825782
0.832932
0.829746
0.825884
0.832835
0.827662
0.825618
0.832846
0.827899
0.826492
0.833167
0.827786
0.826142
0.832935
0.82742
0.825696
0.833709
0.829256
0.825326
0.832678
0.827995
0.825667
0.833177
0.828113
0.826058
0.833435
0.827343
0.825656
0.833073
0.827653
0.825571
0.83345
0.827811
0.825525
0.832914
0.828136
0.825774
0.832907
0.827828
0.825894
0.833388
0.827853
0.825997
0.833146
0.822268
0.820642
0.828011
0.822509
0.82031
0.827583
0.822254
0.820682
0.827894
0.824208
0.821
0.827899
0.822527
0.820351
0.827378
0.822249
0.822843
0.828109
0.822555
0.820247
0.827345
0.822443
0.820705
0.827884
0.822355
0.820356
0.828165
0.822399
0.820293
0.827776
0.822963
0.821878
0.828164
0.822682
0.819937
0.827569
0.822514
0.820385
0.828077
0.822934
0.820911
0.828114
0.822448
0.820318
0.827661
0.822491
0.821426
0.827798
0.816871
0.814879
0.821953
0.81711
0.815358
0.822514
0.817142
0.815344
0.822626
0.816955
0.815454
0.822408
0.8175
0.815073
0.822797
0.817171
0.814817
0.822157
0.816756
0.815156
0.822229
0.817253
0.815431
0.822342
0.816752
0.815875
0.823447
0.81921
0.815244
0.822162
0.817374
0.814717
0.822393
0.816916
0.815701
0.822583
0.817286
0.815405
0.822509
0.816988
0.815549
0.822484
0.81848
0.815169
0.822588
0.816781
0.814778
0.824626
0.816765
0.815395
0.821968
0.817016
0.815385
0.822492
0.817378
0.815269
0.823229
0.816897
0.815038
0.822359
0.817166
0.815041
0.822168
0.817355
0.814817
0.822365
0.81704
0.815586
0.822627
0.816904
0.815571
0.824323
0.811802
0.809931
0.817118
0.811847
0.809608
0.817104
0.812036
0.809519
0.817126
0.811993
0.810242
0.817192
0.811631
0.810707
0.819484
0.811977
0.809643
0.816423
0.811638
0.809839
0.816992
0.811668
0.809871
0.816904
0.8119
0.810153
0.817175
0.811369
0.810227
0.817104
0.811594
0.809789
0.81683
0.811668
0.80965
0.81693
0.812728
0.809818
0.817476
0.811969
0.810079
0.817426
0.813212
0.809941
0.817491
0.811649
0.809307
0.816919
0.812206
0.80948
0.816276
0.811631
0.80995
0.817153
0.811845
0.810154
0.81734
0.811772
0.811282
0.817225
0.811859
0.809872
0.817106
0.811621
0.809508
0.81692
0.8118
0.80978
0.817198
0.812155
0.80984
0.811617
0.806877
0.806713
0.811448
0.806315
0.80433
0.81162
0.806938
0.804374
0.812054
0.806174
0.804277
0.811746
0.806461
0.804782
0.811884
0.806787
0.805339
0.811629
0.806262
0.804517
0.811436
0.806608
0.804072
0.811209
0.806568
0.80433
0.812213
0.806399
0.804656
0.811807
0.806219
0.804791
0.811879
0.806563
0.804845
0.811557
0.806284
0.804099
0.811917
0.806428
0.804488
0.811298
0.80666
0.804799
0.811852
0.806585
0.804666
0.81172
0.806387
0.804428
0.811645
0.806593
0.80859
0.811221
0.806355
0.804286
0.811633
0.80155
0.799612
0.806451
0.802648
0.800782
0.80598
0.801099
0.798862
0.806525
0.801598
0.79922
0.806443
0.800895
0.799236
0.806369
0.801361
0.799262
0.807135
0.802083
0.800417
0.806596
0.801001
0.79939
0.806079
0.80106
0.798888
0.806328
0.801324
0.799168
0.806044
0.801118
0.799699
0.806605
0.801254
0.799315
0.806528
0.800783
0.799245
0.80624
0.801307
0.798635
0.806432
0.801176
0.799118
0.806126
0.801527
0.799557
0.806655
0.802279
0.799071
0.806214
0.801199
0.799207
0.806052
0.801197
0.798663
0.806683
0.801225
0.799185
0.806717
0.801055
0.799691
0.806768
0.804232
0.799644
0.806528
0.800944
0.799114
0.806596
0.801364
0.799045
0.806272
0.801477
0.798792
0.806312
0.80138
0.799559
0.806291
0.801329
0.800364
0.806666
0.800775
0.798753
0.806227
0.800986
0.799041
0.806039
0.801237
0.798983
0.806764
0.801144
0.799394
0.806612
0.802041
0.799871
0.806198
0.796005
0.793869
0.801067
0.795809
0.7936
0.800669
0.795787
0.793539
0.801094
0.795912
0.794331
0.801055
0.796052
0.794026
0.801098
0.795749
0.793747
0.800948
0.795746
0.793436
0.800869
0.795613
0.793724
0.801382
0.79588
0.794013
0.801687
0.797321
0.795229
0.80109
0.795666
0.793618
0.801102
0.795704
0.793702
0.801127
0.79612
0.793276
0.800879
0.795569
0.794055
0.801381
0.795841
0.795309
0.800838
0.795488
0.793651
0.801464
0.795842
0.793983
0.801335
0.796045
0.793481
0.800897
0.795933
0.793899
0.801458
0.795763
0.793632
0.801095
0.795986
0.793571
0.800921
0.796084
0.793405
0.800461
0.790652
0.7882
0.795937
0.79038
0.78909
0.796189
0.790394
0.789201
0.795421
0.79043
0.788102
0.795814
0.790776
0.788283
0.79537
0.790941
0.788234
0.795576
0.790396
0.788945
0.795646
0.790466
0.791149
0.79528
0.79024
0.788361
0.795393
0.790554
0.788337
0.795249
0.790776
0.788521
0.796048
0.790523
0.788878
0.795908
0.790736
0.790088
0.796385
0.790637
0.788543
0.796032
0.790865
0.787994
0.795515
0.791188
0.788447
0.796066
0.790389
0.788744
0.796276
0.79033
0.788576
0.795832
0.790217
0.788411
0.796168
0.790541
0.788409
0.795433
0.790715
0.788583
0.795694
0.790804
0.788817
0.796235
0.790532
0.788748
0.796045
0.790483
0.788578
0.796109
0.790398
0.788154
0.795626
0.790459
0.788543
0.796096
0.790835
0.788437
0.795857
0.790358
0.788839
0.793767
0.785137
0.783077
0.78998
0.785437
0.783028
0.790355
0.785315
0.78292
0.790376
0.785445
0.783347
0.790452
0.785066
0.783359
0.791049
0.785052
0.782826
0.79038
0.785054
0.783095
0.790366
0.785364
0.782915
0.79057
0.784961
0.783466
0.790737
0.785274
0.783051
0.790681
0.785326
0.783216
0.790327
0.785389
0.782835
0.790137
0.785318
0.784762
0.790171
0.785571
0.783268
0.790499
0.785082
0.783398
0.790828
0.785295
0.783511
0.790629
0.785315
0.782627
0.790553
0.785942
0.783373
0.790684
0.785399
0.783485
0.790493
0.779623
0.777922
0.785124
0.782078
0.777905
0.784557
0.781656
0.780161
0.784962
0.779611
0.777699
0.784914
0.779557
0.778023
0.784876
0.779518
0.778427
0.784878
0.780406
0.77917
0.784682
0.779604
0.777953
0.784934
0.779562
0.777969
0.784874
0.779873
0.77828
0.785172
0.779278
0.778232
0.78469
0.779765
0.778247
0.784677
0.779771
0.777839
0.784259
0.779814
0.778078
0.784888
0.779542
0.778061
0.784798
0.779474
0.777995
0.785066
0.780097
0.778224
0.7849
0.779483
0.777911
0.784406
0.779607
0.777731
0.785419
0.780043
0.778192
0.785348
0.779326
0.777921
0.785108
0.779492
0.778823
0.786735
0.779789
0.778025
0.784642
0.779794
0.777905
0.784765
0.779218
0.778032
0.784842
0.779286
0.778028
0.784724
0.779319
0.777668
0.785647
0.780017
0.777951
0.784573
0.779792
0.777789
0.78488
0.779864
0.772951
0.779635
0.77433
0.772463
0.779503
0.774482
0.772821
0.779669
0.77461
0.772372
0.778989
0.774209
0.772447
0.779482
0.774447
0.772477
0.780108
0.773835
0.772522
0.779387
0.774256
0.772835
0.779129
0.774799
0.77219
0.778752
0.774385
0.772676
0.779726
0.774308
0.772802
0.779538
0.774069
0.772452
0.779584
0.774081
0.772644
0.77948
0.77585
0.774016
0.779555
0.774355
0.772661
0.779452
0.7745
0.77269
0.779401
0.77417
0.767562
0.774077
0.768812
0.7676
0.774055
0.769314
0.768985
0.773885
0.768715
0.76741
0.773578
0.769128
0.802464
0.777058
0.768707
0.767482
0.773682
0.768973
0.767308
0.77393
0.768977
0.767183
0.777282
0.771919
0.769827
0.778046
0.76949
0.770607
0.775109
0.769428
0.770059
0.775081
0.768974
0.767957
0.776492
0.769348
0.767037
0.776056
0.770896
0.769017
0.775149
0.768964
0.767412
0.774429
0.769775
0.768827
0.775546
0.7693
0.767484
0.77417
0.769929
0.767123
0.77404
0.770929
0.767441
0.774426
0.769073
0.767376
0.774208
0.768672
0.767327
0.77453
0.768731
0.769691
0.774149
0.768894
0.768459
0.773926
0.769104
0.76736
0.774472
0.768919
0.767062
0.774727
0.768882
0.766895
0.775061
0.771052
0.767449
0.774151
0.769358
0.767612
0.773818
0.768951
0.767379
0.774227
0.769361
0.767515
0.774331
0.768642
0.767731
0.77429
0.76899
0.766865
0.774767
0.771118
0.766844
0.774006
0.768531
0.767059
0.774711
0.769143
0.767403
0.774126
0.768905
0.767465
0.774116
0.768803
0.767251
0.768747
0.763999
0.761655
0.768523
0.763671
0.761976
0.769616
0.763761
0.762456
0.771614
0.763364
0.761724
0.769007
0.763635
0.761444
0.769378
0.763865
0.762095
0.768835
0.763857
0.762067
0.768947
0.763652
0.762239
0.768865
0.763407
0.762197
0.768765
0.763758
0.761907
0.768708
0.764085
0.76183
0.768508
0.763586
0.761611
0.768685
0.763979
0.762207
0.771411
0.763748
0.762034
0.768854
0.763508
0.761766
0.770385
0.763673
0.762157
0.768576
0.763651
0.761713
0.768721
0.763799
0.762119
0.768722
0.763123
0.761433
0.768723
0.757992
0.758111
0.763753
0.758653
0.756492
0.763359
0.758403
0.756499
0.763809
0.758318
0.75712
0.763543
0.758182
0.756285
0.763544
0.758032
0.756607
