4.02006
2.48513
2.03808
1.73952
1.39774
1.07041
0.790365
0.564267
-0.404131
-0.396164
-0.38863
-0.381481
-0.374679
-0.368191
-0.361989
-0.356049
-0.350349
-0.344871
-0.339599
-0.334517
-0.329612
-0.324873
-0.320289
-0.315851
-0.31155
-0.307379
-0.303329
-0.299395
-0.295571
-0.291851
-0.28823
-0.284704
-0.281268
-0.277918
-0.27465
-0.271462
-0.26835
-0.26531
-0.262341
-0.259438
-0.256601
-0.253826
-0.251112
-0.248455
-0.245855
-0.243309
-0.240816
-0.238373
-0.23598
-0.233634
-0.231334
-0.229079
-0.226868
-0.224698
-0.22257
-0.220481
-0.218431
-0.216419
-0.214442
-0.212502
-0.210595
-0.208723
-0.206882
-0.205074
-0.203297
-0.20155
-0.199832
-0.198144
-0.196483
-0.194849
-0.193242
-0.191661
-0.190105
-0.188573
-0.187066
-0.185582
-0.18412
-0.182682
-0.181265
-0.179869
-0.178494
-0.17714
-0.175805
-0.17449
-0.173194
-0.171917
-0.170658
-0.169417
-0.168193
-0.166986
-0.165796
-0.164622
-0.163464
-0.162322
-0.161195
-0.160083
-0.158986
-0.157903
-0.156834
-0.155779
-0.154738
-0.15371
-0.152695
-0.151693
-0.150703
-0.149726
-0.148761
-0.147807
-0.146865
-0.145935
-0.145016
-0.144108
-0.143211
-0.142324
-0.141447
-0.140581
-0.139725
-0.138878
-0.138042
-0.137214
-0.136396
-0.135587
-0.134787
-0.133996
-0.133213
-0.132439
-0.131673
-0.130916
-0.130167
-0.129425
-0.128692
-0.127966
-0.127247
-0.126536
-0.125833
-0.125137
-0.124447
-0.123765
-0.12309
-0.122421
-0.121759
-0.121103
-0.120454
-0.119812
-0.119175
-0.118545
-0.117921
-0.117303
-0.11669
-0.116084
-0.115483
-0.114888
-0.114298
-0.113714
-0.113136
-0.112562
-0.111994
-0.111431
-0.110873
-0.11032
-0.109772
-0.109229
-0.108691
-0.108157
-0.107628
-0.107104
-0.106584
-0.106069
-0.105558
-0.105052
-0.10455
-0.104052
-0.103558
-0.103069
-0.102583
-0.102102
-0.101624
-0.101151
-0.100681
-0.100216
-0.0997536
-0.0992954
-0.0988409
-0.09839
-0.0979428
-0.0974991
-0.0970589
-0.0966222
-0.0961889
-0.095759
-0.0953324
-0.0949092
-0.0944892
-0.0940724
-0.0936589
-0.0932485
-0.0928412
-0.0924369
-0.0920358
-0.0916376
-0.0912424
-0.0908502
-0.0904608
-0.0900744
-0.0896907
-0.0893099
-0.0889319
-0.0885566
-0.088184
-0.0878141
-0.0874468
-0.0870822
-0.0867202
-0.0863608
-0.0860039
-0.0856495
-0.0852976
-0.0849481
-0.0846011
-0.0842565
-0.0839143
-0.0835745
-0.083237
-0.0829017
-0.0825688
-0.0822382
-0.0819097
-0.0815835
-0.0812595
-0.0809377
-0.080618
-0.0803004
-0.0799849
-0.0796716
-0.0793602
-0.079051
-0.0787437
-0.0784385
-0.0781352
-0.0778339
-0.0775346
-0.0772371
-0.0769416
-0.076648
-0.0763562
-0.0760663
-0.0757782
-0.075492
-0.0752075
-0.0749248
-0.0746439
-0.0743647
-0.0740873
-0.0738116
-0.0735376
-0.0732653
-0.0729946
-0.0727256
-0.0724582
-0.0721925
-0.0719284
-0.0716658
-0.0714049
-0.0711455
-0.0708876
-0.0706313
-0.0703766
-0.0701233
-0.0698715
-0.0696213
-0.0693724
-0.0691251
-0.0688792
-0.0686347
-0.0683916
-0.06815
-0.0679097
-0.0676709
-0.0674334
-0.0671972
-0.0669625
-0.066729
-0.0664969
-0.0662661
-0.0660366
-0.0658084
-0.0655814
-0.0653558
-0.0651314
-0.0649082
-0.0646863
-0.0644656
-0.0642462
-0.0640279
-0.0638109
-0.063595
-0.0633803
-0.0631668
-0.0629545
-0.0627433
-0.0625332
-0.0623243
-0.0621165
-0.0619098
-0.0617042
-0.0614997
-0.0612964
-0.061094
-0.0608928
-0.0606926
-0.0604935
-0.0602954
-0.0600984
-0.0599024
-0.0597074
-0.0595135
-0.0593205
-0.0591286
-0.0589376
-0.0587476
-0.0585586
-0.0583706
-0.0581835
-0.0579974
-0.0578122
-0.057628
-0.0574447
-0.0572623
-0.0570809
-0.0569003
-0.0567207
-0.056542
-0.0563641
-0.0561872
-0.0560111
-0.0558359
-0.0556616
-0.0554881
-0.0553155
-0.0551437
-0.0549728
-0.0548027
-0.0546335
-0.054465
-0.0542974
-0.0541306
-0.0539646
-0.0537994
-0.053635
-0.0534714
-0.0533086
-0.0531465
-0.0529852
-0.0528247
-0.052665
-0.052506
-0.0523478
-0.0521903
-0.0520335
-0.0518775
-0.0517222
-0.0515677
-0.0514139
-0.0512607
-0.0511083
-0.0509566
-0.0508056
-0.0506553
-0.0505057
-0.0503568
-0.0502086
-0.050061
-0.0499141
-0.0497679
-0.0496224
-0.0494775
-0.0493333
-0.0491897
-0.0490468
-0.0489045
-0.0487628
-0.0486218
-0.0484814
-0.0483417
-0.0482025
-0.048064
-0.0479261
-0.0477888
-0.0476522
-0.0475161
-0.0473806
-0.0472457
-0.0471114
-0.0469777
-0.0468446
-0.0467121
-0.0465801
-0.0464487
-0.0463179
-0.0461876
-0.0460579
-0.0459288
-0.0458002
-0.0456722
-0.0455447
-0.0454178
-0.0452914
-0.0451655
-0.0450402
-0.0449154
-0.0447912
-0.0446674
-0.0445442
-0.0444215
-0.0442993
-0.0441777
-0.0440565
-0.0439358
-0.0438157
-0.043696
-0.0435769
-0.0434582
-0.0433401
-0.0432224
-0.0431052
-0.0429885
-0.0428722
-0.0427565
-0.0426412
-0.0425264
-0.042412
-0.0422981
-0.0421847
-0.0420718
-0.0419593
-0.0418472
-0.0417356
-0.0416245
-0.0415138
-0.0414035
-0.0412937
-0.0411843
-0.0410754
-0.0409669
-0.0408588
-0.0407512
-0.040644
-0.0405372
-0.0404308
-0.0403248
-0.0402193
-0.0401142
-0.0400095
-0.0399052
-0.0398013
-0.0396978
-0.0395947
-0.039492
-0.0393897
-0.0392878
-0.0391863
-0.0390852
-0.0389845
-0.0388842
-0.0387843
-0.0386847
-0.0385855
-0.0384867
-0.0383883
-0.0382902
-0.0381926
-0.0380953
-0.0379983
-0.0379018
-0.0378056
-0.0377097
-0.0376142
-0.0375191
-0.0374243
-0.0373299
-0.0372359
-0.0371422
-0.0370488
-0.0369558
-0.0368631
-0.0367708
-0.0366788
-0.0365872
-0.0364959
-0.0364049
-0.0363143
-0.036224
-0.036134
-0.0360444
-0.0359551
-0.0358661
-0.0357774
-0.0356891
-0.0356011
-0.0355134
-0.035426
-0.035339
-0.0352522
-0.0351658
-0.0350796
-0.0349938
-0.0349083
-0.0348231
-0.0347382
-0.0346536
-0.0345693
-0.0344853
-0.0344016
-0.0343182
-0.0342351
-0.0341523
-0.0340698
-0.0339876
-0.0339057
-0.033824
-0.0337426
-0.0336616
-0.0335808
-0.0335003
-0.03342
-0.0333401
-0.0332604
-0.033181
-0.0331019
-0.0330231
-0.0329445
-0.0328662
-0.0327882
-0.0327104
-0.0326329
-0.0325557
-0.0324787
-0.032402
-0.0323256
-0.0322494
-0.0321735
-0.0320978
-0.0320224
-0.0319473
-0.0318724
-0.0317977
-0.0317234
-0.0316492
-0.0315753
-0.0315017
-0.0314283
-0.0313552
-0.0312823
-0.0312096
-0.0311372
-0.031065
-0.0309931
-0.0309214
-0.03085
-0.0307787
-0.0307078
-0.030637
-0.0305665
-0.0304962
-0.0304262
-0.0303564
-0.0302868
-0.0302174
-0.0301483
-0.0300794
-0.0300107
-0.0299422
-0.029874
-0.029806
-0.0297382
-0.0296706
-0.0296033
-0.0295362
-0.0294692
-0.0294025
-0.0293361
-0.0292698
-0.0292037
-0.0291379
-0.0290722
-0.0290068
-0.0289416
-0.0288766
-0.0288118
-0.0287472
-0.0286828
-0.0286186
-0.0285546
-0.0284909
-0.0284273
-0.0283639
-0.0283007
-0.0282378
-0.028175
-0.0281124
-0.02805
-0.0279878
-0.0279258
-0.027864
-0.0278024
-0.027741
-0.0276798
-0.0276187
-0.0275579
-0.0274972
-0.0274368
-0.0273765
-0.0273164
-0.0272565
-0.0271968
-0.0271372
-0.0270779
-0.0270187
-0.0269597
-0.0269009
-0.0268423
-0.0267838
-0.0267255
-0.0266674
-0.0266095
-0.0265518
-0.0264942
-0.0264368
-0.0263796
-0.0263225
-0.0262657
-0.026209
-0.0261524
-0.0260961
-0.0260399
-0.0259839
-0.025928
-0.0258723
-0.0258168
-0.0257614
-0.0257062
-0.0256512
-0.0255964
-0.0255417
-0.0254871
-0.0254328
-0.0253785
-0.0253245
-0.0252706
-0.0252169
-0.0251633
-0.0251099
-0.0250566
-0.0250035
-0.0249506
-0.0248978
-0.0248451
-0.0247926
-0.0247403
-0.0246881
-0.0246361
-0.0245842
-0.0245325
-0.0244809
-0.0244295
-0.0243782
-0.0243271
-0.0242761
-0.0242253
-0.0241746
-0.0241241
-0.0240737
-0.0240234
-0.0239733
-0.0239234
-0.0238736
-0.0238239
-0.0237744
-0.023725
-0.0236757
-0.0236266
-0.0235776
-0.0235288
-0.0234801
-0.0234316
-0.0233832
-0.0233349
-0.0232867
-0.0232387
-0.0231909
-0.0231431
-0.0230955
-0.0230481
-0.0230007
-0.0229535
-0.0229065
-0.0228595
-0.0228127
-0.022766
-0.0227195
-0.0226731
-0.0226268
-0.0225806
-0.0225346
-0.0224887
-0.0224429
-0.0223973
-0.0223518
-0.0223064
-0.0222611
-0.022216
-0.0221709
-0.022126
-0.0220813
-0.0220366
-0.0219921
-0.0219477
-0.0219034
-0.0218592
-0.0218152
-0.0217713
-0.0217275
-0.0216838
-0.0216402
-0.0215968
-0.0215534
-0.0215102
-0.0214671
-0.0214242
-0.0213813
-0.0213385
-0.0212959
-0.0212534
-0.021211
-0.0211687
-0.0211265
-0.0210845
-0.0210425
-0.0210007
-0.020959
-0.0209174
-0.0208759
-0.0208345
-0.0207932
-0.020752
-0.020711
-0.02067
-0.0206292
-0.0205884
-0.0205478
-0.0205073
-0.0204669
-0.0204266
-0.0203864
-0.0203463
-0.0203063
-0.0202664
-0.0202266
-0.0201869
-0.0201474
-0.0201079
-0.0200685
-0.0200293
-0.0199901
-0.0199511
-0.0199121
-0.0198733
-0.0198345
-0.0197959
-0.0197573
-0.0197189
-0.0196805
-0.0196423
-0.0196041
-0.0195661
-0.0195281
-0.0194903
-0.0194525
-0.0194148
-0.0193773
-0.0193398
-0.0193024
-0.0192651
-0.019228
-0.0191909
-0.0191539
-0.019117
-0.0190802
-0.0190435
-0.0190069
-0.0189703
-0.0189339
-0.0188976
-0.0188613
-0.0188252
-0.0187891
-0.0187531
-0.0187173
-0.0186815
-0.0186458
-0.0186102
-0.0185747
-0.0185392
-0.0185039
-0.0184686
-0.0184335
-0.0183984
-0.0183634
-0.0183285
-0.0182937
-0.018259
-0.0182243
-0.0181898
-0.0181553
-0.0181209
-0.0180866
-0.0180524
-0.0180183
-0.0179843
-0.0179503
-0.0179164
-0.0178826
-0.0178489
-0.0178153
-0.0177818
-0.0177483
-0.017715
-0.0176817
-0.0176485
-0.0176153
-0.0175823
-0.0175493
-0.0175164
-0.0174836
-0.0174509
-0.0174183
-0.0173857
-0.0173532
-0.0173208
-0.0172885
-0.0172562
-0.0172241
-0.017192
-0.01716
-0.017128
-0.0170962
-0.0170644
-0.0170327
-0.017001
-0.0169695
-0.016938
-0.0169066
-0.0168753
-0.016844
-0.0168129
-0.0167818
-0.0167507
-0.0167198
-0.0166889
-0.0166581
-0.0166274
-0.0165967
-0.0165662
-0.0165356
-0.0165052
-0.0164748
-0.0164446
-0.0164143
-0.0163842
-0.0163541
-0.0163241
-0.0162942
-0.0162643
-0.0162345
-0.0162048
-0.0161751
-0.0161456
-0.016116
-0.0160866
-0.0160572
-0.0160279
-0.0159987
-0.0159695
-0.0159404
-0.0159114
-0.0158824
-0.0158535
-0.0158247
-0.015796
-0.0157673
-0.0157386
-0.0157101
-0.0156816
-0.0156532
-0.0156248
-0.0155965
-0.0155683
-0.0155401
-0.015512
-0.015484
-0.015456
-0.0154281
-0.0154003
-0.0153725
-0.0153448
-0.0153172
-0.0152896
-0.0152621
-0.0152346
-0.0152072
-0.0151799
-0.0151526
-0.0151254
-0.0150983
-0.0150712
-0.0150442
-0.0150172
-0.0149903
-0.0149635
-0.0149367
-0.01491
-0.0148833
-0.0148568
-0.0148302
-0.0148038
-0.0147774
-0.014751
-0.0147247
-0.0146985
-0.0146723
-0.0146462
-0.0146202
-0.0145942
-0.0145682
-0.0145423
-0.0145165
-0.0144908
-0.0144651
-0.0144394
-0.0144138
-0.0143883
-0.0143628
-0.0143374
-0.0143121
-0.0142868
-0.0142615
-0.0142363
-0.0142112
-0.0141861
-0.0141611
-0.0141361
-0.0141112
-0.0140864
-0.0140616
-0.0140368
-0.0140122
-0.0139875
-0.0139629
-0.0139384
-0.0139139
-0.0138895
-0.0138652
-0.0138409
-0.0138166
-0.0137924
-0.0137683
-0.0137442
-0.0137201
-0.0136961
-0.0136722
-0.0136483
-0.0136245
-0.0136007
-0.013577
-0.0135533
-0.0135297
-0.0135061
-0.0134826
-0.0134591
-0.0134357
-0.0134123
-0.013389
-0.0133658
-0.0133426
-0.0133194
-0.0132963
-0.0132732
-0.0132502
-0.0132272
-0.0132043
-0.0131815
-0.0131586
-0.0131359
-0.0131132
-0.0130905
-0.0130679
-0.0130453
-0.0130228
-0.0130003
-0.0129779
-0.0129555
-0.0129332
-0.0129109
-0.0128887
-0.0128665
-0.0128444
-0.0128223
-0.0128002
-0.0127782
-0.0127563
-0.0127344
-0.0127125
-0.0126907
-0.012669
-0.0126473
-0.0126256
-0.012604
-0.0125824
-0.0125609
-0.0125394
-0.0125179
-0.0124966
-0.0124752
-0.0124539
-0.0124326
-0.0124114
-0.0123903
-0.0123691
-0.0123481
-0.012327
-0.012306
-0.0122851
-0.0122642
-0.0122433
-0.0122225
-0.0122018
-0.012181
-0.0121603
-0.0121397
-0.0121191
-0.0120986
-0.012078
-0.0120576
-0.0120372
-0.0120168
-0.0119964
-0.0119761
-0.0119559
-0.0119357
-0.0119155
-0.0118954
-0.0118753
-0.0118552
-0.0118352
-0.0118153
-0.0117954
-0.0117755
-0.0117556
-0.0117358
-0.0117161
-0.0116964
-0.0116767
-0.0116571
-0.0116375
-0.0116179
-0.0115984
-0.0115789
-0.0115595
-0.0115401
-0.0115208
-0.0115015
-0.0114822
-0.0114629
-0.0114438
-0.0114246
-0.0114055
-0.0113864
-0.0113674
-0.0113484
-0.0113294
-0.0113105
-0.0112916
-0.0112728
-0.011254
-0.0112352
-0.0112165
-0.0111978
-0.0111791
-0.0111605
-0.0111419
-0.0111234
-0.0111049
-0.0110864
-0.011068
-0.0110496
-0.0110313
-0.011013
-0.0109947
-0.0109764
-0.0109582
-0.0109401
-0.0109219
-0.0109038
-0.0108858
-0.0108678
-0.0108498
-0.0108318
-0.0108139
-0.010796
-0.0107782
-0.0107604
-0.0107426
-0.0107249
-0.0107072
-0.0106895
-0.0106719
-0.0106543
-0.0106368
-0.0106192
-0.0106017
-0.0105843
-0.0105669
-0.0105495
-0.0105321
-0.0105148
-0.0104976
-0.0104803
-0.0104631
-0.0104459
-0.0104288
-0.0104117
-0.0103946
-0.0103776
-0.0103606
-0.0103436
-0.0103266
-0.0103097
-0.0102929
-0.010276
-0.0102592
-0.0102424
-0.0102257
-0.010209
-0.0101923
-0.0101757
-0.0101591
-0.0101425
-0.010126
-0.0101094
-0.010093
-0.0100765
-0.0100601
-0.0100437
-0.0100274
-0.0100111
-0.00999477
-0.00997852
-0.00996229
-0.0099461
-0.00992994
-0.00991382
-0.00989772
-0.00988166
-0.00986562
-0.00984962
-0.00983365
-0.00981771
-0.0098018
-0.00978592
-0.00977008
-0.00975426
-0.00973848
-0.00972272
-0.009707
-0.0096913
-0.00967564
-0.00966
-0.0096444
-0.00962883
-0.00961329
-0.00959777
-0.00958229
-0.00956684
-0.00955141
-0.00953602
-0.00952065
-0.00950532
-0.00949001
-0.00947474
-0.00945949
-0.00944428
-0.00942909
-0.00941393
-0.0093988
-0.0093837
-0.00936863
-0.00935358
-0.00933857
-0.00932358
-0.00930863
-0.0092937
-0.0092788
-0.00926393
-0.00924908
-0.00923427
-0.00921948
-0.00920472
-0.00918999
-0.00917529
-0.00916062
-0.00914597
-0.00913135
-0.00911676
-0.0091022
-0.00908766
-0.00907315
-0.00905867
-0.00904422
-0.00902979
-0.0090154
-0.00900102
-0.00898668
-0.00897236
-0.00895807
-0.00894381
-0.00892957
-0.00891537
-0.00890118
-0.00888703
-0.0088729
-0.00885879
-0.00884472
-0.00883067
-0.00881665
-0.00880265
-0.00878868
-0.00877473
-0.00876082
-0.00874692
-0.00873306
-0.00871922
-0.0087054
-0.00869161
-0.00867785
-0.00866411
-0.0086504
-0.00863672
-0.00862306
-0.00860942
-0.00859581
-0.00858223
-0.00856867
-0.00855514
-0.00854163
-0.00852814
-0.00851469
-0.00850125
-0.00848784
-0.00847446
-0.0084611
-0.00844777
-0.00843446
-0.00842117
-0.00840792
-0.00839468
-0.00838147
-0.00836828
-0.00835512
-0.00834198
-0.00832887
-0.00831578
-0.00830272
-0.00828967
-0.00827666
-0.00826366
-0.0082507
-0.00823775
-0.00822483
-0.00821193
-0.00819906
-0.00818621
-0.00817338
-0.00816058
-0.0081478
-0.00813504
-0.00812231
-0.0081096
-0.00809691
-0.00808425
-0.00807161
-0.00805899
-0.0080464
-0.00803383
-0.00802128
-0.00800876
-0.00799625
-0.00798378
-0.00797132
-0.00795889
-0.00794647
-0.00793409
-0.00792172
-0.00790938
-0.00789706
-0.00788476
-0.00787248
-0.00786023
-0.007848
-0.00783579
-0.0078236
-0.00781143
-0.00779929
-0.00778717
-0.00777507
-0.00776299
-0.00775094
-0.0077389
-0.00772689
-0.0077149
-0.00770293
-0.00769098
-0.00767906
-0.00766715
-0.00765527
-0.00764341
-0.00763157
-0.00761975
-0.00760795
-0.00759618
-0.00758442
-0.00757269
-0.00756098
-0.00754928
-0.00753761
-0.00752596
-0.00751433
-0.00750273
-0.00749114
-0.00747957
-0.00746803
-0.0074565
-0.007445
-0.00743351
-0.00742205
-0.00741061
-0.00739918
-0.00738778
-0.0073764
-0.00736504
-0.0073537
-0.00734237
-0.00733107
-0.00731979
-0.00730853
-0.00729729
-0.00728607
-0.00727487
-0.00726369
-0.00725253
-0.00724139
-0.00723026
-0.00721916
-0.00720808
-0.00719702
-0.00718598
-0.00717495
-0.00716395
-0.00715296
-0.007142
-0.00713105
-0.00712013
-0.00710922
-0.00709833
-0.00708746
-0.00707661
-0.00706578
-0.00705497
-0.00704418
-0.00703341
-0.00702265
-0.00701192
-0.0070012
-0.0069905
-0.00697983
-0.00696917
-0.00695853
-0.0069479
-0.0069373
-0.00692671
-0.00691615
-0.0069056
-0.00689507
-0.00688456
-0.00687406
-0.00686359
-0.00685313
-0.0068427
-0.00683228
-0.00682188
-0.00681149
-0.00680113
-0.00679078
-0.00678045
-0.00677014
-0.00675985
-0.00674957
-0.00673931
-0.00672908
-0.00671885
-0.00670865
-0.00669846
-0.0066883
-0.00667815
-0.00666801
-0.0066579
-0.0066478
-0.00663772
-0.00662766
-0.00661761
-0.00660758
-0.00659757
-0.00658758
-0.0065776
-0.00656764
-0.0065577
-0.00654778
-0.00653787
-0.00652798
-0.00651811
-0.00650825
-0.00649841
-0.00648859
-0.00647879
-0.006469
-0.00645923
-0.00644947
-0.00643974
-0.00643002
-0.00642031
-0.00641062
-0.00640095
-0.0063913
-0.00638166
-0.00637204
-0.00636244
-0.00635285
-0.00634328
-0.00633372
-0.00632418
-0.00631466
-0.00630515
-0.00629567
-0.00628619
-0.00627673
-0.00626729
-0.00625787
-0.00624846
-0.00623907
-0.00622969
-0.00622033
-0.00621098
-0.00620166
-0.00619234
-0.00618305
-0.00617376
-0.0061645
-0.00615525
-0.00614602
-0.0061368
-0.0061276
-0.00611841
-0.00610924
-0.00610008
-0.00609094
-0.00608182
-0.00607271
-0.00606362
-0.00605454
-0.00604547
-0.00603643
-0.0060274
-0.00601838
-0.00600938
-0.00600039
-0.00599142
-0.00598246
-0.00597352
-0.0059646
-0.00595569
-0.00594679
-0.00593791
-0.00592905
-0.0059202
-0.00591136
-0.00590254
-0.00589373
-0.00588494
-0.00587617
-0.00586741
-0.00585866
-0.00584993
-0.00584121
-0.00583251
-0.00582382
-0.00581515
-0.00580649
-0.00579785
-0.00578922
-0.0057806
-0.005772
-0.00576341
-0.00575484
-0.00574628
-0.00573774
-0.00572921
-0.0057207
-0.0057122
-0.00570371
-0.00569524
-0.00568678
-0.00567834
-0.00566991
-0.00566149
-0.00565309
-0.00564471
-0.00563633
-0.00562797
-0.00561963
-0.0056113
-0.00560298
-0.00559468
-0.00558639
-0.00557811
-0.00556985
-0.0055616
-0.00555336
-0.00554514
-0.00553694
-0.00552874
-0.00552056
-0.0055124
-0.00550424
-0.0054961
-0.00548798
-0.00547987
-0.00547177
-0.00546368
-0.00545561
-0.00544755
-0.0054395
-0.00543147
-0.00542345
-0.00541545
-0.00540746
-0.00539948
-0.00539151
-0.00538356
-0.00537562
-0.00536769
-0.00535978
-0.00535188
-0.00534399
-0.00533612
-0.00532826
-0.00532041
-0.00531257
-0.00530475
-0.00529694
-0.00528914
-0.00528136
-0.00527359
-0.00526583
-0.00525808
-0.00525035
-0.00524263
-0.00523492
-0.00522723
-0.00521955
-0.00521188
-0.00520422
-0.00519657
-0.00518894
-0.00518132
-0.00517372
-0.00516612
-0.00515854
-0.00515097
-0.00514341
-0.00513587
-0.00512834
-0.00512082
-0.00511331
-0.00510581
-0.00509833
-0.00509086
-0.0050834
-0.00507595
-0.00506852
-0.00506109
-0.00505368
-0.00504629
-0.0050389
-0.00503153
-0.00502416
-0.00501681
-0.00500947
-0.00500215
-0.00499483
-0.00498753
-0.00498024
-0.00497296
-0.0049657
-0.00495844
-0.0049512
-0.00494397
-0.00493675
-0.00492954
-0.00492234
-0.00491516
-0.00490798
-0.00490082
-0.00489367
-0.00488653
-0.00487941
-0.00487229
-0.00486519
-0.0048581
-0.00485101
-0.00484395
-0.00483689
-0.00482984
-0.00482281
-0.00481578
-0.00480877
-0.00480177
-0.00479478
-0.0047878
-0.00478083
-0.00477388
-0.00476693
-0.00476
-0.00475308
-0.00474617
-0.00473926
-0.00473238
-0.0047255
-0.00471863
-0.00471178
-0.00470493
-0.0046981
-0.00469127
-0.00468446
-0.00467766
-0.00467087
-0.00466409
-0.00465732
-0.00465057
-0.00464382
-0.00463708
-0.00463036
-0.00462365
-0.00461694
-0.00461025
-0.00460357
-0.0045969
-0.00459024
-0.00458359
-0.00457695
-0.00457032
-0.0045637
-0.00455709
-0.00455049
-0.00454391
-0.00453733
-0.00453077
-0.00452421
-0.00451767
-0.00451113
-0.00450461
-0.0044981
-0.00449159
-0.0044851
-0.00447862
-0.00447215
-0.00446569
-0.00445924
-0.00445279
-0.00444636
-0.00443994
-0.00443353
-0.00442713
-0.00442074
-0.00441436
-0.00440799
-0.00440163
-0.00439529
-0.00438895
-0.00438262
-0.0043763
-0.00436999
-0.00436369
-0.0043574
-0.00435112
-0.00434485
-0.00433859
-0.00433234
-0.0043261
-0.00431987
-0.00431365
-0.00430744
-0.00430124
-0.00429505
-0.00428887
-0.0042827
-0.00427654
-0.00427039
-0.00426425
-0.00425812
-0.00425199
-0.00424588
-0.00423978
-0.00423368
-0.0042276
-0.00422153
-0.00421546
-0.00420941
-0.00420336
-0.00419733
-0.0041913
-0.00418528
-0.00417927
-0.00417328
-0.00416729
-0.00416131
-0.00415534
-0.00414938
-0.00414343
-0.00413749
-0.00413155
-0.00412563
-0.00411972
-0.00411381
-0.00410792
-0.00410203
-0.00409615
-0.00409029
-0.00408443
-0.00407858
-0.00407274
-0.00406691
-0.00406109
-0.00405527
-0.00404947
-0.00404368
-0.00403789
-0.00403211
-0.00402635
-0.00402059
-0.00401484
-0.0040091
-0.00400337
-0.00399764
-0.00399193
-0.00398623
-0.00398053
-0.00397484
-0.00396917
-0.0039635
-0.00395784
-0.00395218
-0.00394654
-0.00394091
-0.00393528
-0.00392967
-0.00392406
-0.00391846
-0.00391287
-0.00390729
-0.00390172
-0.00389615
-0.0038906
-0.00388505
-0.00387951
-0.00387398
-0.00386846
-0.00386295
-0.00385744
-0.00385195
-0.00384646
-0.00384098
-0.00383551
-0.00383005
-0.0038246
-0.00381916
-0.00381372
-0.00380829
-0.00380287
-0.00379746
-0.00379206
-0.00378667
-0.00378128
-0.0037759
-0.00377053
-0.00376517
-0.00375982
-0.00375448
-0.00374914
-0.00374381
-0.00373849
-0.00373318
-0.00372788
-0.00372258
-0.0037173
-0.00371202
-0.00370675
-0.00370149
-0.00369623
-0.00369099
-0.00368575
-0.00368052
-0.0036753
-0.00367008
-0.00366488
-0.00365968
-0.00365449
-0.00364931
-0.00364413
-0.00363897
-0.00363381
-0.00362866
-0.00362352
-0.00361838
-0.00361326
-0.00360814
-0.00360303
-0.00359792
-0.00359283
-0.00358774
-0.00358266
-0.00357759
-0.00357253
-0.00356747
-0.00356242
-0.00355738
-0.00355235
-0.00354733
-0.00354231
-0.0035373
-0.0035323
-0.0035273
-0.00352232
-0.00351734
-0.00351236
-0.0035074
-0.00350244
-0.0034975
-0.00349256
-0.00348762
-0.0034827
-0.00347778
-0.00347287
-0.00346796
-0.00346307
-0.00345818
-0.0034533
-0.00344842
-0.00344356
-0.0034387
-0.00343385
-0.003429
-0.00342417
-0.00341934
-0.00341451
-0.0034097
-0.00340489
-0.00340009
-0.0033953
-0.00339051
-0.00338574
-0.00338097
-0.0033762
-0.00337145
-0.0033667
-0.00336195
-0.00335722
-0.00335249
-0.00334777
-0.00334306
-0.00333835
-0.00333365
-0.00332896
-0.00332428
-0.0033196
-0.00331493
-0.00331027
-0.00330561
-0.00330096
-0.00329632
-0.00329168
-0.00328706
-0.00328244
-0.00327782
-0.00327321
-0.00326861
-0.00326402
-0.00325943
-0.00325486
-0.00325028
-0.00324572
-0.00324116
-0.00323661
-0.00323206
-0.00322752
-0.00322299
-0.00321847
-0.00321395
-0.00320944
-0.00320494
-0.00320044
-0.00319595
-0.00319147
-0.00318699
-0.00318252
-0.00317806
-0.0031736
-0.00316915
-0.00316471
-0.00316027
-0.00315584
-0.00315142
-0.003147
-0.00314259
-0.00313819
-0.00313379
-0.0031294
-0.00312502
-0.00312064
-0.00311627
-0.00311191
-0.00310755
-0.0031032
-0.00309886
-0.00309452
-0.00309019
-0.00308587
-0.00308155
-0.00307724
-0.00307293
-0.00306863
-0.00306434
-0.00306006
-0.00305578
-0.0030515
-0.00304724
-0.00304298
-0.00303873
-0.00303448
-0.00303024
-0.003026
-0.00302177
-0.00301755
-0.00301334
-0.00300913
-0.00300493
-0.00300073
-0.00299654
-0.00299235
-0.00298818
-0.00298401
-0.00297984
-0.00297568
-0.00297153
-0.00296738
-0.00296324
-0.00295911
-0.00295498
-0.00295086
-0.00294674
-0.00294263
-0.00293853
-0.00293443
-0.00293034
-0.00292625
-0.00292217
-0.0029181
-0.00291403
-0.00290997
-0.00290592
-0.00290187
-0.00289783
-0.00289379
-0.00288976
-0.00288574
-0.00288172
-0.0028777
-0.0028737
-0.0028697
-0.0028657
-0.00286171
-0.00285773
-0.00285375
-0.00284978
-0.00284582
-0.00284186
-0.0028379
-0.00283395
-0.00283001
-0.00282608
-0.00282215
-0.00281822
-0.0028143
-0.00281039
-0.00280648
-0.00280258
-0.00279869
-0.0027948
-0.00279091
-0.00278704
-0.00278316
-0.0027793
-0.00277544
-0.00277158
-0.00276773
-0.00276389
-0.00276005
-0.00275622
-0.00275239
-0.00274857
-0.00274476
-0.00274095
-0.00273714
-0.00273334
-0.00272955
-0.00272576
-0.00272198
-0.00271821
-0.00271443
-0.00271067
-0.00270691
-0.00270316
-0.00269941
-0.00269567
-0.00269193
-0.0026882
-0.00268447
-0.00268075
-0.00267703
-0.00267333
-0.00266962
-0.00266592
-0.00266223
-0.00265854
-0.00265486
-0.00265118
-0.00264751
-0.00264384
-0.00264018
-0.00263653
-0.00263288
-0.00262923
-0.00262559
-0.00262196
-0.00261833
-0.00261471
-0.00261109
-0.00260748
-0.00260387
-0.00260027
-0.00259667
-0.00259308
-0.00258949
-0.00258591
-0.00258234
-0.00257876
-0.0025752
-0.00257164
-0.00256808
-0.00256454
-0.00256099
-0.00255745
-0.00255392
-0.00255039
-0.00254687
-0.00254335
-0.00253983
-0.00253633
-0.00253282
-0.00252932
-0.00252583
-0.00252234
-0.00251886
-0.00251538
-0.00251191
-0.00250844
-0.00250498
-0.00250153
-0.00249807
-0.00249463
-0.00249118
-0.00248775
-0.00248432
-0.00248089
-0.00247747
-0.00247405
-0.00247064
-0.00246723
-0.00246383
-0.00246043
-0.00245704
-0.00245365
-0.00245027
-0.00244689
-0.00244352
-0.00244015
-0.00243679
-0.00243343
-0.00243008
-0.00242673
-0.00242339
-0.00242005
-0.00241672
-0.00241339
-0.00241007
-0.00240675
-0.00240344
-0.00240013
-0.00239682
-0.00239352
-0.00239023
-0.00238694
-0.00238365
-0.00238037
-0.0023771
-0.00237383
-0.00237056
-0.0023673
-0.00236404
-0.00236079
-0.00235755
-0.0023543
-0.00235107
-0.00234783
-0.0023446
-0.00234138
-0.00233816
-0.00233495
-0.00233174
-0.00232853
-0.00232533
-0.00232214
-0.00231895
-0.00231576
-0.00231258
-0.0023094
-0.00230623
-0.00230306
-0.0022999
-0.00229674
-0.00229359
-0.00229044
-0.00228729
-0.00228415
-0.00228102
-0.00227789
-0.00227476
-0.00227164
-0.00226852
-0.00226541
-0.0022623
-0.00225919
-0.00225609
-0.002253
-0.00224991
-0.00224682
-0.00224374
-0.00224066
-0.00223759
-0.00223452
-0.00223146
-0.0022284
-0.00222534
-0.00222229
-0.00221925
-0.0022162
-0.00221317
-0.00221013
-0.0022071
-0.00220408
-0.00220106
-0.00219804
-0.00219503
-0.00219203
-0.00218902
-0.00218603
-0.00218303
-0.00218004
-0.00217706
-0.00217408
-0.0021711
-0.00216813
-0.00216516
-0.00216219
-0.00215923
-0.00215628
-0.00215333
-0.00215038
-0.00214744
-0.0021445
-0.00214157
-0.00213864
-0.00213571
-0.00213279
-0.00212987
-0.00212696
-0.00212405
-0.00212114
-0.00211824
-0.00211535
-0.00211246
-0.00210957
-0.00210668
-0.0021038
-0.00210093
-0.00209806
-0.00209519
-0.00209233
-0.00208947
-0.00208661
-0.00208376
-0.00208091
-0.00207807
-0.00207523
-0.0020724
-0.00206957
-0.00206674
-0.00206392
-0.0020611
-0.00205828
-0.00205547
-0.00205267
-0.00204987
-0.00204707
-0.00204427
-0.00204148
-0.0020387
-0.00203591
-0.00203314
-0.00203036
-0.00202759
-0.00202482
-0.00202206
-0.0020193
-0.00201655
-0.0020138
-0.00201105
-0.00200831
-0.00200557
-0.00200284
-0.0020001
-0.00199738
-0.00199465
-0.00199193
-0.00198922
-0.00198651
-0.0019838
-0.0019811
-0.0019784
-0.0019757
-0.00197301
-0.00197032
-0.00196764
-0.00196495
-0.00196228
-0.0019596
-0.00195694
-0.00195427
-0.00195161
-0.00194895
-0.0019463
-0.00194365
-0.001941
-0.00193836
-0.00193572
-0.00193308
-0.00193045
-0.00192782
-0.0019252
-0.00192258
-0.00191996
-0.00191735
-0.00191474
-0.00191214
-0.00190953
-0.00190694
-0.00190434
-0.00190175
-0.00189916
-0.00189658
-0.001894
-0.00189143
-0.00188885
-0.00188629
-0.00188372
-0.00188116
-0.0018786
-0.00187605
-0.0018735
-0.00187095
-0.00186841
-0.00186587
-0.00186333
-0.0018608
-0.00185827
-0.00185575
-0.00185323
-0.00185071
-0.00184819
-0.00184568
-0.00184318
-0.00184067
-0.00183817
-0.00183568
-0.00183318
-0.00183069
-0.00182821
-0.00182572
-0.00182325
-0.00182077
-0.0018183
-0.00181583
-0.00181337
-0.0018109
-0.00180845
-0.00180599
-0.00180354
-0.00180109
-0.00179865
-0.00179621
-0.00179377
-0.00179134
-0.00178891
-0.00178648
-0.00178406
-0.00178164
-0.00177922
-0.00177681
-0.0017744
-0.00177199
-0.00176959
-0.00176719
-0.0017648
-0.0017624
-0.00176001
-0.00175763
-0.00175525
-0.00175287
-0.00175049
-0.00174812
-0.00174575
-0.00174338
-0.00174102
-0.00173866
-0.00173631
-0.00173395
-0.00173161
-0.00172926
-0.00172692
-0.00172458
-0.00172224
-0.00171991
-0.00171758
-0.00171526
-0.00171293
-0.00171061
-0.0017083
-0.00170598
-0.00170368
-0.00170137
-0.00169907
-0.00169677
-0.00169447
-0.00169218
-0.00168989
-0.0016876
-0.00168532
-0.00168304
-0.00168076
-0.00167848
-0.00167621
-0.00167395
-0.00167168
-0.00166942
-0.00166716
-0.00166491
-0.00166266
-0.00166041
-0.00165816
-0.00165592
-0.00165368
-0.00165144
-0.00164921
-0.00164698
-0.00164476
-0.00164253
-0.00164031
-0.0016381
-0.00163588
-0.00163367
-0.00163146
-0.00162926
-0.00162706
-0.00162486
-0.00162266
-0.00162047
-0.00161828
-0.00161609
-0.00161391
-0.00161173
-0.00160955
-0.00160738
-0.00160521
-0.00160304
-0.00160088
-0.00159872
-0.00159656
-0.0015944
-0.00159225
-0.0015901
-0.00158795
-0.00158581
-0.00158367
-0.00158153
-0.0015794
-0.00157727
-0.00157514
-0.00157301
-0.00157089
-0.00156877
-0.00156665
-0.00156454
-0.00156243
-0.00156032
-0.00155821
-0.00155611
-0.00155401
-0.00155192
-0.00154982
-0.00154773
-0.00154565
-0.00154356
-0.00154148
-0.0015394
-0.00153733
-0.00153526
-0.00153319
-0.00153112
-0.00152905
-0.00152699
-0.00152494
-0.00152288
-0.00152083
-0.00151878
-0.00151673
-0.00151469
-0.00151265
-0.00151061
-0.00150857
-0.00150654
-0.00150451
-0.00150248
-0.00150046
-0.00149844
-0.00149642
-0.0014944
-0.00149239
-0.00149038
-0.00148838
-0.00148637
-0.00148437
-0.00148237
-0.00148037
-0.00147838
-0.00147639
-0.0014744
-0.00147242
-0.00147044
-0.00146846
-0.00146648
-0.00146451
-0.00146254
-0.00146057
-0.0014586
-0.00145664
-0.00145468
-0.00145272
-0.00145077
-0.00144882
-0.00144687
-0.00144492
-0.00144298
-0.00144104
-0.0014391
-0.00143716
-0.00143523
-0.0014333
-0.00143137
-0.00142945
-0.00142753
-0.00142561
-0.00142369
-0.00142177
-0.00141986
-0.00141795
-0.00141605
-0.00141414
-0.00141224
-0.00141035
-0.00140845
-0.00140656
-0.00140467
-0.00140278
-0.00140089
-0.00139901
-0.00139713
-0.00139525
-0.00139338
-0.00139151
-0.00138964
-0.00138777
-0.00138591
-0.00138405
-0.00138219
-0.00138033
-0.00137848
-0.00137663
-0.00137478
-0.00137293
-0.00137109
-0.00136925
-0.00136741
-0.00136557
-0.00136374
-0.00136191
-0.00136008
-0.00135825
-0.00135643
-0.00135461
-0.00135279
-0.00135098
-0.00134916
-0.00134735
-0.00134554
-0.00134374
-0.00134194
-0.00134013
-0.00133834
-0.00133654
-0.00133475
-0.00133296
-0.00133117
-0.00132938
-0.0013276
-0.00132582
-0.00132404
-0.00132227
-0.00132049
-0.00131872
-0.00131695
-0.00131519
-0.00131342
-0.00131166
-0.0013099
-0.00130815
-0.00130639
-0.00130464
-0.00130289
-0.00130115
-0.0012994
-0.00129766
-0.00129592
-0.00129418
-0.00129245
-0.00129072
-0.00128899
-0.00128726
-0.00128554
-0.00128381
-0.00128209
-0.00128038
-0.00127866
-0.00127695
-0.00127524
-0.00127353
-0.00127182
-0.00127012
-0.00126842
-0.00126672
-0.00126502
-0.00126333
-0.00126164
-0.00125995
-0.00125826
-0.00125657
-0.00125489
-0.00125321
-0.00125153
-0.00124986
-0.00124819
-0.00124651
-0.00124485
-0.00124318
-0.00124152
-0.00123985
-0.00123819
-0.00123654
-0.00123488
-0.00123323
-0.00123158
-0.00122993
-0.00122829
-0.00122664
-0.001225
-0.00122336
-0.00122173
-0.00122009
-0.00121846
-0.00121683
-0.0012152
-0.00121358
-0.00121195
-0.00121033
-0.00120871
-0.0012071
-0.00120548
-0.00120387
-0.00120226
-0.00120065
-0.00119905
-0.00119744
-0.00119584
-0.00119424
-0.00119265
-0.00119105
-0.00118946
-0.00118787
-0.00118628
-0.0011847
-0.00118311
-0.00118153
-0.00117995
-0.00117838
-0.0011768
-0.00117523
-0.00117366
-0.00117209
-0.00117052
-0.00116896
-0.0011674
-0.00116584
-0.00116428
-0.00116273
-0.00116117
-0.00115962
-0.00115807
-0.00115653
-0.00115498
-0.00115344
-0.0011519
-0.00115036
-0.00114882
-0.00114729
-0.00114576
-0.00114423
-0.0011427
-0.00114117
-0.00113965
-0.00113813
-0.00113661
-0.00113509
-0.00113358
-0.00113206
-0.00113055
-0.00112904
-0.00112754
-0.00112603
-0.00112453
-0.00112303
-0.00112153
-0.00112003
-0.00111854
-0.00111704
-0.00111555
-0.00111406
-0.00111258
-0.00111109
-0.00110961
-0.00110813
-0.00110665
-0.00110518
-0.0011037
-0.00110223
-0.00110076
-0.00109929
-0.00109783
-0.00109636
-0.0010949
-0.00109344
-0.00109198
-0.00109052
-0.00108907
-0.00108762
-0.00108617
-0.00108472
-0.00108327
-0.00108183
-0.00108039
-0.00107895
-0.00107751
-0.00107607
-0.00107464
-0.0010732
-0.00107177
-0.00107035
-0.00106892
-0.00106749
-0.00106607
-0.00106465
-0.00106323
-0.00106182
-0.0010604
-0.00105899
-0.00105758
-0.00105617
-0.00105476
-0.00105335
-0.00105195
-0.00105055
-0.00104915
-0.00104775
-0.00104636
-0.00104496
-0.00104357
-0.00104218
-0.00104079
-0.00103941
-0.00103802
-0.00103664
-0.00103526
-0.00103388
-0.0010325
-0.00103113
-0.00102976
-0.00102839
-0.00102702
-0.00102565
-0.00102428
-0.00102292
-0.00102156
-0.0010202
-0.00101884
-0.00101748
-0.00101613
-0.00101478
-0.00101343
-0.00101208
-0.00101073
-0.00100939
-0.00100804
-0.0010067
-0.00100536
-0.00100402
-0.00100269
-0.00100135
-0.00100002
-0.00099869
-0.000997362
-0.000996035
-0.00099471
-0.000993386
-0.000992065
-0.000990745
-0.000989427
-0.000988111
-0.000986797
-0.000985484
-0.000984174
-0.000982865
-0.000981558
-0.000980252
-0.000978949
-0.000977647
-0.000976347
-0.000975049
-0.000973752
-0.000972457
-0.000971164
-0.000969873
-0.000968584
-0.000967296
-0.00096601
-0.000964726
-0.000963443
-0.000962163
-0.000960884
-0.000959606
-0.000958331
-0.000957057
-0.000955785
-0.000954515
-0.000953246
-0.00095198
-0.000950714
-0.000949451
-0.000948189
-0.000946929
-0.000945671
-0.000944415
-0.00094316
-0.000941907
-0.000940655
-0.000939406
-0.000938158
-0.000936911
-0.000935667
-0.000934424
-0.000933183
-0.000931943
-0.000930705
-0.000929469
-0.000928234
-0.000927002
-0.000925771
-0.000924541
-0.000923313
-0.000922087
-0.000920863
-0.00091964
-0.000918419
-0.000917199
-0.000915981
-0.000914765
-0.000913551
-0.000912338
-0.000911127
-0.000909917
-0.000908709
-0.000907503
-0.000906298
-0.000905095
-0.000903893
-0.000902694
-0.000901495
-0.000900299
-0.000899104
-0.000897911
-0.000896719
-0.000895529
-0.000894341
-0.000893154
-0.000891969
-0.000890785
-0.000889603
-0.000888423
-0.000887244
-0.000886067
-0.000884891
-0.000883717
-0.000882545
-0.000881374
-0.000880205
-0.000879037
-0.000877871
-0.000876707
-0.000875544
-0.000874383
-0.000873223
-0.000872065
-0.000870908
-0.000869753
-0.0008686
-0.000867448
-0.000866298
-0.000865149
-0.000864002
-0.000862856
-0.000861712
-0.000860569
-0.000859428
-0.000858289
-0.000857151
-0.000856014
-0.00085488
-0.000853746
-0.000852614
-0.000851484
-0.000850355
-0.000849228
-0.000848103
-0.000846978
-0.000845856
-0.000844735
-0.000843615
-0.000842497
-0.00084138
-0.000840265
-0.000839152
-0.00083804
-0.000836929
-0.00083582
-0.000834713
-0.000833607
-0.000832502
-0.000831399
-0.000830298
-0.000829198
-0.000828099
-0.000827002
-0.000825906
-0.000824812
-0.000823719
-0.000822628
-0.000821539
-0.00082045
-0.000819364
-0.000818278
-0.000817195
-0.000816112
-0.000815031
-0.000813952
-0.000812874
-0.000811797
-0.000810722
-0.000809649
-0.000808577
-0.000807506
-0.000806437
-0.000805369
-0.000804302
-0.000803238
-0.000802174
-0.000801112
-0.000800051
-0.000798992
-0.000797934
-0.000796878
-0.000795823
-0.00079477
-0.000793718
-0.000792667
-0.000791618
-0.00079057
-0.000789524
-0.000788479
-0.000787435
-0.000786393
-0.000785352
-0.000784313
-0.000783275
-0.000782238
-0.000781203
-0.000780169
-0.000779137
-0.000778106
-0.000777076
-0.000776048
-0.000775021
-0.000773996
-0.000772972
-0.000771949
-0.000770928
-0.000769908
-0.00076889
-0.000767873
-0.000766857
-0.000765842
-0.000764829
-0.000763818
-0.000762807
-0.000761798
-0.000760791
-0.000759785
-0.00075878
-0.000757776
-0.000756774
-0.000755773
-0.000754774
-0.000753776
-0.000752779
-0.000751783
-0.000750789
-0.000749797
-0.000748805
-0.000747815
-0.000746826
-0.000745839
-0.000744853
-0.000743868
-0.000742885
-0.000741903
-0.000740922
-0.000739942
-0.000738964
-0.000737987
-0.000737012
-0.000736038
-0.000735065
-0.000734093
-0.000733123
-0.000732154
-0.000731186
-0.00073022
-0.000729255
-0.000728291
-0.000727329
-0.000726367
-0.000725408
-0.000724449
-0.000723492
-0.000722536
-0.000721581
-0.000720628
-0.000719675
-0.000718725
-0.000717775
-0.000716827
-0.00071588
-0.000714934
-0.000713989
-0.000713046
-0.000712104
-0.000711164
-0.000710224
-0.000709286
-0.000708349
-0.000707413
-0.000706479
-0.000705546
-0.000704614
-0.000703683
-0.000702754
-0.000701826
-0.000700899
-0.000699973
-0.000699049
-0.000698126
-0.000697204
-0.000696283
-0.000695364
-0.000694446
-0.000693529
-0.000692613
-0.000691699
-0.000690785
-0.000689873
-0.000688962
-0.000688053
-0.000687144
-0.000686237
-0.000685331
-0.000684427
-0.000683523
-0.000682621
-0.00068172
-0.00068082
-0.000679921
-0.000679024
-0.000678128
-0.000677233
-0.000676339
-0.000675446
-0.000674555
-0.000673664
-0.000672775
-0.000671887
-0.000671001
-0.000670115
-0.000669231
-0.000668348
-0.000667466
-0.000666585
-0.000665706
-0.000664827
-0.00066395
-0.000663074
-0.000662199
-0.000661326
-0.000660453
-0.000659582
-0.000658712
-0.000657843
-0.000656975
-0.000656108
-0.000655243
-0.000654378
-0.000653515
-0.000652653
-0.000651792
-0.000650932
-0.000650074
-0.000649217
-0.00064836
-0.000647505
-0.000646651
-0.000645798
-0.000644947
-0.000644096
-0.000643247
-0.000642398
-0.000641551
-0.000640705
-0.00063986
-0.000639017
-0.000638174
-0.000637333
-0.000636492
-0.000635653
-0.000634815
-0.000633978
-0.000633142
-0.000632307
-0.000631474
-0.000630641
-0.00062981
-0.00062898
-0.000628151
-0.000627323
-0.000626496
-0.00062567
-0.000624845
-0.000624021
-0.000623199
-0.000622378
-0.000621557
-0.000620738
-0.00061992
-0.000619103
-0.000618287
-0.000617472
-0.000616658
-0.000615846
-0.000615034
-0.000614224
-0.000613414
-0.000612606
-0.000611799
-0.000610993
-0.000610187
-0.000609383
-0.000608581
-0.000607779
-0.000606978
-0.000606178
-0.00060538
-0.000604582
-0.000603786
-0.00060299
-0.000602196
-0.000601402
-0.00060061
-0.000599819
-0.000599029
-0.00059824
-0.000597452
-0.000596665
-0.000595879
-0.000595094
-0.00059431
-0.000593527
-0.000592746
-0.000591965
-0.000591185
-0.000590407
-0.000589629
-0.000588853
-0.000588077
-0.000587303
-0.000586529
-0.000585757
-0.000584986
-0.000584215
-0.000583446
-0.000582678
-0.000581911
-0.000581144
-0.000580379
-0.000579615
-0.000578852
-0.00057809
-0.000577329
-0.000576569
-0.00057581
-0.000575052
-0.000574295
-0.000573539
-0.000572784
-0.00057203
-0.000571277
-0.000570525
-0.000569774
-0.000569024
-0.000568275
-0.000567527
-0.00056678
-0.000566034
-0.000565289
-0.000564545
-0.000563802
-0.00056306
-0.000562319
-0.000561579
-0.000560839
-0.000560101
-0.000559364
-0.000558628
-0.000557893
-0.000557159
-0.000556426
-0.000555694
-0.000554962
-0.000554232
-0.000553503
-0.000552775
-0.000552047
-0.000551321
-0.000550596
-0.000549871
-0.000549148
-0.000548425
-0.000547704
-0.000546983
-0.000546264
-0.000545545
-0.000544828
-0.000544111
-0.000543395
-0.00054268
-0.000541967
-0.000541254
-0.000540542
-0.000539831
-0.000539121
-0.000538412
-0.000537703
-0.000536996
-0.00053629
-0.000535585
-0.00053488
-0.000534177
-0.000533474
-0.000532773
-0.000532072
-0.000531372
-0.000530674
-0.000529976
-0.000529279
-0.000528583
-0.000527888
-0.000527194
-0.000526501
-0.000525808
-0.000525117
-0.000524427
-0.000523737
-0.000523048
-0.000522361
-0.000521674
-0.000520988
-0.000520303
-0.000519619
-0.000518936
-0.000518254
-0.000517573
-0.000516892
-0.000516213
-0.000515534
-0.000514857
-0.00051418
-0.000513504
-0.000512829
-0.000512155
-0.000511482
-0.000510809
-0.000510138
-0.000509468
-0.000508798
-0.000508129
-0.000507461
-0.000506795
-0.000506129
-0.000505463
-0.000504799
-0.000504136
-0.000503473
-0.000502812
-0.000502151
-0.000501491
-0.000500832
-0.000500174
-0.000499517
-0.00049886
-0.000498205
-0.00049755
-0.000496897
-0.000496244
-0.000495592
-0.000494941
-0.00049429
-0.000493641
-0.000492992
-0.000492345
-0.000491698
-0.000491052
-0.000490407
-0.000489763
-0.000489119
-0.000488477
-0.000487835
-0.000487194
-0.000486554
-0.000485915
-0.000485277
-0.00048464
-0.000484003
-0.000483368
-0.000482733
-0.000482099
-0.000481466
-0.000480833
-0.000480202
-0.000479571
-0.000478941
-0.000478312
-0.000477684
-0.000477056
-0.00047643
-0.000475804
-0.000475179
-0.000474555
-0.000473932
-0.00047331
-0.000472688
-0.000472068
-0.000471448
-0.000470829
-0.000470211
-0.000469593
-0.000468977
-0.000468361
-0.000467746
-0.000467132
-0.000466519
-0.000465906
-0.000465294
-0.000464684
-0.000464074
-0.000463464
-0.000462856
-0.000462248
-0.000461642
-0.000461036
-0.00046043
-0.000459826
-0.000459222
-0.00045862
-0.000458018
-0.000457416
-0.000456816
-0.000456216
-0.000455618
-0.00045502
-0.000454422
-0.000453826
-0.00045323
-0.000452636
-0.000452042
-0.000451448
-0.000450856
-0.000450264
-0.000449673
-0.000449083
-0.000448494
-0.000447905
-0.000447318
-0.000446731
-0.000446144
-0.000445559
-0.000444974
-0.00044439
-0.000443807
-0.000443225
-0.000442643
-0.000442063
-0.000441483
-0.000440903
-0.000440325
-0.000439747
-0.00043917
-0.000438594
-0.000438019
-0.000437444
-0.00043687
-0.000436297
-0.000435725
-0.000435153
-0.000434582
-0.000434012
-0.000433443
-0.000432874
-0.000432306
-0.000431739
-0.000431173
-0.000430607
-0.000430043
-0.000429479
-0.000428915
-0.000428353
-0.000427791
-0.00042723
-0.000426669
-0.00042611
-0.000425551
-0.000424993
-0.000424435
-0.000423879
-0.000423323
-0.000422768
-0.000422213
-0.00042166
-0.000421107
-0.000420554
-0.000420003
-0.000419452
-0.000418902
-0.000418353
-0.000417804
-0.000417256
-0.000416709
-0.000416163
-0.000415617
-0.000415072
-0.000414528
-0.000413985
-0.000413442
-0.0004129
-0.000412358
-0.000411818
-0.000411278
-0.000410739
-0.0004102
-0.000409662
-0.000409125
-0.000408589
-0.000408053
-0.000407518
-0.000406984
-0.000406451
-0.000405918
-0.000405386
-0.000404854
-0.000404324
-0.000403794
-0.000403264
-0.000402736
-0.000402208
-0.000401681
-0.000401154
-0.000400628
-0.000400103
-0.000399579
-0.000399055
-0.000398532
-0.00039801
-0.000397488
-0.000396967
-0.000396447
-0.000395927
-0.000395409
-0.00039489
-0.000394373
-0.000393856
-0.00039334
-0.000392824
-0.00039231
-0.000391796
-0.000391282
-0.000390769
-0.000390257
-0.000389746
-0.000389235
-0.000388725
-0.000388216
-0.000387707
-0.000387199
-0.000386692
-0.000386185
-0.000385679
-0.000385174
-0.000384669
-0.000384165
-0.000383662
-0.00038316
-0.000382658
-0.000382156
-0.000381656
-0.000381156
-0.000380656
-0.000380158
-0.00037966
-0.000379162
-0.000378666
-0.000378169
-0.000377674
-0.000377179
-0.000376685
-0.000376192
-0.000375699
-0.000375207
-0.000374716
-0.000374225
-0.000373735
-0.000373245
-0.000372756
-0.000372268
-0.00037178
-0.000371293
-0.000370807
-0.000370322
-0.000369837
-0.000369352
-0.000368868
-0.000368385
-0.000367903
-0.000367421
-0.00036694
-0.000366459
-0.00036598
-0.0003655
-0.000365022
-0.000364544
-0.000364066
-0.00036359
-0.000363113
-0.000362638
-0.000362163
-0.000361689
-0.000361215
-0.000360742
-0.00036027
-0.000359798
-0.000359327
-0.000358857
-0.000358387
-0.000357918
-0.000357449
-0.000356981
-0.000356514
-0.000356047
-0.000355581
-0.000355115
-0.00035465
-0.000354186
-0.000353722
-0.000353259
-0.000352797
-0.000352335
-0.000351874
-0.000351413
-0.000350953
-0.000350494
-0.000350035
-0.000349577
-0.000349119
-0.000348662
-0.000348206
-0.00034775
-0.000347295
-0.00034684
-0.000346386
-0.000345933
-0.00034548
-0.000345028
-0.000344576
-0.000344125
-0.000343675
-0.000343225
-0.000342776
-0.000342327
-0.000341879
-0.000341432
-0.000340985
-0.000340539
-0.000340093
-0.000339648
-0.000339204
-0.00033876
-0.000338316
-0.000337874
-0.000337431
-0.00033699
-0.000336549
-0.000336109
-0.000335669
-0.00033523
-0.000334791
-0.000334353
-0.000333915
-0.000333478
-0.000333042
-0.000332606
-0.000332171
-0.000331736
-0.000331302
-0.000330869
-0.000330436
-0.000330004
-0.000329572
-0.000329141
-0.00032871
-0.00032828
-0.000327851
-0.000327422
-0.000326993
-0.000326566
-0.000326138
-0.000325712
-0.000325286
-0.00032486
-0.000324435
-0.000324011
-0.000323587
-0.000323164
-0.000322741
-0.000322319
-0.000321897
-0.000321476
-0.000321055
-0.000320635
-0.000320216
-0.000319797
-0.000319379
-0.000318961
-0.000318544
-0.000318127
-0.000317711
-0.000317296
-0.000316881
-0.000316466
-0.000316052
-0.000315639
-0.000315226
-0.000314814
-0.000314402
-0.000313991
-0.00031358
-0.00031317
-0.000312761
-0.000312352
-0.000311943
-0.000311535
-0.000311128
-0.000310721
-0.000310315
-0.000309909
-0.000309504
-0.000309099
-0.000308695
-0.000308291
-0.000307888
-0.000307485
-0.000307083
-0.000306682
-0.000306281
-0.00030588
-0.00030548
-0.000305081
-0.000304682
-0.000304284
-0.000303886
-0.000303488
-0.000303092
-0.000302695
-0.0003023
-0.000301904
-0.00030151
-0.000301116
-0.000300722
-0.000300329
-0.000299936
-0.000299544
-0.000299152
-0.000298761
-0.000298371
-0.000297981
-0.000297591
-0.000297202
-0.000296814
-0.000296426
-0.000296038
-0.000295651
-0.000295265
-0.000294879
-0.000294493
-0.000294108
-0.000293724
-0.00029334
-0.000292956
-0.000292573
-0.000292191
-0.000291809
-0.000291428
-0.000291047
-0.000290666
-0.000290286
-0.000289907
-0.000289528
-0.00028915
-0.000288772
-0.000288394
-0.000288018
-0.000287641
-0.000287265
-0.00028689
-0.000286515
-0.00028614
-0.000285766
-0.000285393
-0.00028502
-0.000284647
-0.000284276
-0.000283904
-0.000283533
-0.000283162
-0.000282792
-0.000282423
-0.000282054
-0.000281685
-0.000281317
-0.00028095
-0.000280582
-0.000280216
-0.00027985
-0.000279484
-0.000279119
-0.000278754
-0.00027839
-0.000278026
-0.000277663
-0.0002773
-0.000276938
-0.000276576
-0.000276215
-0.000275854
-0.000275493
-0.000275133
-0.000274774
-0.000274415
-0.000274056
-0.000273698
-0.000273341
-0.000272984
-0.000272627
-0.000272271
-0.000271915
-0.00027156
-0.000271205
-0.000270851
-0.000270497
-0.000270144
-0.000269791
-0.000269438
-0.000269086
-0.000268735
-0.000268384
-0.000268033
-0.000267683
-0.000267333
-0.000266984
-0.000266635
-0.000266287
-0.000265939
-0.000265592
-0.000265245
-0.000264899
-0.000264553
-0.000264207
-0.000263862
-0.000263517
-0.000263173
-0.000262829
-0.000262486
-0.000262143
-0.000261801
-0.000261459
-0.000261117
-0.000260776
-0.000260436
-0.000260096
-0.000259756
-0.000259417
-0.000259078
-0.00025874
-0.000258402
-0.000258064
-0.000257727
-0.000257391
-0.000257055
-0.000256719
-0.000256384
-0.000256049
-0.000255714
-0.00025538
-0.000255047
-0.000254714
-0.000254381
-0.000254049
-0.000253717
-0.000253386
-0.000253055
-0.000252725
-0.000252395
-0.000252065
-0.000251736
-0.000251407
-0.000251079
-0.000250751
-0.000250424
-0.000250097
-0.00024977
-0.000249444
-0.000249119
-0.000248793
-0.000248468
-0.000248144
-0.00024782
-0.000247497
-0.000247173
-0.000246851
-0.000246528
-0.000246207
-0.000245885
-0.000245564
-0.000245244
-0.000244923
-0.000244604
-0.000244284
-0.000243965
-0.000243647
-0.000243329
-0.000243011
-0.000242694
-0.000242377
-0.000242061
-0.000241745
-0.000241429
-0.000241114
-0.000240799
-0.000240485
-0.000240171
-0.000239857
-0.000239544
-0.000239232
-0.000238919
-0.000238608
-0.000238296
-0.000237985
-0.000237674
-0.000237364
-0.000237054
-0.000236745
-0.000236436
-0.000236127
-0.000235819
-0.000235511
-0.000235204
-0.000234897
-0.00023459
-0.000234284
-0.000233978
-0.000233673
-0.000233368
-0.000233064
-0.000232759
-0.000232456
-0.000232152
-0.000231849
-0.000231547
-0.000231244
-0.000230943
-0.000230641
-0.00023034
-0.00023004
-0.000229739
-0.00022944
-0.00022914
-0.000228841
-0.000228543
-0.000228244
-0.000227946
-0.000227649
-0.000227352
-0.000227055
-0.000226759
-0.000226463
-0.000226168
-0.000225873
-0.000225578
-0.000225284
-0.00022499
-0.000224696
-0.000224403
-0.00022411
-0.000223817
-0.000223525
-0.000223234
-0.000222942
-0.000222652
-0.000222361
-0.000222071
-0.000221781
-0.000221492
-0.000221203
-0.000220914
-0.000220626
-0.000220338
-0.000220051
-0.000219763
-0.000219477
-0.00021919
-0.000218904
-0.000218619
-0.000218334
-0.000218049
-0.000217764
-0.00021748
-0.000217196
-0.000216913
-0.00021663
-0.000216347
-0.000216065
-0.000215783
-0.000215502
-0.000215221
-0.00021494
-0.00021466
-0.000214379
-0.0002141
-0.000213821
-0.000213542
-0.000213263
-0.000212985
-0.000212707
-0.00021243
-0.000212152
-0.000211876
-0.000211599
-0.000211323
-0.000211048
-0.000210772
-0.000210497
-0.000210223
-0.000209949
-0.000209675
-0.000209401
-0.000209128
-0.000208855
-0.000208583
-0.000208311
-0.000208039
-0.000207768
-0.000207497
-0.000207226
-0.000206956
-0.000206686
-0.000206417
-0.000206147
-0.000205879
-0.00020561
-0.000205342
-0.000205074
-0.000204807
-0.00020454
-0.000204273
-0.000204006
-0.00020374
-0.000203475
-0.000203209
-0.000202944
-0.00020268
-0.000202415
-0.000202151
-0.000201888
-0.000201624
-0.000201361
-0.000201099
-0.000200837
-0.000200575
-0.000200313
-0.000200052
