2.26616
1.55742
1.19948
-1.01352
-0.937797
-0.875999
-0.824862
-0.781916
-0.745319
-0.713703
-0.686048
-0.668874
-0.655266
-0.639752
-0.626844
-0.613804
-0.599041
-0.587336
-0.575336
-0.563726
-0.551398
-0.541164
-0.530941
-0.521061
-0.511476
-0.502002
-0.493085
-0.484712
-0.476634
-0.468789
-0.461197
-0.453729
-0.446753
-0.440032
-0.43352
-0.427218
-0.421122
-0.415216
-0.409488
-0.403931
-0.398537
-0.3933
-0.388213
-0.383268
-0.37846
-0.373781
-0.369225
-0.364788
-0.360464
-0.356248
-0.352134
-0.34812
-0.3442
-0.340371
-0.336629
-0.332971
-0.329393
-0.325892
-0.322466
-0.319111
-0.315826
-0.312608
-0.309454
-0.306363
-0.303332
-0.30036
-0.297444
-0.294583
-0.291777
-0.289022
-0.286317
-0.283662
-0.281055
-0.278495
-0.27598
-0.27351
-0.271083
-0.268699
-0.266357
-0.264055
-0.261792
-0.259569
-0.257384
-0.255237
-0.253125
-0.25105
-0.249009
-0.247004
-0.245031
-0.243093
-0.241186
-0.239311
-0.237468
-0.235655
-0.233872
-0.232119
-0.230394
-0.228698
-0.22703
-0.225389
-0.223775
-0.222188
-0.220626
-0.219089
-0.217577
-0.21609
-0.214627
-0.213187
-0.21177
-0.210376
-0.209003
-0.207652
-0.206323
-0.205014
-0.203726
-0.202458
-0.201209
-0.19998
-0.198769
-0.197576
-0.196403
-0.195246
-0.194107
-0.192984
-0.191878
-0.190789
-0.189716
-0.188658
-0.187615
-0.186587
-0.185574
-0.184575
-0.183591
-0.18262
-0.181662
-0.180718
-0.179786
-0.178868
-0.177961
-0.177067
-0.176185
-0.175314
-0.174455
-0.173606
-0.172769
-0.171943
-0.171127
-0.170321
-0.169525
-0.168739
-0.167963
-0.167196
-0.166439
-0.165691
-0.164951
-0.16422
-0.163498
-0.162784
-0.162079
-0.161382
-0.160692
-0.16001
-0.159336
-0.15867
-0.158011
-0.157359
-0.156714
-0.156076
-0.155445
-0.15482
-0.154203
-0.153591
-0.152986
-0.152388
-0.151794
-0.151208
-0.150627
-0.150052
-0.149483
-0.14892
-0.148362
-0.147809
-0.147262
-0.14672
-0.146183
-0.145651
-0.145125
-0.144602
-0.144086
-0.143573
-0.143066
-0.142563
-0.142065
-0.141571
-0.141081
-0.140596
-0.140115
-0.139639
-0.139166
-0.138698
-0.138233
-0.137773
-0.137317
-0.136864
-0.136416
-0.13597
-0.135529
-0.135092
-0.134657
-0.134227
-0.1338
-0.133376
-0.132956
-0.13254
-0.132126
-0.131716
-0.131309
-0.130905
-0.130505
-0.130107
-0.129713
-0.129322
-0.128933
-0.128548
-0.128166
-0.127786
-0.127409
-0.127035
-0.126664
-0.126296
-0.12593
-0.125567
-0.125207
-0.124849
-0.124494
-0.124142
-0.123791
-0.123444
-0.123099
-0.122757
-0.122416
-0.122079
-0.121743
-0.12141
-0.121079
-0.120751
-0.120425
-0.120101
-0.119779
-0.11946
-0.119142
-0.118827
-0.118514
-0.118203
-0.117894
-0.117587
-0.117283
-0.11698
-0.116679
-0.11638
-0.116083
-0.115788
-0.115495
-0.115204
-0.114915
-0.114627
-0.114342
-0.114058
-0.113776
-0.113496
-0.113218
-0.112941
-0.112666
-0.112393
-0.112122
-0.111852
-0.111584
-0.111317
-0.111052
-0.110789
-0.110528
-0.110268
-0.110009
-0.109752
-0.109497
-0.109243
-0.108991
-0.10874
-0.108491
-0.108243
-0.107997
-0.107752
-0.107509
-0.107267
-0.107026
-0.106787
-0.106549
-0.106313
-0.106078
-0.105844
-0.105612
-0.105381
-0.105151
-0.104923
-0.104696
-0.10447
-0.104245
-0.104022
-0.1038
-0.10358
-0.10336
-0.103142
-0.102925
-0.102709
-0.102494
-0.102281
-0.102068
-0.101857
-0.101647
-0.101438
-0.101231
-0.101024
-0.100819
-0.100614
-0.100411
-0.100209
-0.100008
-0.0998072
-0.0996086
-0.0994105
-0.0992137
-0.099018
-0.098823
-0.0986292
-0.0984366
-0.0982446
-0.0980542
-0.0978643
-0.0976753
-0.0974878
-0.0973008
-0.097115
-0.0969302
-0.096746
-0.096563
-0.096381
-0.0961999
-0.0960195
-0.0958402
-0.0956618
-0.0954844
-0.0953075
-0.0951318
-0.094957
-0.0947828
-0.09461
-0.0944376
-0.0942662
-0.0940957
-0.0939257
-0.0937568
-0.0935888
-0.0934217
-0.093255
-0.0930894
-0.0929247
-0.0927607
-0.0925976
-0.0924349
-0.0922733
-0.0921125
-0.0919525
-0.0917929
-0.0916343
-0.0914766
-0.0913196
-0.0911633
-0.0910075
-0.0908527
-0.0906986
-0.0905453
-0.0903924
-0.0902407
-0.0900893
-0.0899384
-0.0897889
-0.0896399
-0.0894912
-0.0893434
-0.0891964
-0.08905
-0.088904
-0.0887589
-0.0886146
-0.0884709
-0.0883279
-0.0881852
-0.0880437
-0.0879023
-0.0877618
-0.0876216
-0.0874826
-0.0873438
-0.0872061
-0.0870685
-0.0869314
-0.0867955
-0.0866597
-0.0865251
-0.0863905
-0.0862567
-0.0861232
-0.0859909
-0.0858587
-0.0857272
-0.0855964
-0.0854661
-0.0853364
-0.085207
-0.0850787
-0.0849504
-0.0848229
-0.084696
-0.0845693
-0.0844437
-0.0843181
-0.0841933
-0.0840691
-0.0839454
-0.0838222
-0.0836993
-0.0835774
-0.0834555
-0.0833344
-0.0832138
-0.0830937
-0.0829738
-0.0828547
-0.0827364
-0.0826181
-0.0825004
-0.0823833
-0.0822664
-0.0821505
-0.0820345
-0.0819193
-0.0818046
-0.0816903
-0.0815766
-0.0814633
-0.0813501
-0.0812376
-0.081126
-0.0810143
-0.0809032
-0.0807923
-0.0806824
-0.0805725
-0.0804635
-0.0803545
-0.0802461
-0.0801381
-0.0800306
-0.0799232
-0.0798168
-0.0797103
-0.0796045
-0.0794994
-0.0793942
-0.0792893
-0.0791853
-0.0790817
-0.0789781
-0.0788751
-0.0787729
-0.0786705
-0.0785687
-0.0784671
-0.0783664
-0.0782659
-0.0781655
-0.0780656
-0.0779665
-0.0778673
-0.0777686
-0.0776701
-0.0775725
-0.077475
-0.0773776
-0.0772808
-0.0771847
-0.0770885
-0.0769928
-0.0768975
-0.0768023
-0.0767079
-0.0766135
-0.0765199
-0.0764261
-0.0763329
-0.0762401
-0.0761476
-0.0760555
-0.0759638
-0.075872
-0.0757812
-0.0756902
-0.0756
-0.0755097
-0.0754199
-0.0753304
-0.0752414
-0.0751523
-0.0750641
-0.0749757
-0.0748882
-0.0748005
-0.0747132
-0.0746264
-0.0745399
-0.0744537
-0.0743678
-0.0742822
-0.0741966
-0.0741119
-0.074027
-0.0739425
-0.0738588
-0.0737748
-0.0736913
-0.0736078
-0.0735251
-0.0734426
-0.0733601
-0.0732783
-0.0731964
-0.0731152
-0.0730339
-0.072953
-0.0728724
-0.0727921
-0.0727122
-0.0726322
-0.072553
-0.0724736
-0.0723949
-0.0723161
-0.072238
-0.0721597
-0.0720819
-0.0720044
-0.0719271
-0.0718498
-0.0717734
-0.071697
-0.0716205
-0.0715448
-0.0714689
-0.0713934
-0.0713186
-0.0712435
-0.0711688
-0.0710944
-0.0710199
-0.0709463
-0.0708727
-0.070799
-0.0707261
-0.070653
-0.0705806
-0.070508
-0.0704358
-0.0703638
-0.0702922
-0.0702207
-0.0701496
-0.0700786
-0.0700076
-0.0699373
-0.0698668
-0.0697971
-0.069727
-0.0696574
-0.0695884
-0.0695191
-0.0694501
-0.0693815
-0.0693131
-0.0692446
-0.0691768
-0.0691091
-0.0690413
-0.0689743
-0.0689069
-0.0688403
-0.0687734
-0.0687069
-0.0686407
-0.0685747
-0.0685089
-0.0684433
-0.0683779
-0.0683128
-0.0682478
-0.0681828
-0.0681185
-0.0680539
-0.06799
-0.0679259
-0.0678621
-0.0677986
-0.0677353
-0.0676722
-0.0676093
-0.0675466
-0.067484
-0.0674217
-0.0673596
-0.0672974
-0.0672359
-0.0671741
-0.067113
-0.0670516
-0.0669906
-0.0669301
-0.0668693
-0.0668089
-0.0667487
-0.0666887
-0.0666289
-0.0665692
-0.0665095
-0.0664504
-0.0663914
-0.0663322
-0.0662737
-0.0662149
-0.0661568
-0.0660984
-0.0660403
-0.0659825
-0.0659251
-0.0658674
-0.0658101
-0.0657529
-0.065696
-0.0656389
-0.0655825
-0.0655261
-0.0654696
-0.0654137
-0.0653579
-0.0653018
-0.0652462
-0.065191
-0.0651355
-0.0650804
-0.0650255
-0.064971
-0.0649162
-0.0648617
-0.0648074
-0.064753
-0.0646993
-0.0646456
-0.064592
-0.0645382
-0.0644851
-0.064432
-0.0643788
-0.0643258
-0.0642734
-0.0642207
-0.0641683
-0.0641163
-0.0640641
-0.0640121
-0.0639603
-0.0639087
-0.0638572
-0.0638059
-0.0637548
-0.0637035
-0.0636528
-0.0636022
-0.0635513
-0.0635012
-0.0634506
-0.0634008
-0.0633505
-0.0633009
-0.063251
-0.0632014
-0.063152
-0.063103
-0.0630537
-0.0630046
-0.0629558
-0.0629071
-0.0628585
-0.0628098
-0.0627617
-0.0627136
-0.0626656
-0.0626174
-0.0625699
-0.0625221
-0.0624748
-0.0624273
-0.0623803
-0.062333
-0.0622863
-0.0622393
-0.0621925
-0.062146
-0.0620995
-0.0620533
-0.0620071
-0.0619611
-0.0619152
-0.0618694
-0.0618238
-0.0617783
-0.0617329
-0.0616873
-0.0616424
-0.0615975
-0.0615523
-0.0615078
-0.0614629
-0.0614183
-0.0613742
-0.0613297
-0.0612858
-0.0612416
-0.0611976
-0.0611538
-0.0611101
-0.0610666
-0.0610232
-0.0609798
-0.0609367
-0.0608936
-0.0608506
-0.0608078
-0.0607651
-0.0607222
-0.0606799
-0.0606376
-0.0605951
-0.0605531
-0.0605109
-0.0604692
-0.0604271
-0.0603857
-0.0603439
-0.0603023
-0.0602613
-0.0602198
-0.0601786
-0.0601376
-0.0600966
-0.0600558
-0.0600151
-0.0599746
-0.0599341
-0.0598937
-0.0598534
-0.0598133
-0.0597732
-0.0597333
-0.0596931
-0.0596536
-0.0596141
-0.0595743
-0.0595351
-0.0594955
-0.0594565
-0.0594172
-0.0593784
-0.0593393
-0.0593004
-0.059262
-0.0592232
-0.0591846
-0.0591462
-0.0591079
-0.05907
-0.0590317
-0.0589936
-0.0589557
-0.0589179
-0.0588802
-0.0588422
-0.058805
-0.0587676
-0.0587303
-0.0586931
-0.0586557
-0.0586188
-0.058582
-0.0585449
-0.0585083
-0.0584714
-0.0584351
-0.0583984
-0.0583623
-0.0583258
-0.0582898
-0.0582535
-0.0582174
-0.0581815
-0.058146
-0.05811
-0.0580744
-0.0580388
-0.0580033
-0.057968
-0.0579327
-0.0578975
-0.0578624
-0.0578274
-0.0577925
-0.0577576
-0.0577229
-0.0576882
-0.0576534
-0.0576191
-0.0575848
-0.0575502
-0.0575162
-0.0574821
-0.0574478
-0.057414
-0.0573799
-0.0573463
-0.0573124
-0.057279
-0.0572452
-0.0572117
-0.0571786
-0.057145
-0.0571118
-0.0570786
-0.0570459
-0.0570127
-0.0569797
-0.0569469
-0.0569142
-0.0568815
-0.0568489
-0.0568165
-0.056784
-0.0567517
-0.0567195
-0.0566873
-0.0566549
-0.0566231
-0.0565912
-0.0565594
-0.0565276
-0.0564956
-0.0564642
-0.0564324
-0.0564012
-0.0563699
-0.0563383
-0.0563072
-0.0562758
-0.056245
-0.0562137
-0.0561827
-0.0561521
-0.0561211
-0.0560903
-0.05606
-0.0560292
-0.0559986
-0.0559682
-0.0559381
-0.0559076
-0.0558774
-0.0558472
-0.0558172
-0.0557872
-0.0557572
-0.0557274
-0.0556976
-0.0556679
-0.0556383
-0.0556087
-0.0555792
-0.0555495
-0.0555204
-0.0554911
-0.0554619
-0.0554325
-0.0554036
-0.0553747
-0.0553455
-0.0553168
-0.0552881
-0.0552591
-0.0552306
-0.0552018
-0.0551735
-0.0551448
-0.0551166
-0.055088
-0.0550597
-0.0550318
-0.0550034
-0.0549753
-0.0549476
-0.0549194
-0.0548915
-0.0548636
-0.0548359
-0.0548085
-0.0547807
-0.0547531
-0.0547256
-0.0546981
-0.0546708
-0.0546435
-0.0546162
-0.0545891
-0.054562
-0.0545349
-0.0545079
-0.054481
-0.0544539
-0.0544273
-0.0544006
-0.0543739
-0.0543473
-0.0543205
-0.0542942
-0.0542678
-0.0542412
-0.0542151
-0.0541889
-0.0541624
-0.0541365
-0.0541102
-0.0540844
-0.0540582
-0.0540326
-0.0540065
-0.053981
-0.053955
-0.0539293
-0.053904
-0.0538782
-0.0538526
-0.0538275
-0.0538019
-0.0537765
-0.0537515
-0.0537261
-0.0537009
-0.0536758
-0.0536508
-0.0536258
-0.0536009
-0.053576
-0.0535515
-0.0535265
-0.0535018
-0.0534771
-0.0534525
-0.053428
-0.0534032
-0.053379
-0.0533547
-0.0533304
-0.0533062
-0.053282
-0.0532578
-0.0532334
-0.0532096
-0.0531857
-0.0531617
-0.0531376
-0.0531139
-0.0530902
-0.0530662
-0.0530428
-0.0530189
-0.0529956
-0.0529721
-0.0529484
-0.0529252
-0.0529016
-0.0528785
-0.052855
-0.0528317
-0.0528088
-0.0527855
-0.0527627
-0.0527394
-0.0527164
-0.0526938
-0.0526707
-0.0526478
-0.0526254
-0.0526024
-0.0525797
-0.0525571
-0.0525345
-0.0525123
-0.0524896
-0.0524672
-0.0524448
-0.0524225
-0.0524002
-0.052378
-0.0523558
-0.0523337
-0.0523116
-0.0522896
-0.0522676
-0.0522457
-0.0522238
-0.0522019
-0.0521801
-0.0521584
-0.0521367
-0.0521147
-0.0520933
-0.0520718
-0.0520503
-0.0520289
-0.0520072
-0.051986
-0.0519647
-0.0519432
-0.0519221
-0.051901
-0.0518796
-0.0518587
-0.0518377
-0.0518164
-0.0517956
-0.0517745
-0.0517538
-0.0517328
-0.0517122
-0.0516912
-0.0516708
-0.0516499
-0.0516295
-0.0516087
-0.0515881
-0.0515679
-0.0515472
-0.051527
-0.0515064
-0.0514861
-0.0514658
-0.0514458
-0.0514254
-0.0514052
-0.0513851
-0.0513653
-0.0513451
-0.0513251
-0.0513051
-0.0512852
-0.0512654
-0.0512459
-0.0512259
-0.0512061
-0.0511864
-0.0511667
-0.0511471
-0.0511276
-0.051108
-0.0510886
-0.0510691
-0.0510497
-0.0510304
-0.051011
-0.0509917
-0.0509722
-0.0509532
-0.0509341
-0.050915
-0.0508959
-0.0508769
-0.0508576
-0.0508388
-0.05082
-0.0508011
-0.0507823
-0.0507632
-0.0507446
-0.0507259
-0.050707
-0.0506885
-0.05067
-0.0506511
-0.0506328
-0.050614
-0.0505958
-0.0505774
-0.0505588
-0.0505406
-0.0505221
-0.050504
-0.0504856
-0.0504676
-0.0504492
-0.0504313
-0.050413
-0.0503949
-0.0503771
-0.0503589
-0.0503412
-0.0503231
-0.0503051
-0.0502876
-0.0502695
-0.0502517
-0.0502343
-0.0502164
-0.0501986
-0.050181
-0.0501637
-0.0501459
-0.0501284
-0.0501109
-0.0500937
-0.0500761
-0.0500586
-0.0500413
-0.050024
-0.0500067
-0.0499895
-0.0499723
-0.0499551
-0.0499383
-0.049921
-0.0499038
-0.0498868
-0.0498698
-0.0498528
-0.0498359
-0.049819
-0.0498021
-0.049785
-0.0497684
-0.0497517
-0.049735
-0.0497183
-0.0497017
-0.049685
-0.0496684
-0.0496516
-0.0496353
-0.0496188
-0.0496024
-0.049586
-0.0495693
-0.0495531
-0.0495368
-0.0495206
-0.049504
-0.049488
-0.0494718
-0.0494554
-0.0494394
-0.0494234
-0.049407
-0.0493912
-0.0493753
-0.049359
-0.0493433
-0.0493271
-0.0493114
-0.0492956
-0.0492795
-0.049264
-0.049248
-0.0492325
-0.0492165
-0.0492011
-0.0491852
-0.0491698
-0.049154
-0.0491384
-0.0491232
-0.0491074
-0.0490922
-0.0490766
-0.0490611
-0.049046
-0.0490304
-0.0490151
-0.0490001
-0.0489846
-0.0489693
-0.0489544
-0.048939
-0.0489238
-0.0489087
-0.0488939
-0.0488786
-0.0488636
-0.0488486
-0.0488339
-0.0488187
-0.0488038
-0.0487889
-0.048774
-0.0487592
-0.0487444
-0.04873
-0.048715
-0.0487003
-0.0486856
-0.0486709
-0.0486563
-0.0486417
-0.0486271
-0.0486126
-0.0485981
-0.0485836
-0.0485692
-0.0485547
-0.0485404
-0.048526
-0.0485116
-0.0484973
-0.048483
-0.0484688
-0.0484545
-0.0484403
-0.0484259
-0.0484119
-0.0483979
-0.0483838
-0.0483697
-0.0483557
-0.0483416
-0.0483274
-0.0483136
-0.0482997
-0.0482858
-0.0482717
-0.048258
-0.0482442
-0.0482304
-0.0482164
-0.0482028
-0.0481892
-0.0481755
-0.0481615
-0.0481481
-0.0481345
-0.0481206
-0.0481073
-0.0480935
-0.0480802
-0.0480668
-0.048053
-0.0480398
-0.0480261
-0.048013
-0.0479996
-0.047986
-0.0479729
-0.0479594
-0.0479463
-0.0479329
-0.0479199
-0.0479064
-0.0478935
-0.0478801
-0.0478672
-0.0478539
-0.047841
-0.0478278
-0.0478147
-0.0478019
-0.0477888
-0.047776
-0.0477629
-0.0477499
-0.0477373
-0.0477242
-0.0477113
-0.0476988
-0.0476858
-0.047673
-0.0476605
-0.0476476
-0.0476348
-0.0476224
-0.0476095
-0.0475969
-0.0475843
-0.047572
-0.0475592
-0.0475466
-0.0475341
-0.0475216
-0.0475094
-0.0474968
-0.0474843
-0.0474719
-0.0474595
-0.0474472
-0.0474351
-0.0474226
-0.0474103
-0.047398
-0.0473858
-0.0473736
-0.0473614
-0.0473492
-0.0473371
-0.0473249
-0.0473131
-0.0473008
-0.0472887
-0.0472767
-0.0472647
-0.0472527
-0.0472407
-0.0472287
-0.0472168
-0.0472049
-0.047193
-0.0471809
-0.0471693
-0.0471575
-0.0471457
-0.047134
-0.0471222
-0.0471105
-0.0470988
-0.0470871
-0.0470754
-0.0470638
-0.0470518
-0.0470404
-0.0470289
-0.0470174
-0.0470058
-0.0469943
-0.0469825
-0.0469713
-0.0469599
-0.0469484
-0.0469367
-0.0469255
-0.0469142
-0.0469029
-0.0468913
-0.0468802
-0.0468689
-0.0468577
-0.0468461
-0.0468351
-0.046824
-0.0468125
-0.0468015
-0.0467904
-0.046779
-0.0467681
-0.0467571
-0.0467457
-0.0467349
-0.0467239
-0.0467126
-0.0467019
-0.0466907
-0.0466799
-0.0466691
-0.0466579
-0.0466472
-0.0466361
-0.0466254
-0.0466144
-0.0466038
-0.0465928
-0.0465822
-0.0465712
-0.0465607
-0.0465498
-0.0465393
-0.0465284
-0.0465179
-0.046507
-0.0464966
-0.0464858
-0.0464754
-0.0464646
-0.046454
-0.0464438
-0.046433
-0.0464228
-0.0464121
-0.0464015
-0.0463914
-0.0463807
-0.0463706
-0.0463599
-0.0463495
-0.0463394
-0.0463289
-0.0463185
-0.0463085
-0.046298
-0.0462877
-0.0462777
-0.0462673
-0.046257
-0.0462468
-0.0462369
-0.0462266
-0.0462164
-0.0462062
-0.0461964
-0.0461861
-0.046176
-0.046166
-0.0461559
-0.0461462
-0.046136
-0.046126
-0.046116
-0.046106
-0.0460964
-0.0460863
-0.0460763
-0.0460665
-0.0460566
-0.0460468
-0.0460369
-0.0460274
-0.0460174
-0.0460076
-0.0459978
-0.0459881
-0.0459784
-0.0459687
-0.045959
-0.0459493
-0.0459397
-0.04593
-0.0459204
-0.0459108
-0.0459012
-0.0458917
-0.0458821
-0.0458729
-0.0458632
-0.0458536
-0.0458441
-0.0458346
-0.0458252
-0.0458157
-0.0458063
-0.0457969
-0.0457875
-0.0457782
-0.0457685
-0.0457594
-0.0457501
-0.0457408
-0.0457316
-0.0457223
-0.045713
-0.0457038
-0.0456946
-0.0456853
-0.0456759
-0.0456669
-0.0456578
-0.0456487
-0.0456395
-0.0456304
-0.0456213
-0.0456119
-0.0456031
-0.0455941
-0.0455851
-0.045576
-0.0455668
-0.045558
-0.0455491
-0.0455401
-0.0455309
-0.0455222
-0.0455133
-0.0455044
-0.0454953
-0.0454866
-0.0454778
-0.045469
-0.0454599
-0.0454513
-0.0454425
-0.0454335
-0.0454249
-0.0454162
-0.0454075
-0.0453985
-0.04539
-0.0453814
-0.0453724
-0.045364
-0.0453551
-0.0453467
-0.0453382
-0.0453293
-0.0453209
-0.0453124
-0.0453036
-0.0452952
-0.0452865
-0.0452782
-0.0452698
-0.045261
-0.0452527
-0.0452441
-0.0452358
-0.0452272
-0.045219
-0.0452107
-0.045202
-0.0451938
-0.0451853
-0.0451771
-0.0451686
-0.0451605
-0.045152
-0.0451439
-0.0451354
-0.0451274
-0.0451189
-0.0451109
-0.0451025
-0.0450945
-0.0450861
-0.0450778
-0.0450699
-0.0450616
-0.0450537
-0.0450453
-0.0450374
-0.0450291
-0.045021
-0.0450132
-0.0450049
-0.0449971
-0.0449888
-0.0449808
-0.044973
-0.0449648
-0.0449571
-0.0449489
-0.0449409
-0.0449332
-0.0449251
-0.0449171
-0.0449095
-0.0449014
-0.0448935
-0.0448859
-0.0448779
-0.04487
-0.0448624
-0.0448544
-0.0448466
-0.0448388
-0.0448313
-0.0448233
-0.0448155
-0.0448081
-0.0448002
-0.0447924
-0.0447847
-0.0447773
-0.0447694
-0.0447617
-0.0447541
-0.0447465
-0.0447391
-0.0447313
-0.0447237
-0.0447161
-0.0447088
-0.0447011
-0.0446935
-0.0446859
-0.0446784
-0.0446709
-0.0446637
-0.044656
-0.0446485
-0.0446411
-0.0446336
-0.0446262
-0.0446191
-0.0446115
-0.044604
-0.0445966
-0.0445893
-0.0445819
-0.0445746
-0.0445672
-0.0445599
-0.0445529
-0.0445454
-0.0445381
-0.0445308
-0.0445235
-0.0445163
-0.0445091
-0.0445018
-0.0444946
-0.0444874
-0.0444803
-0.0444731
-0.0444659
-0.0444588
-0.0444516
-0.0444445
-0.0444374
-0.0444303
-0.0444232
-0.0444161
-0.0444091
-0.044402
-0.044395
-0.0443879
-0.0443809
-0.0443739
-0.0443669
-0.0443599
-0.044353
-0.044346
-0.044339
-0.0443321
-0.0443252
-0.0443183
-0.0443113
-0.0443045
-0.0442976
-0.0442907
-0.0442838
-0.044277
-0.0442701
-0.0442633
-0.0442565
-0.0442497
-0.0442429
-0.0442361
-0.0442293
-0.0442226
-0.0442158
-0.0442091
-0.0442024
-0.0441956
-0.0441889
-0.0441822
-0.0441755
-0.0441689
-0.0441622
-0.0441556
-0.0441489
-0.0441423
-0.0441357
-0.044129
-0.0441224
-0.0441159
-0.0441093
-0.0441027
-0.0440962
-0.0440896
-0.0440831
-0.0440765
-0.04407
-0.0440635
-0.044057
-0.0440506
-0.0440441
-0.0440376
-0.0440312
-0.0440247
-0.0440183
-0.0440119
-0.0440055
-0.0439988
-0.0439926
-0.0439863
-0.0439799
-0.0439733
-0.0439671
-0.0439609
-0.0439543
-0.0439482
-0.0439419
-0.0439353
-0.0439293
-0.043923
-0.0439165
-0.0439105
-0.043904
-0.043898
-0.0438918
-0.0438853
-0.0438793
-0.0438732
-0.0438667
-0.0438607
-0.0438544
-0.0438484
-0.0438423
-0.0438359
-0.04383
-0.0438237
-0.0438178
-0.0438117
-0.0438054
-0.0437995
-0.0437932
-0.0437874
-0.0437811
-0.0437753
-0.043769
-0.0437632
-0.0437573
-0.043751
-0.0437452
-0.043739
-0.0437332
-0.0437271
-0.0437213
-0.0437152
-0.0437094
-0.0437033
-0.0436976
-0.0436915
-0.0436858
-0.0436797
-0.043674
-0.0436679
-0.0436623
-0.0436562
-0.0436506
-0.0436445
-0.0436389
-0.0436329
-0.0436273
-0.0436213
-0.0436157
-0.0436097
-0.0436042
-0.0435982
-0.0435924
-0.0435869
-0.043581
-0.0435755
-0.0435695
-0.043564
-0.0435581
-0.0435524
-0.043547
-0.0435411
-0.0435356
-0.0435298
-0.0435241
-0.0435187
-0.0435129
-0.0435075
-0.0435016
-0.043496
-0.0434907
-0.0434849
-0.0434795
-0.0434737
-0.0434681
-0.0434628
-0.0434571
-0.0434515
-0.0434462
-0.0434405
-0.043435
-0.0434297
-0.043424
-0.0434185
-0.0434133
-0.0434076
-0.0434021
-0.043397
-0.0433913
-0.0433858
-0.0433807
-0.0433751
-0.0433696
-0.0433645
-0.0433589
-0.0433534
-0.0433481
-0.043343
-0.0433374
-0.043332
-0.043327
-0.0433214
-0.043316
-0.0433107
-0.0433057
-0.0433002
-0.0432949
-0.0432896
-0.0432846
-0.0432791
-0.0432738
-0.0432686
-0.0432636
-0.0432582
-0.0432529
-0.0432477
-0.0432428
-0.0432373
-0.0432321
-0.0432269
-0.0432217
-0.0432169
-0.0432115
-0.0432063
-0.0432011
-0.043196
-0.0431912
-0.0431859
-0.0431807
-0.0431756
-0.0431705
-0.0431657
-0.0431604
-0.0431553
-0.0431502
-0.0431452
-0.0431401
-0.0431354
-0.0431301
-0.0431251
-0.04312
-0.043115
-0.04311
-0.043105
-0.0431003
-0.0430952
-0.0430901
-0.0430852
-0.0430802
-0.0430753
-0.0430703
-0.0430654
-0.0430605
-0.0430559
-0.0430508
-0.0430458
-0.0430409
-0.043036
-0.0430311
-0.0430263
-0.0430214
-0.0430166
-0.0430117
-0.0430069
-0.0430023
-0.0429973
-0.0429924
-0.0429876
-0.0429828
-0.042978
-0.0429732
-0.0429685
-0.0429637
-0.0429589
-0.0429542
-0.0429494
-0.0429447
-0.04294
-0.0429352
-0.0429305
-0.0429258
-0.0429211
-0.0429164
-0.0429117
-0.042907
-0.0429024
-0.0428977
-0.042893
-0.0428884
-0.0428837
-0.0428791
-0.0428745
-0.0428698
-0.0428652
-0.0428606
-0.042856
-0.0428514
-0.0428468
-0.0428422
-0.0428377
-0.0428331
-0.0428285
-0.042824
-0.0428194
-0.0428149
-0.0428103
-0.0428058
-0.0428013
-0.0427968
-0.0427923
-0.0427878
-0.0427833
-0.0427788
-0.0427743
-0.0427699
-0.0427654
-0.0427609
-0.0427565
-0.042752
-0.0427476
-0.0427432
-0.0427387
-0.0427343
-0.0427299
-0.0427255
-0.0427211
-0.0427167
-0.0427123
-0.042708
-0.0427036
-0.0426992
-0.0426949
-0.0426905
-0.0426862
-0.0426818
-0.0426775
-0.0426732
-0.0426689
-0.0426646
-0.0426603
-0.042656
-0.0426517
-0.0426474
-0.0426431
-0.0426388
-0.0426346
-0.0426303
-0.0426261
-0.0426218
-0.0426176
-0.0426133
-0.0426091
-0.0426049
-0.0426007
-0.0425965
-0.0425923
-0.0425881
-0.0425839
-0.0425797
-0.0425755
-0.0425714
-0.0425672
-0.042563
-0.0425589
-0.0425547
-0.0425506
-0.0425465
-0.0425423
-0.0425382
-0.0425341
-0.04253
-0.0425259
-0.0425218
-0.0425177
-0.0425136
-0.0425096
-0.0425055
-0.0425014
-0.0424974
-0.0424933
-0.0424893
-0.0424852
-0.0424812
-0.0424772
-0.0424732
-0.0424691
-0.0424651
-0.0424611
-0.0424571
-0.0424531
-0.0424492
-0.0424452
-0.0424412
-0.0424372
-0.0424333
-0.0424293
-0.0424254
-0.0424214
-0.0424175
-0.0424136
-0.0424096
-0.0424057
-0.0424018
-0.0423979
-0.042394
-0.0423901
-0.0423862
-0.0423823
-0.0423784
-0.0423746
-0.0423707
-0.0423668
-0.042363
-0.0423591
-0.0423553
-0.0423515
-0.0423476
-0.0423438
-0.04234
-0.0423362
-0.0423324
-0.0423286
-0.0423248
-0.042321
-0.0423172
-0.0423134
-0.0423096
-0.0423059
-0.0423021
-0.0422983
-0.0422946
-0.0422908
-0.0422871
-0.0422834
-0.0422796
-0.0422759
-0.0422722
-0.0422685
-0.0422648
-0.0422611
-0.0422574
-0.0422537
-0.04225
-0.0422463
-0.0422426
-0.042239
-0.0422353
-0.0422316
-0.042228
-0.0422243
-0.0422207
-0.0422171
-0.0422134
-0.0422098
-0.0422062
-0.0422026
-0.042199
-0.0421954
-0.0421918
-0.0421882
-0.0421846
-0.042181
-0.0421774
-0.0421738
-0.0421703
-0.0421667
-0.0421632
-0.0421596
-0.0421561
-0.0421525
-0.042149
-0.0421455
-0.0421419
-0.0421384
-0.0421349
-0.0421314
-0.0421279
-0.0421244
-0.0421209
-0.0421174
-0.0421139
-0.0421104
-0.042107
-0.0421035
-0.0421
-0.0420966
-0.0420931
-0.0420897
-0.0420862
-0.0420828
-0.0420794
-0.042076
-0.0420725
-0.0420691
-0.0420657
-0.0420623
-0.0420589
-0.0420555
-0.0420521
-0.0420487
-0.0420453
-0.042042
-0.0420386
-0.0420352
-0.0420319
-0.0420285
-0.0420252
-0.0420218
-0.0420185
-0.0420151
-0.0420118
-0.0420085
-0.0420052
-0.0420018
-0.0419985
-0.0419952
-0.0419919
-0.0419886
-0.0419853
-0.041982
-0.0419788
-0.0419755
-0.0419722
-0.0419689
-0.0419657
-0.0419624
-0.0419592
-0.0419559
-0.0419527
-0.0419494
-0.0419462
-0.041943
-0.0419397
-0.0419365
-0.0419333
-0.0419301
-0.0419269
-0.0419237
-0.0419205
-0.0419173
-0.0419141
-0.0419109
-0.0419077
-0.0419046
-0.0419014
-0.0418982
-0.0418951
-0.0418919
-0.0418888
-0.0418856
-0.0418825
-0.0418794
-0.0418762
-0.0418731
-0.04187
-0.0418669
-0.0418637
-0.0418606
-0.0418575
-0.0418544
-0.0418513
-0.0418482
-0.0418452
-0.0418421
-0.041839
-0.0418359
-0.0418329
-0.0418298
-0.0418267
-0.0418237
-0.0418206
-0.0418176
-0.0418145
-0.0418115
-0.0418085
-0.0418054
-0.0418024
-0.0417994
-0.0417964
-0.0417934
-0.0417904
-0.0417874
-0.0417844
-0.0417814
-0.0417784
-0.0417754
-0.0417724
-0.0417695
-0.0417665
-0.0417635
-0.0417606
-0.0417576
-0.0417546
-0.0417517
-0.0417488
-0.0417458
-0.0417429
-0.0417399
-0.041737
-0.0417341
-0.0417312
-0.0417283
-0.0417253
-0.0417224
-0.0417195
-0.0417166
-0.0417137
-0.0417109
-0.041708
-0.0417051
-0.0417022
-0.0416993
-0.0416965
-0.0416936
-0.0416907
-0.0416879
-0.041685
-0.0416822
-0.0416793
-0.0416765
-0.0416737
-0.0416708
-0.041668
-0.0416652
-0.0416624
-0.0416596
-0.0416567
-0.0416539
-0.0416511
-0.0416483
-0.0416455
-0.0416428
-0.04164
-0.0416372
-0.0416344
-0.0416316
-0.0416289
-0.0416261
-0.0416233
-0.0416206
-0.0416178
-0.0416151
-0.0416123
-0.0416096
-0.0416068
-0.0416041
-0.0416014
-0.0415987
-0.0415959
-0.0415932
-0.0415905
-0.0415878
-0.0415851
-0.0415824
-0.0415797
-0.041577
-0.0415743
-0.0415716
-0.0415689
-0.0415662
-0.0415636
-0.0415609
-0.0415582
-0.0415556
-0.0415529
-0.0415502
-0.0415476
-0.0415449
-0.0415423
-0.0415397
-0.041537
-0.0415344
-0.0415318
-0.0415291
-0.0415265
-0.0415239
-0.0415213
-0.0415187
-0.0415161
-0.0415135
-0.0415109
-0.0415083
-0.0415057
-0.0415031
-0.0415005
-0.0414979
-0.0414953
-0.0414928
-0.0414902
-0.0414876
-0.0414851
-0.0414825
-0.04148
-0.0414774
-0.0414749
-0.0414723
-0.0414698
-0.0414672
-0.0414647
-0.0414622
-0.0414597
-0.0414571
-0.0414546
-0.0414521
-0.0414496
-0.0414471
-0.0414446
-0.0414421
-0.0414396
-0.0414371
-0.0414346
-0.0414321
-0.0414296
-0.0414272
-0.0414247
-0.0414222
-0.0414197
-0.0414173
-0.0414148
-0.0414124
-0.0414099
-0.0414075
-0.041405
-0.0414026
-0.0414001
-0.0413977
-0.0413953
-0.0413928
-0.0413904
-0.041388
-0.0413856
-0.0413832
-0.0413807
-0.0413783
-0.0413759
-0.0413735
-0.0413711
-0.0413687
-0.0413663
-0.041364
-0.0413616
-0.0413592
-0.0413568
-0.0413544
-0.0413521
-0.0413497
-0.0413473
-0.041345
-0.0413426
-0.0413403
-0.0413379
-0.0413356
-0.0413332
-0.0413309
-0.0413286
-0.0413262
-0.0413239
-0.0413216
-0.0413192
-0.0413169
-0.0413146
-0.0413123
-0.04131
-0.0413077
-0.0413054
-0.0413031
-0.0413008
-0.0412985
-0.0412962
-0.0412939
-0.0412916
-0.0412893
-0.0412871
-0.0412848
-0.0412825
-0.0412802
-0.041278
-0.0412757
-0.0412735
-0.0412712
-0.041269
-0.0412667
-0.0412645
-0.0412622
-0.04126
-0.0412577
-0.0412555
-0.0412533
-0.0412511
-0.0412488
-0.0412466
-0.0412444
-0.0412422
-0.04124
-0.0412378
-0.0412356
-0.0412334
-0.0412312
-0.041229
-0.0412268
-0.0412246
-0.0412224
-0.0412202
-0.0412181
-0.0412159
-0.0412137
-0.0412115
-0.0412094
-0.0412072
-0.041205
-0.0412029
-0.0412007
-0.0411986
-0.0411964
-0.0411943
-0.0411921
-0.04119
-0.0411879
-0.0411857
-0.0411836
-0.0411815
-0.0411794
-0.0411772
-0.0411751
-0.041173
-0.0411709
-0.0411688
-0.0411667
-0.0411646
-0.0411625
-0.0411604
-0.0411583
-0.0411562
-0.0411541
-0.041152
-0.0411499
-0.0411479
-0.0411458
-0.0411437
-0.0411416
-0.0411396
-0.0411375
-0.0411355
-0.0411334
-0.0411313
-0.0411293
-0.0411272
-0.0411252
-0.0411231
-0.0411211
-0.0411191
-0.041117
-0.041115
-0.041113
-0.0411109
-0.0411089
-0.0411069
-0.0411049
-0.0411029
-0.0411009
-0.0410988
-0.0410968
-0.0410948
-0.0410928
-0.0410908
-0.0410888
-0.0410868
-0.0410849
-0.0410829
-0.0410809
-0.0410789
-0.0410769
-0.041075
-0.041073
-0.041071
-0.041069
-0.0410671
-0.0410651
-0.0410632
-0.0410612
-0.0410593
-0.0410573
-0.0410554
-0.0410534
-0.0410515
-0.0410495
-0.0410476
-0.0410457
-0.0410437
-0.0410418
-0.0410399
-0.0410379
-0.041036
-0.0410341
-0.0410322
-0.0410303
-0.0410284
-0.0410265
-0.0410246
-0.0410227
-0.0410208
-0.0410189
-0.041017
-0.0410151
-0.0410132
-0.0410113
-0.0410094
-0.0410075
-0.0410057
-0.0410038
-0.0410019
-0.041
-0.0409982
-0.0409963
-0.0409945
-0.0409926
-0.0409907
-0.0409889
-0.040987
-0.0409852
-0.0409833
-0.0409815
-0.0409797
-0.0409778
-0.040976
-0.0409742
-0.0409723
-0.0409705
-0.0409687
-0.0409668
-0.040965
-0.0409632
-0.0409614
-0.0409596
-0.0409578
-0.040956
-0.0409542
-0.0409524
-0.0409506
-0.0409488
-0.040947
-0.0409452
-0.0409434
-0.0409416
-0.0409398
-0.040938
-0.0409362
-0.0409345
-0.0409327
-0.0409309
-0.0409292
-0.0409274
-0.0409256
-0.0409239
-0.0409221
-0.0409203
-0.0409186
-0.0409168
-0.0409151
-0.0409133
-0.0409116
-0.0409099
-0.0409081
-0.0409064
-0.0409046
-0.0409029
-0.0409012
-0.0408994
-0.0408977
-0.040896
-0.0408943
-0.0408926
-0.0408908
-0.0408891
-0.0408874
-0.0408857
-0.040884
-0.0408823
-0.0408806
-0.0408789
-0.0408772
-0.0408755
-0.0408738
-0.0408721
-0.0408704
-0.0408688
-0.0408671
-0.0408654
-0.0408637
-0.040862
-0.0408604
-0.0408587
-0.040857
-0.0408554
-0.0408537
-0.040852
-0.0408504
-0.0408487
-0.0408471
-0.0408454
-0.0408438
-0.0408421
-0.0408405
-0.0408388
-0.0408372
-0.0408356
-0.0408339
-0.0408323
-0.0408306
-0.040829
-0.0408274
-0.0408258
-0.0408241
-0.0408225
-0.0408209
-0.0408193
-0.0408177
-0.0408161
-0.0408145
-0.0408129
-0.0408112
-0.0408096
-0.040808
-0.0408064
-0.0408049
-0.0408033
-0.0408017
-0.0408001
-0.0407985
-0.0407969
-0.0407953
-0.0407937
-0.0407922
-0.0407906
-0.040789
-0.0407875
-0.0407859
-0.0407843
-0.0407828
-0.0407812
-0.0407796
-0.0407781
-0.0407762
-0.0407745
-0.0407729
-0.0407714
-0.0407698
-0.0407683
-0.0407668
-0.0407652
-0.0407637
-0.0407621
-0.0407606
-0.0407591
-0.0407576
-0.040756
-0.0407545
-0.040753
-0.0407515
-0.0407499
-0.0407484
-0.0407469
-0.0407454
-0.0407439
-0.0407424
-0.0407409
-0.0407394
-0.0407379
-0.0407364
-0.0407349
-0.0407334
-0.0407319
-0.0407304
-0.0407289
-0.0407274
-0.0407259
-0.0407244
-0.0407229
-0.0407215
-0.04072
-0.0407185
-0.040717
-0.0407156
-0.0407141
-0.0407126
-0.0407112
-0.0407097
-0.0407082
-0.0407068
-0.0407053
-0.0407039
-0.0407024
-0.0407009
-0.0406995
-0.0406981
-0.0406966
-0.0406952
-0.0406937
-0.0406923
-0.0406908
-0.0406894
-0.040688
-0.0406865
-0.0406851
-0.0406837
-0.0406823
-0.0406808
-0.0406794
-0.040678
-0.0406766
-0.0406752
-0.0406738
-0.0406723
-0.0406709
-0.0406695
-0.0406681
-0.0406667
-0.0406653
-0.0406639
-0.0406625
-0.0406611
-0.0406597
-0.0406583
-0.0406569
-0.0406556
-0.0406542
-0.0406528
-0.0406514
-0.04065
-0.0406486
-0.0406473
-0.0406459
-0.0406445
-0.0406431
-0.0406418
-0.0406404
-0.040639
-0.0406377
-0.0406363
-0.040635
-0.0406336
-0.0406322
-0.0406309
-0.0406295
-0.0406282
-0.0406268
-0.0406255
-0.0406241
-0.0406228
-0.0406215
-0.0406201
-0.0406188
-0.0406174
-0.0406161
-0.0406148
-0.0406135
-0.0406121
-0.0406108
-0.0406095
-0.0406082
-0.0406068
-0.0406055
-0.0406042
-0.0406029
-0.0406016
-0.0406003
-0.0405989
-0.0405976
-0.0405963
-0.040595
-0.0405937
-0.0405924
-0.0405911
-0.0405898
-0.0405885
-0.0405872
-0.0405859
-0.0405847
-0.0405834
-0.0405821
-0.0405808
-0.0405795
-0.0405782
-0.040577
-0.0405757
-0.0405744
-0.0405731
-0.0405719
-0.0405706
-0.0405693
-0.040568
-0.0405668
-0.0405655
-0.0405643
-0.040563
-0.0405617
-0.0405605
-0.0405592
-0.040558
-0.0405567
-0.0405555
-0.0405542
-0.040553
-0.0405517
-0.0405505
-0.0405493
-0.040548
-0.0405468
-0.0405455
-0.0405443
-0.0405431
-0.0405418
-0.0405406
-0.0405394
-0.0405382
-0.0405369
-0.0405357
-0.0405345
-0.0405333
-0.0405321
-0.0405308
-0.0405296
-0.0405284
-0.0405272
-0.040526
-0.0405248
-0.0405236
-0.0405224
-0.0405212
-0.04052
-0.0405188
-0.0405176
-0.0405164
-0.0405152
-0.040514
-0.0405128
-0.0405116
-0.0405104
-0.0405092
-0.0405081
-0.0405069
-0.0405057
-0.0405045
-0.0405033
-0.0405022
-0.040501
-0.0404998
-0.0404986
-0.0404975
-0.0404963
-0.0404951
-0.040494
-0.0404928
-0.0404916
-0.0404905
-0.0404893
-0.0404882
-0.040487
-0.0404859
-0.0404847
-0.0404836
-0.0404824
-0.0404813
-0.0404801
-0.040479
-0.0404778
-0.0404767
-0.0404756
-0.0404744
-0.0404733
-0.0404721
-0.040471
-0.0404699
-0.0404687
-0.0404676
-0.0404665
-0.0404654
-0.0404642
-0.0404631
-0.040462
-0.0404609
-0.0404598
-0.0404586
-0.0404575
-0.0404564
-0.0404553
-0.0404542
-0.0404531
-0.040452
-0.0404509
-0.0404498
-0.0404487
-0.0404476
-0.0404465
-0.0404454
-0.0404443
-0.0404432
-0.0404421
-0.040441
-0.0404399
-0.0404388
-0.0404377
-0.0404366
-0.0404356
-0.0404345
-0.0404334
-0.0404323
-0.0404312
-0.0404302
-0.0404291
-0.040428
-0.0404269
-0.0404259
-0.0404248
-0.0404237
-0.0404227
-0.0404216
-0.0404205
-0.0404195
-0.0404184
-0.0404173
-0.0404163
-0.0404152
-0.0404142
-0.0404131
-0.0404121
-0.040411
-0.04041
-0.0404089
-0.0404079
-0.0404068
-0.0404058
-0.0404047
-0.0404037
-0.0404027
-0.0404016
-0.0404006
-0.0403996
-0.0403985
-0.0403975
-0.0403965
-0.0403954
-0.0403944
-0.0403934
-0.0403923
-0.0403913
-0.0403903
-0.0403893
-0.0403883
-0.0403872
-0.0403862
-0.0403852
-0.0403842
-0.0403832
-0.0403822
-0.0403812
-0.0403802
-0.0403791
-0.0403781
-0.0403771
-0.0403761
-0.0403751
-0.0403741
-0.0403731
-0.0403721
-0.0403711
-0.0403701
-0.0403692
-0.0403682
-0.0403672
-0.0403662
-0.0403652
-0.0403642
-0.0403632
-0.0403622
-0.0403613
-0.0403603
-0.0403593
-0.0403583
-0.0403573
-0.0403564
-0.0403554
-0.0403544
-0.0403534
-0.0403525
-0.0403515
-0.0403505
-0.0403496
-0.0403486
-0.0403476
-0.0403467
-0.0403457
-0.0403448
-0.0403438
-0.0403428
-0.0403419
-0.0403409
-0.04034
-0.040339
-0.0403381
-0.0403371
-0.0403362
-0.0403352
-0.0403343
-0.0403333
-0.0403324
-0.0403315
-0.0403305
-0.0403296
-0.0403286
-0.0403277
-0.0403268
-0.0403258
-0.0403249
-0.040324
-0.040323
-0.0403221
-0.0403212
-0.0403203
-0.0403193
-0.0403184
-0.0403175
-0.0403166
-0.0403156
-0.0403147
-0.0403138
-0.0403129
-0.040312
-0.0403111
-0.0403101
-0.0403092
-0.0403083
-0.0403074
-0.0403065
-0.0403056
-0.0403047
-0.0403038
-0.0403029
-0.040302
-0.0403011
-0.0403002
-0.0402993
-0.0402984
-0.0402975
-0.0402966
-0.0402957
-0.0402948
-0.0402939
-0.040293
-0.0402921
-0.0402913
-0.0402904
-0.0402895
-0.0402886
-0.0402877
-0.0402868
-0.040286
-0.0402851
-0.0402842
-0.0402833
-0.0402825
-0.0402816
-0.0402807
-0.0402798
-0.040279
-0.0402781
-0.0402772
-0.0402764
-0.0402755
-0.0402746
-0.0402738
-0.0402729
-0.040272
-0.0402712
-0.0402703
-0.0402695
-0.0402686
-0.0402678
-0.0402669
-0.0402661
-0.0402652
-0.0402644
-0.0402635
-0.0402627
-0.0402618
-0.040261
-0.0402601
-0.0402593
-0.0402584
-0.0402576
-0.0402568
-0.0402559
-0.0402551
-0.0402542
-0.0402534
-0.0402526
-0.0402517
-0.0402509
-0.0402501
-0.0402492
-0.0402484
-0.0402476
-0.0402468
-0.0402459
-0.0402451
-0.0402443
-0.0402435
-0.0402427
-0.0402418
-0.040241
-0.0402402
-0.0402394
-0.0402386
-0.0402377
-0.0402369
-0.0402361
-0.0402353
-0.0402345
-0.0402337
-0.0402329
-0.0402321
-0.0402313
-0.0402305
-0.0402297
-0.0402289
-0.0402281
-0.0402273
-0.0402265
-0.0402257
-0.0402249
-0.0402241
-0.0402233
-0.0402225
-0.0402217
-0.0402209
-0.0402201
-0.0402193
-0.0402185
-0.0402178
-0.040217
-0.0402162
-0.0402154
-0.0402146
-0.0402138
-0.0402131
-0.0402123
-0.0402115
-0.0402107
-0.0402099
-0.0402092
-0.0402084
-0.0402076
-0.0402068
-0.0402061
-0.0402053
-0.0402045
-0.0402038
-0.040203
-0.0402022
-0.0402015
-0.0402007
-0.0401999
-0.0401992
-0.0401984
-0.0401977
-0.0401969
-0.0401962
-0.0401954
-0.0401946
-0.0401939
-0.0401931
-0.0401924
-0.0401916
-0.0401909
-0.0401901
-0.0401894
-0.0401886
-0.0401879
-0.0401871
-0.0401864
-0.0401857
-0.0401849
-0.0401842
-0.0401834
-0.0401827
-0.040182
-0.0401812
-0.0401805
-0.0401797
-0.040179
-0.0401783
-0.0401775
-0.0401768
-0.0401761
-0.0401754
-0.0401746
-0.0401739
-0.0401732
-0.0401724
-0.0401717
-0.040171
-0.0401703
-0.0401696
-0.0401688
-0.0401681
-0.0401674
-0.0401667
-0.040166
-0.0401652
-0.0401645
-0.0401638
-0.0401631
-0.0401624
-0.0401617
-0.040161
-0.0401603
-0.0401596
-0.0401588
-0.0401581
-0.0401574
-0.0401567
-0.040156
-0.0401553
-0.0401546
-0.0401539
-0.0401532
-0.0401525
-0.0401518
-0.0401511
-0.0401504
-0.0401497
-0.0401491
-0.0401484
-0.0401477
-0.040147
-0.0401463
-0.0401456
-0.0401449
-0.0401442
-0.0401435
-0.0401429
-0.0401422
-0.0401415
-0.0401408
-0.0401401
-0.0401394
-0.0401388
-0.0401381
-0.0401374
-0.0401367
-0.040136
-0.0401354
-0.0401347
-0.040134
-0.0401334
-0.0401327
-0.040132
-0.0401313
-0.0401307
-0.04013
-0.0401293
-0.0401287
-0.040128
-0.0401273
-0.0401267
-0.040126
-0.0401254
-0.0401247
-0.040124
-0.0401234
-0.0401227
-0.0401221
-0.0401214
-0.0401208
-0.0401201
-0.0401194
-0.0401188
-0.0401181
-0.0401175
-0.0401168
-0.0401162
-0.0401155
-0.0401149
-0.0401142
-0.0401136
-0.040113
-0.0401123
-0.0401117
-0.040111
-0.0401104
-0.0401097
-0.0401091
-0.0401085
-0.0401078
-0.0401072
-0.0401066
-0.0401059
-0.0401053
-0.0401047
-0.040104
-0.0401034
-0.0401028
-0.0401021
-0.0401015
-0.0401009
-0.0401002
-0.0400996
-0.040099
-0.0400984
-0.0400977
-0.0400971
-0.0400965
-0.0400959
-0.0400953
-0.0400946
-0.040094
-0.0400934
-0.0400928
-0.0400922
-0.0400915
-0.0400909
-0.0400903
-0.0400897
-0.0400891
-0.0400885
-0.0400879
-0.0400873
-0.0400866
-0.040086
-0.0400854
-0.0400848
-0.0400842
-0.0400836
-0.040083
-0.0400824
-0.0400818
-0.0400812
-0.0400806
-0.04008
-0.0400794
-0.0400788
-0.0400782
-0.0400776
-0.040077
-0.0400764
-0.0400758
-0.0400752
-0.0400746
-0.040074
-0.0400734
-0.0400729
-0.0400723
-0.0400717
-0.0400711
-0.0400705
-0.0400699
-0.0400693
-0.0400687
-0.0400682
-0.0400676
-0.040067
-0.0400664
-0.0400658
-0.0400653
-0.0400647
-0.0400641
-0.0400635
-0.0400629
-0.0400624
-0.0400618
-0.0400612
-0.0400606
-0.0400601
-0.0400595
-0.0400589
-0.0400583
-0.0400578
-0.0400572
-0.0400566
-0.0400561
-0.0400555
-0.0400549
-0.0400544
-0.0400538
-0.0400532
-0.0400527
-0.0400521
-0.0400516
-0.040051
-0.0400504
-0.0400499
-0.0400493
-0.0400488
-0.0400482
-0.0400476
-0.0400471
-0.0400465
-0.040046
-0.0400454
-0.0400449
-0.0400443
-0.0400438
-0.0400432
-0.0400427
-0.0400421
-0.0400416
-0.040041
-0.0400405
-0.0400399
-0.0400394
-0.0400388
-0.0400383
-0.0400378
-0.0400372
-0.0400367
-0.0400361
-0.0400356
-0.040035
-0.0400345
-0.040034
-0.0400334
-0.0400329
-0.0400324
-0.0400318
-0.0400313
-0.0400308
-0.0400302
-0.0400297
-0.0400292
-0.0400286
-0.0400281
-0.0400276
-0.040027
-0.0400265
-0.040026
-0.0400255
-0.0400249
-0.0400244
-0.0400239
-0.0400234
-0.0400228
-0.0400223
-0.0400218
-0.0400213
-0.0400207
-0.0400202
-0.0400197
-0.0400192
-0.0400187
-0.0400182
-0.0400176
-0.0400171
-0.0400166
-0.0400161
-0.0400156
-0.0400151
-0.0400146
-0.040014
-0.0400135
-0.040013
-0.0400125
-0.040012
-0.0400115
-0.040011
-0.0400105
-0.04001
-0.0400095
-0.040009
-0.0400085
-0.040008
-0.0400075
-0.040007
-0.0400065
-0.040006
-0.0400055
-0.040005
-0.0400045
-0.040004
-0.0400035
-0.040003
-0.0400025
-0.040002
-0.0400015
-0.040001
-0.0400005
-0.04
-0.0399995
-0.039999
-0.0399985
-0.039998
-0.0399976
-0.0399971
-0.0399966
-0.0399961
-0.0399956
-0.0399951
-0.0399946
-0.0399941
-0.0399937
-0.0399932
-0.0399927
-0.0399922
-0.0399917
-0.0399913
-0.0399908
-0.0399903
-0.0399898
-0.0399893
-0.0399889
-0.0399884
-0.0399879
-0.0399874
-0.039987
-0.0399865
-0.039986
-0.0399855
-0.0399851
-0.0399846
-0.0399841
-0.0399836
-0.0399832
-0.0399827
-0.0399822
-0.0399818
-0.0399813
-0.0399808
-0.0399804
-0.0399799
-0.0399794
-0.039979
-0.0399785
-0.039978
-0.0399776
-0.0399771
-0.0399767
-0.0399762
-0.0399757
-0.0399753
-0.0399748
-0.0399744
-0.0399739
-0.0399735
-0.039973
-0.0399725
-0.0399721
-0.0399716
-0.0399712
-0.0399707
-0.0399703
-0.0399698
-0.0399694
-0.0399689
-0.0399685
-0.039968
-0.0399676
-0.0399671
-0.0399667
-0.0399662
-0.0399658
-0.0399653
-0.0399649
-0.0399644
-0.039964
-0.0399636
-0.0399631
-0.0399627
-0.0399622
-0.0399618
-0.0399613
-0.0399609
-0.0399605
-0.03996
-0.0399596
-0.0399592
-0.0399587
-0.0399583
-0.0399578
-0.0399574
-0.039957
-0.0399565
-0.0399561
-0.0399557
-0.0399552
-0.0399548
-0.0399544
-0.0399539
-0.0399535
-0.0399531
-0.0399527
-0.0399522
-0.0399518
-0.0399514
-0.039951
-0.0399505
-0.0399501
-0.0399497
-0.0399493
-0.0399488
-0.0399484
-0.039948
-0.0399476
-0.0399471
-0.0399467
-0.0399463
-0.0399459
-0.0399455
-0.039945
-0.0399446
-0.0399442
-0.0399438
-0.0399434
-0.039943
-0.0399425
-0.0399421
-0.0399417
-0.0399413
-0.0399409
-0.0399405
-0.0399401
-0.0399396
-0.0399392
-0.0399388
-0.0399384
-0.039938
-0.0399376
-0.0399372
-0.0399368
-0.0399364
-0.039936
-0.0399356
-0.0399352
-0.0399348
-0.0399343
-0.0399339
-0.0399335
-0.0399331
-0.0399327
-0.0399323
-0.0399319
-0.0399315
-0.0399311
-0.0399307
-0.0399303
-0.0399299
-0.0399295
-0.0399291
-0.0399287
-0.0399283
-0.039928
-0.0399276
-0.0399272
-0.0399268
-0.0399264
-0.039926
-0.0399256
-0.0399252
-0.0399248
-0.0399244
-0.039924
-0.0399236
-0.0399232
-0.0399229
-0.0399225
-0.0399221
-0.0399217
-0.0399213
-0.0399209
-0.0399205
-0.0399201
-0.0399198
-0.0399194
-0.039919
-0.0399186
-0.0399182
-0.0399178
-0.0399175
-0.0399171
-0.0399167
-0.0399163
-0.0399159
-0.0399156
-0.0399152
-0.0399148
-0.0399144
-0.0399141
-0.0399137
-0.0399133
-0.0399129
-0.0399125
-0.0399122
-0.0399118
-0.0399114
-0.0399111
-0.0399107
-0.0399103
-0.0399099
-0.0399096
-0.0399092
-0.0399088
-0.0399085
-0.0399081
-0.0399077
-0.0399073
-0.039907
-0.0399066
-0.0399062
-0.0399059
-0.0399055
-0.0399051
-0.0399048
-0.0399044
-0.0399041
-0.0399037
-0.0399033
-0.039903
-0.0399026
-0.0399022
-0.0399019
-0.0399015
-0.0399012
-0.0399008
-0.0399004
-0.0399001
-0.0398997
-0.0398994
-0.039899
-0.0398987
-0.0398983
-0.0398979
-0.0398976
-0.0398972
-0.0398969
-0.0398965
-0.0398962
-0.0398958
-0.0398955
-0.0398951
-0.0398948
-0.0398944
-0.0398941
-0.0398937
-0.0398934
-0.039893
-0.0398927
-0.0398923
-0.039892
-0.0398916
-0.0398913
-0.0398909
-0.0398906
-0.0398902
-0.0398899
-0.0398896
-0.0398892
-0.0398889
-0.0398885
-0.0398882
-0.0398878
-0.0398875
-0.0398872
-0.0398868
-0.0398865
-0.0398861
-0.0398858
-0.0398855
-0.0398851
-0.0398848
-0.0398844
-0.0398841
-0.0398838
-0.0398834
-0.0398831
-0.0398828
-0.0398824
-0.0398821
-0.0398818
-0.0398814
-0.0398811
-0.0398808
-0.0398804
-0.0398801
-0.0398798
-0.0398794
-0.0398791
-0.0398788
-0.0398784
-0.0398781
-0.0398778
-0.0398775
-0.0398771
-0.0398768
-0.0398765
-0.0398761
-0.0398758
-0.0398755
-0.0398752
-0.0398748
-0.0398745
-0.0398742
-0.0398739
-0.0398736
-0.0398732
-0.0398729
-0.0398726
-0.0398723
-0.0398719
-0.0398716
-0.0398713
-0.039871
-0.0398707
-0.0398703
-0.03987
-0.0398697
-0.0398694
-0.0398691
-0.0398688
-0.0398684
-0.0398681
-0.0398678
-0.0398675
-0.0398672
-0.0398669
-0.0398666
-0.0398662
-0.0398659
-0.0398656
-0.0398653
-0.039865
-0.0398647
-0.0398644
-0.0398641
-0.0398637
-0.0398634
-0.0398631
-0.0398628
-0.0398625
-0.0398622
-0.0398619
-0.0398616
-0.0398613
-0.039861
-0.0398607
-0.0398604
-0.0398601
-0.0398598
-0.0398595
-0.0398592
-0.0398588
-0.0398585
-0.0398582
-0.0398579
-0.0398576
-0.0398573
-0.039857
-0.0398567
-0.0398564
-0.0398561
-0.0398558
-0.0398555
-0.0398552
-0.0398549
-0.0398546
-0.0398543
-0.039854
-0.0398538
-0.0398535
-0.0398532
-0.0398529
-0.0398526
-0.0398523
-0.039852
-0.0398517
-0.0398514
-0.0398511
-0.0398508
-0.0398505
-0.0398502
-0.0398499
-0.0398496
-0.0398494
-0.0398491
-0.0398488
-0.0398485
-0.0398482
-0.0398479
-0.0398476
-0.0398473
-0.039847
-0.0398468
-0.0398465
-0.0398462
-0.0398459
-0.0398456
-0.0398453
-0.039845
-0.0398448
-0.0398445
-0.0398442
-0.0398439
-0.0398436
-0.0398433
-0.0398431
-0.0398428
-0.0398425
-0.0398422
-0.0398419
-0.0398416
-0.0398414
-0.0398411
-0.0398408
-0.0398405
-0.0398403
-0.03984
-0.0398397
-0.0398394
-0.0398391
-0.0398389
-0.0398386
-0.0398383
-0.039838
-0.0398378
-0.0398375
-0.0398372
-0.0398369
-0.0398367
-0.0398364
-0.0398361
-0.0398358
-0.0398356
-0.0398353
-0.039835
-0.0398348
-0.0398345
-0.0398342
-0.0398339
-0.0398337
-0.0398334
-0.0398331
-0.0398329
-0.0398326
-0.0398323
-0.0398321
-0.0398318
-0.0398315
-0.0398313
-0.039831
-0.0398307
-0.0398305
-0.0398302
-0.0398299
-0.0398297
-0.0398294
-0.0398291
-0.0398289
-0.0398286
-0.0398284
-0.0398281
-0.0398278
-0.0398276
-0.0398273
-0.039827
-0.0398268
-0.0398265
-0.0398263
-0.039826
-0.0398257
-0.0398255
-0.0398252
-0.039825
-0.0398247
-0.0398245
-0.0398242
-0.0398239
-0.0398237
-0.0398234
-0.0398232
-0.0398229
-0.0398227
-0.0398224
-0.0398222
-0.0398219
-0.0398216
-0.0398214
-0.0398211
-0.0398209
-0.0398206
-0.0398204
