0.78621
0.758056
0.751469
0.746527
0.740535
0.74174
0.741456
0.73341
0.734971
0.751428
0.735903
0.736154
0.725711
0.729399
0.732221
0.726286
0.732038
0.725922
0.7347
0.729595
0.725194
0.732806
0.749406
0.734294
0.725334
0.724433
0.726904
0.728439
0.731028
0.722772
0.725716
0.728385
0.734449
0.722687
0.739654
0.742598
0.72995
0.739988
0.73064
0.731008
0.730072
0.726157
0.729395
0.727358
0.71646
0.744065
0.73769
0.724462
0.719383
0.726625
0.728928
0.729932
0.725813
0.719175
0.724032
0.725756
0.726909
0.729131
0.722584
0.720397
0.721944
0.722572
0.73
0.718293
0.724645
0.721958
0.725025
0.721591
0.731296
0.717337
0.725462
0.720361
0.732826
0.724893
0.726228
0.717595
0.725157
0.730736
0.712257
0.722609
0.717273
0.718002
0.714555
0.724495
0.723575
0.720218
0.725698
0.720942
0.716094
0.718521
0.722504
0.717683
0.723814
0.720024
0.727641
0.732377
0.724565
0.719516
0.71809
0.719418
0.718509
0.712435
0.715906
0.714418
0.720752
0.719873
0.720418
0.72125
0.722258
0.722821
0.720861
0.712455
0.715942
0.710562
0.724408
0.722077
0.716968
0.717938
0.717588
0.718544
0.720707
0.720809
0.719429
0.719398
0.71551
0.724522
0.722836
0.72364
0.714103
0.726163
0.717201
0.726472
0.71308
0.712672
0.721322
0.726396
0.711317
0.720914
0.715164
0.7119
0.726113
0.733099
0.718808
0.722723
0.71956
0.712273
0.716509
0.72802
0.71092
0.719729
0.714684
0.719579
0.717739
0.716106
0.724408
0.721897
0.712744
0.720116
0.728563
0.714596
0.715322
0.729648
0.713004
0.725821
0.722854
0.710898
0.712936
0.718395
0.713156
0.718895
0.717114
0.71966
0.706535
0.720916
0.718546
0.71395
0.719098
0.711112
0.705108
0.712534
0.712771
0.714409
0.708982
0.722707
0.709823
0.712431
0.71303
0.708067
0.709383
0.711619
0.72211
0.708855
0.714953
0.712376
0.716152
0.709342
0.709115
0.705465
0.712758
0.709265
0.71265
0.712688
0.712389
0.711034
0.711035
0.713058
0.719992
0.7122
0.716822
0.71272
0.717076
0.720407
0.711677
0.714739
0.711374
0.718038
0.707345
0.712978
0.702875
0.71117
0.700375
0.709107
0.70405
0.704285
0.704069
0.709676
0.708233
0.707202
0.705529
0.709916
0.712085
0.706585
0.707633
0.712597
0.708297
0.708978
0.714936
0.708231
0.707279
0.716128
0.707261
0.713935
0.706697
0.717094
0.725416
0.703021
0.709903
0.706662
0.722098
0.719398
0.70837
0.717262
0.711057
0.707063
0.70557
0.70118
0.70988
0.701301
0.708039
0.70149
0.702628
0.718003
0.709399
0.716914
0.70876
0.715847
0.711896
0.702413
0.719043
0.701087
0.716321
0.705338
0.702275
0.711294
0.70487
0.712622
0.705665
0.707672
0.70786
0.71088
0.709901
0.706085
0.708149
0.707205
0.707475
0.709101
0.72279
0.717469
0.701276
0.714841
0.712989
0.701635
0.704938
0.710056
0.708537
0.713056
0.706856
0.714149
0.704572
0.704043
0.704364
0.719102
0.709013
0.710333
0.711659
0.707241
0.700601
0.703378
0.713826
0.715629
0.710056
0.707969
0.704738
0.711069
0.703953
0.69864
0.717052
0.7075
0.710453
0.706317
0.718041
0.713516
0.707133
0.702401
0.712694
0.707077
0.711859
0.702843
0.713301
0.70748
0.711529
0.714275
0.716968
0.713564
0.714548
0.706246
0.714122
0.710342
0.714066
0.708894
0.711343
0.714228
0.709368
0.703921
0.699715
0.704284
0.712225
0.704036
0.705916
0.701693
0.703549
0.708056
0.709194
0.710315
0.708613
0.707941
0.709493
0.712326
0.706647
0.708359
0.706675
0.713147
0.70571
0.707268
0.715763
0.705447
0.707798
0.70779
0.714815
0.708428
0.708409
0.707901
0.713977
0.699864
0.710168
0.708623
0.707901
0.707874
0.70785
0.703073
0.70995
0.710392
0.705785
0.703052
0.712442
0.706744
0.716979
0.706424
0.717745
0.708372
0.714095
0.70114
0.712942
0.7073
0.717968
0.723976
0.707699
0.713613
0.710508
0.719069
0.696786
0.709324
0.70747
0.70992
0.709126
0.703722
0.711122
0.70587
0.709594
0.706527
0.704902
0.711657
0.708606
0.711903
0.714027
0.703746
0.704949
0.713136
0.72318
0.728114
0.713677
0.703826
0.708424
0.713785
0.705248
0.704648
0.708867
0.706651
0.718355
0.711727
0.715721
0.712633
0.708938
0.716434
0.70815
0.709544
0.716282
0.706832
0.709526
0.715835
0.707212
0.715251
0.703268
0.706197
0.710701
0.709651
0.712245
0.703769
0.712806
0.704725
0.712584
0.707355
0.716048
0.704346
0.699331
0.708689
0.700133
0.707001
0.712542
0.706885
0.703547
0.705057
0.702574
0.705777
0.696556
0.704474
0.69686
0.708345
0.705094
0.70137
0.701192
0.698772
0.701154
0.707632
0.692586
0.698892
0.709982
0.694315
0.702224
0.697032
0.69912
0.70605
0.707548
0.709238
0.701275
0.704149
0.707318
0.706997
0.705081
0.702518
0.712881
0.710012
0.699109
0.698462
0.700828
0.69794
0.725791
0.723278
0.704121
0.701967
0.697834
0.700182
0.721005
0.71041
0.699745
0.696299
0.703159
0.705104
0.701836
0.7052
0.714161
0.700338
0.710673
0.701384
0.701283
0.69847
0.698158
0.703732
0.702357
0.698674
0.69412
0.70233
0.702939
0.705156
0.693585
0.700647
0.69875
0.695244
0.70431
0.715949
0.696377
0.700893
0.70063
0.69093
0.70142
0.700358
0.692451
0.705995
0.706065
0.696582
0.702412
0.700238
0.690935
0.701055
0.700434
0.690625
0.701071
0.700896
0.690985
0.700938
0.702795
0.690836
0.701121
0.70095
0.691052
0.700348
0.700253
0.690526
0.701014
0.700965
0.6909
0.701088
0.700675
0.691314
0.704029
0.700844
0.690548
0.703638
0.700835
0.69075
0.700873
0.700232
0.690468
0.701459
0.700331
0.69118
0.701329
0.700547
0.691332
0.702871
0.700471
0.690777
0.700898
0.700669
0.690933
0.700981
0.700672
0.690389
0.701206
0.700697
0.69094
0.70131
0.700696
0.69164
0.70112
0.702405
0.691061
0.701097
0.700724
0.691607
0.701004
0.700079
0.69096
0.700764
0.70012
0.69061
0.701056
0.700947
0.691426
0.701637
0.700521
0.692218
0.701654
0.700704
0.693011
0.700992
0.700207
0.690811
0.701332
0.700292
0.691224
0.700877
0.700592
0.691021
0.70099
0.700625
0.691116
0.701232
0.700601
0.690418
0.700806
0.701875
0.691091
0.700697
0.700686
0.690821
0.701141
0.700554
0.691217
0.701182
0.700483
0.690822
0.700973
0.700751
0.690565
0.700807
0.700284
0.690565
0.701098
0.700497
0.690583
0.70104
0.703123
0.691598
0.701291
0.700806
0.691007
0.701317
0.700953
0.690705
0.700667
0.700237
0.691227
0.701786
0.700667
0.690833
0.70119
0.700657
0.690958
0.700914
0.700747
0.692395
0.701195
0.700661
0.690748
0.7013
0.700602
0.690428
0.700633
0.70036
0.690586
0.701131
0.700685
0.690811
0.701192
0.700403
0.690731
0.701161
0.700283
0.690699
0.702081
0.700321
0.690362
0.70048
0.700261
0.690408
0.700713
0.700499
0.690772
0.70075
0.700424
0.690617
0.701257
0.701116
0.690922
0.703091
0.700314
0.690757
0.700532
0.703108
0.690636
0.700803
0.70092
0.6907
0.700675
0.70028
0.690582
0.701325
0.700306
0.690653
0.701133
0.700228
0.69076
0.701272
0.700441
0.69047
0.700725
0.700665
0.690878
0.701104
0.70099
0.690466
0.701244
0.702224
0.690942
0.700494
0.700448
0.690802
0.701343
0.700682
0.691283
0.700807
0.700309
0.692448
0.701026
0.700602
0.690518
0.700676
0.700611
0.690701
0.700971
0.700297
0.690696
0.701871
0.700482
0.693269
0.701541
0.700776
0.690888
0.701162
0.70089
0.690564
0.70073
0.700461
0.690594
0.700535
0.699936
0.68537
0.695127
0.694938
0.68564
0.695776
0.695216
0.686048
0.695426
0.695003
0.68521
0.695098
0.694862
0.68514
0.695455
0.697107
0.685363
0.696616
0.694679
0.685328
0.695511
0.695724
0.686673
0.6959
0.695064
0.685394
0.695179
0.695602
0.685419
0.695289
0.694666
0.686485
0.695895
0.694949
0.685302
0.695656
0.695197
0.685393
0.696489
0.699661
0.685688
0.696101
0.695616
0.685607
0.695304
0.695203
0.685442
0.695616
0.694877
0.685587
0.69607
0.695435
0.685902
0.69589
0.695049
0.685283
0.695959
0.695353
0.685457
0.695259
0.694776
0.685412
0.6959
0.695028
0.685237
0.695766
0.697418
0.686282
0.695629
0.695243
0.685492
0.695257
0.695324
0.685996
0.695773
0.69468
0.685712
0.695638
0.695126
0.685223
0.695906
0.695634
0.686175
0.695779
0.694981
0.685294
0.69584
0.694893
0.685343
0.695369
0.695272
0.685141
0.695154
0.694997
0.685479
0.695506
0.69742
0.685958
0.696146
0.695121
0.685463
0.695251
0.695571
0.685634
0.695413
0.696689
0.685223
0.695785
0.69478
0.685483
0.695847
0.695235
0.685962
0.69584
0.695017
0.685479
0.695937
0.695128
0.685404
0.695765
0.694905
0.685134
0.695382
0.694959
0.685205
0.695833
0.695576
0.685765
0.696883
0.695299
0.685384
0.695493
0.694735
0.685324
0.69576
0.694916
0.685258
0.698009
0.695042
0.685821
0.69574
0.695062
0.685748
0.69576
0.695475
0.685611
0.695962
0.695164
0.685302
0.695837
0.69505
0.685148
0.695966
0.696034
0.6854
0.696536
0.696604
0.685921
0.695917
0.694947
0.685374
0.69512
0.695886
0.685594
0.695823
0.695323
0.685439
0.695444
0.694971
0.686022
0.697244
0.695375
0.685728
0.696071
0.695315
0.685084
0.696028
0.695258
0.685467
0.695753
0.694946
0.685338
0.69911
0.695813
0.685988
0.695803
0.695365
0.688698
0.695658
0.695816
0.685388
0.695698
0.695083
0.685615
0.695406
0.695271
0.685508
0.695525
0.695069
0.685973
0.695696
0.695351
0.686197
0.695992
0.696675
0.685315
0.695599
0.695217
0.685584
0.695722
0.696685
0.685432
0.695611
0.695068
0.685851
0.695843
0.695543
0.686658
0.696057
0.695153
0.685594
0.695416
0.697522
0.685702
0.695474
0.695039
0.685578
0.695576
0.694967
0.685885
0.695776
0.695528
0.685478
0.695722
0.695188
0.685191
0.695469
0.695182
0.685445
0.696526
0.697953
0.685654
0.695911
0.695219
0.685549
0.695692
0.69533
0.685649
0.695946
0.695078
0.685484
0.695511
0.695154
0.685817
0.695984
0.694751
0.685454
0.696174
0.696261
0.685793
0.696114
0.695675
0.685929
0.696208
0.695432
0.685535
0.696021
0.69524
0.686889
0.695769
0.694838
0.685324
0.695898
0.695036
0.685639
0.696637
0.695854
0.687384
0.695672
0.695499
0.685727
0.695666
0.695432
0.68567
0.696229
0.695229
0.685329
0.69604
0.694966
0.685551
0.695715
0.695995
0.685876
0.695695
0.69564
0.685612
0.697071
0.695498
0.686216
0.697003
0.694926
0.68546
0.6954
0.694966
0.685867
0.696016
0.695847
0.686218
0.696163
0.69549
0.68533
0.695983
0.695259
0.685589
0.69611
0.695705
0.685679
0.695641
0.695187
0.685956
0.69641
0.695669
0.685908
0.695857
0.695397
0.685523
0.695287
0.695125
0.685424
0.696569
0.696732
0.685315
0.696028
0.695334
0.685436
0.69588
0.695438
0.686405
0.695747
0.69558
0.685477
0.695371
0.69574
0.685317
0.69607
0.695159
0.685362
0.696531
0.695204
0.685785
0.695977
0.695536
0.685962
0.695944
0.695617
0.686261
0.695953
0.695362
0.685913
0.695909
0.694884
0.685603
0.695654
0.69529
0.685907
0.696393
0.69547
0.685787
0.69707
0.695724
0.685307
0.695092
0.695463
0.685345
0.695973
0.696206
0.685345
0.696445
0.695135
0.685855
0.696138
0.69553
0.685798
0.696058
0.695207
0.685444
0.695292
0.694924
0.685434
0.695906
0.694787
0.685965
0.695822
0.695054
0.685946
0.696377
0.695217
0.685747
0.69567
0.695464
0.685081
0.695304
0.695116
0.686858
0.696013
0.694902
0.685643
0.695718
0.695111
0.68581
0.696152
0.695915
0.686357
0.695446
0.695602
0.685151
0.69577
0.696832
0.685292
0.696162
0.695066
0.685362
0.69601
0.695195
0.685481
0.695923
0.695386
0.685923
0.696078
0.695569
0.685319
0.695101
0.695251
0.685131
0.695958
0.694976
0.685758
0.696785
0.697387
0.687093
0.696172
0.695413
0.68569
0.695787
0.695503
0.685644
0.694782
0.695236
0.685547
0.695805
0.694959
0.685474
0.6951
0.695389
0.686175
0.695697
0.695366
0.680694
0.690583
0.690137
0.681763
0.690118
0.690049
0.679993
0.690355
0.689752
0.679934
0.690492
0.689853
0.680716
0.690647
0.690089
0.680663
0.690228
0.689972
0.679909
0.690241
0.690792
0.680796
0.691429
0.689447
0.680054
0.692392
0.689889
0.680468
0.690446
0.689928
0.680631
0.690206
0.690501
0.679945
0.690041
0.689764
0.679839
0.689952
0.689373
0.680071
0.690628
0.689856
0.680746
0.690367
0.689879
0.680647
0.690218
0.691073
0.680063
0.690389
0.689927
0.680238
0.690561
0.689274
0.680154
0.689982
0.689507
0.680528
0.690103
0.689934
0.681856
0.690547
0.690047
0.680117
0.689768
0.689508
0.67986
0.689732
0.689425
0.680283
0.690327
0.689663
0.680679
0.690569
0.689932
0.680423
0.690404
0.689774
0.680035
0.689973
0.689697
0.679796
0.690783
0.689383
0.680062
0.690134
0.689529
0.680578
0.690484
0.690027
0.68019
0.690193
0.690173
0.680593
0.690101
0.689828
0.679976
0.691307
0.68955
0.679888
0.690936
0.689803
0.681381
0.690549
0.689895
0.680703
0.69008
0.690161
0.680389
0.690354
0.690193
0.680316
0.690285
0.689604
0.680353
0.690508
0.689519
0.68052
0.690454
0.689884
0.680578
0.690085
0.690067
0.679645
0.690244
0.689883
0.679848
0.689987
0.689462
0.679907
0.689976
0.689482
0.680757
0.69048
0.689966
0.680679
0.690313
0.689792
0.679893
0.689369
0.689733
0.68032
0.691838
0.689372
0.680349
0.690572
0.689341
0.680662
0.690739
0.689531
0.680802
0.69001
0.690084
0.680465
0.68978
0.689933
0.680067
0.690669
0.68959
0.68048
0.689992
0.689944
0.680519
0.690481
0.690026
0.680586
0.690044
0.690054
0.679919
0.690012
0.689948
0.679903
0.690622
0.689481
0.680388
0.690289
0.689852
0.680392
0.690377
0.690072
0.680585
0.690206
0.690034
0.679895
0.690217
0.689853
0.680055
0.690048
0.689511
0.681238
0.691274
0.689611
0.680373
0.69044
0.690088
0.680392
0.690511
0.689962
0.680094
0.689996
0.689696
0.679996
0.690509
0.689399
0.680717
0.690464
0.6895
0.680549
0.691415
0.689898
0.680545
0.690301
0.690152
0.679879
0.689981
0.689706
0.679878
0.69013
0.689683
0.680095
0.690434
0.689642
0.681098
0.690533
0.690109
0.680701
0.690452
0.690287
0.680067
0.690801
0.690088
0.679949
0.690293
0.691171
0.679826
0.690253
0.689349
0.680611
0.690781
0.690256
0.680474
0.690304
0.690961
0.680247
0.690178
0.69006
0.680305
0.690648
0.689801
0.680147
0.690507
0.689842
0.680897
0.690556
0.690019
0.680406
0.690195
0.689989
0.679727
0.68968
0.689704
0.679985
0.690419
0.690046
0.680251
0.690057
0.689723
0.680773
0.690928
0.690264
0.680529
0.690456
0.690138
0.682
0.690418
0.690226
0.679754
0.690588
0.689688
0.680582
0.689745
0.689727
0.680453
0.691254
0.690382
0.680794
0.690446
0.690291
0.679934
0.689548
0.68989
0.680416
0.69053
0.689879
0.680275
0.690695
0.690029
0.680811
0.690544
0.68964
0.680638
0.690122
0.690122
0.679931
0.690293
0.689654
0.679908
0.690471
0.689578
0.680293
0.691311
0.689328
0.68091
0.690512
0.692205
0.681561
0.691708
0.690165
0.679768
0.690017
0.689655
0.680057
0.689994
0.689774
0.680045
0.690332
0.689403
0.680424
0.690495
0.690136
0.680506
0.6902
0.690022
0.680403
0.690334
0.689765
0.680048
0.690101
0.689646
0.680103
0.690858
0.689681
0.68105
0.69063
0.690426
0.68008
0.690278
0.690109
0.680009
0.689936
0.690171
0.679927
0.690343
0.68939
0.680087
0.690637
0.689936
0.68046
0.690324
0.690017
0.680524
0.690413
0.69022
0.679897
0.689937
0.691742
0.680201
0.690312
0.690849
0.68065
0.69044
0.689784
0.68089
0.690454
0.689748
0.68122
0.69074
0.690123
0.680484
0.689672
0.690019
0.679887
0.690064
0.689541
0.680158
0.690228
0.689901
0.680411
0.690933
0.690125
0.680694
0.690377
0.69015
0.680233
0.689725
0.692321
0.679919
0.690661
0.689892
0.680068
0.690289
0.689939
0.680573
0.690654
0.690182
0.680531
0.690214
0.690022
0.680343
0.690088
0.692727
0.680279
0.690721
0.689608
0.680199
0.690826
0.690231
0.680503
0.690549
0.690038
0.680601
0.690319
0.690531
0.679954
0.689921
0.689864
0.68035
0.690418
0.689679
0.680235
0.690192
0.690008
0.680643
0.690679
0.690305
0.680927
0.690242
0.690175
0.680014
0.690713
0.690191
0.68025
0.690512
0.689482
0.680045
0.690742
0.689963
0.6807
0.691287
0.691096
0.680259
0.690706
0.690137
0.680018
0.689984
0.68977
0.679746
0.690696
0.689718
0.680374
0.68998
0.690194
0.682494
0.690375
0.689876
0.680535
0.690525
0.689752
0.680198
0.689741
0.68986
0.680011
0.690119
0.689654
0.680254
0.690979
0.690534
0.680998
0.690778
0.690282
0.680946
0.690672
0.690189
0.680276
0.69005
0.689322
0.68006
0.690199
0.689396
0.679972
0.689506
0.689639
0.680495
0.690313
0.689622
0.680968
0.689921
0.689744
0.68093
0.690238
0.689162
0.679155
0.69027
0.689632
0.680717
0.690194
0.689085
0.679658
0.690149
0.690384
0.680024
0.690569
0.68951
0.679654
0.690198
0.689601
0.679635
0.690859
0.689471
0.680192
0.691462
0.689273
0.680088
0.690009
0.689439
0.679998
0.690504
0.689877
0.679387
0.690288
0.689528
0.680088
0.690008
0.689586
0.679777
0.690326
0.689616
0.680337
0.690135
0.689274
0.680581
0.689972
0.689642
0.679695
0.689533
0.689682
0.679557
0.69005
0.689228
0.679921
0.690158
0.689235
0.68001
0.690599
0.691421
0.680256
0.690188
0.689638
0.679857
0.689628
0.689477
0.681326
0.689881
0.683525
0.674555
0.685659
0.684187
0.675082
0.684552
0.684034
0.674881
0.684782
0.68419
0.674146
0.684122
0.683971
0.674337
0.68584
0.683655
0.674316
0.684525
0.683956
0.67517
0.684452
0.684191
0.674931
0.684666
0.684216
0.674517
0.684458
0.684164
0.674104
0.685166
0.683871
0.674659
0.685253
0.684228
0.674951
0.685249
0.684116
0.674988
0.684605
0.684368
0.67431
0.684279
0.683748
0.674545
0.684681
0.683863
0.674683
0.684656
0.683891
0.674669
0.684911
0.684239
0.675326
0.684506
0.684393
0.674548
0.685218
0.683908
0.674165
0.684488
0.683726
0.674651
0.684495
0.684179
0.674951
0.684755
0.684259
0.674475
0.684478
0.684284
0.674174
0.684109
0.684277
0.674679
0.68452
0.683745
0.67466
0.685849
0.683987
0.674817
0.684851
0.683847
0.675139
0.684579
0.685238
0.674719
0.684666
0.684192
0.674496
0.684538
0.683761
0.674715
0.684561
0.68419
0.675149
0.684517
0.684799
0.675467
0.68444
0.684036
0.674363
0.684588
0.683664
0.67426
0.684912
0.683947
0.674662
0.684934
0.684041
0.675058
0.684622
0.684255
0.674816
0.684292
0.684526
0.674288
0.683689
0.68439
0.674535
0.684753
0.683519
0.674552
0.684509
0.684181
0.675439
0.684578
0.684232
0.675111
0.684516
0.684221
0.674595
0.684858
0.684437
0.674371
0.685076
0.683722
0.674518
0.684547
0.683803
0.674725
0.684796
0.684063
0.674877
0.685348
0.68657
0.674329
0.683772
0.684238
0.674387
0.684928
0.683857
0.674486
0.684716
0.684011
0.674876
0.685061
0.684107
0.675256
0.684457
0.684076
0.674484
0.684213
0.684354
0.674184
0.684584
0.683754
0.675286
0.685118
0.683723
0.67489
0.684409
0.684227
0.674812
0.684354
0.686122
0.674323
0.684228
0.684027
0.674018
0.684664
0.683675
0.674312
0.684087
0.683716
0.674925
0.684658
0.6839
0.674458
0.684335
0.684332
0.674588
0.684784
0.683905
0.674224
0.685648
0.684067
0.678119
0.685146
0.683788
0.674577
0.684823
0.68415
0.67464
0.686272
0.68419
0.674518
0.68359
0.684033
0.674326
0.684739
0.683725
0.674614
0.684002
0.683846
0.674931
0.685126
0.684087
0.674848
0.684492
0.684085
0.67465
0.684215
0.684087
0.674644
0.684437
0.683738
0.674398
0.684829
0.683821
0.674498
0.684804
0.683988
0.675051
0.684824
0.684484
0.674962
0.684699
0.684085
0.674372
0.684778
0.683863
0.67455
0.684687
0.683875
0.675188
0.685046
0.684209
0.674638
0.68459
0.684135
0.674671
0.684355
0.683993
0.67398
0.684963
0.683806
0.674356
0.684318
0.683864
0.674759
0.685172
0.684042
0.675311
0.684934
0.68393
0.674154
0.68446
0.683962
0.674351
0.684716
0.683702
0.674581
0.684746
0.68411
0.674741
0.684633
0.684227
0.674579
0.6849
0.684141
0.674436
0.684724
0.683955
0.674482
0.684721
0.684986
0.674364
0.684239
0.683933
0.674943
0.684631
0.68433
0.675074
0.684688
0.684214
0.674431
0.684301
0.68446
0.674551
0.685169
0.683784
0.674484
0.684357
0.683723
0.674553
0.684881
0.684174
0.67442
0.684525
0.684624
0.674454
0.68462
0.68433
0.674661
0.684699
0.683836
0.674319
0.684476
0.68403
0.674692
0.684405
0.683824
0.674575
0.684877
0.684154
0.674144
0.684918
0.684067
0.674336
0.684251
0.68368
0.674404
0.684384
0.684076
0.674431
0.684624
0.684001
0.674424
0.68471
0.684174
0.673878
0.684099
0.684276
0.674662
0.685224
0.684444
0.674416
0.684259
0.683728
0.675137
0.684845
0.685063
0.674556
0.684969
0.684692
0.674553
0.6847
0.684164
0.674283
0.684761
0.683688
0.673938
0.684687
0.684026
0.674887
0.684596
0.684178
0.674596
0.684581
0.684345
0.674575
0.684463
0.683889
0.674572
0.684378
0.683493
0.674316
0.684461
0.68377
0.674827
0.686306
0.68407
0.674612
0.684605
0.684272
0.674282
0.68437
0.684177
0.674758
0.684895
0.683686
0.674304
0.68442
0.683902
0.674903
0.684752
0.683814
0.674747
0.684836
0.68415
0.674466
0.684635
0.684096
0.674311
0.684625
0.684066
0.674268
0.684353
0.684049
0.675232
0.686055
0.68419
0.674945
0.684615
0.684106
0.674313
0.684372
0.6842
0.674444
0.684549
0.683829
0.674466
0.684691
0.683805
0.674882
0.684656
0.683894
0.675094
0.684599
0.68412
0.674213
0.684675
0.684978
0.674128
0.684353
0.683731
0.67456
0.684864
0.683569
0.674885
0.687089
0.6843
0.674397
0.684487
0.683806
0.674276
0.684579
0.684375
0.673921
0.683864
0.683795
0.67475
0.684996
0.683769
0.674784
0.684457
0.683926
0.674411
0.684734
0.684062
0.673963
0.684459
0.68376
0.674203
0.684498
0.683438
0.674186
0.6844
0.683771
0.675916
0.68444
0.684277
0.674423
0.684235
0.683799
0.674186
0.684839
0.683965
0.674342
0.68466
0.68352
0.674454
0.684963
0.68387
0.674246
0.684614
0.684276
0.674709
0.684836
0.684399
0.674344
0.683821
0.684228
0.674168
0.684202
0.683789
0.674059
0.684367
0.684315
0.676769
0.685007
0.68418
0.674633
0.684498
0.683931
0.674718
0.684315
0.68438
0.674603
0.684516
0.68395
0.67392
0.685115
0.6839
0.674854
0.684742
0.68396
0.674556
0.684279
0.684475
0.674442
0.684522
0.684316
0.674474
0.685156
0.683772
0.674464
0.684925
0.684127
0.675119
0.684661
0.68416
0.674818
0.684844
0.684886
0.674104
0.68406
0.6842
0.674304
0.684465
0.68365
0.674388
0.685163
0.68386
0.674747
0.684717
0.684967
0.674239
0.684675
0.684321
0.674751
0.684937
0.683836
0.674347
0.684126
0.683883
0.674278
0.684535
0.685773
0.674822
0.685281
0.684192
0.674874
0.684557
0.684335
0.674151
0.684923
0.684072
0.674192
0.684552
0.683609
0.674291
0.685109
0.683773
0.670052
0.679753
0.678654
0.6692
0.679475
0.678849
0.668979
0.679648
0.679199
0.669112
0.679575
0.678352
0.669094
0.679511
0.679983
0.669519
0.679421
0.678918
0.669341
0.679714
0.679195
0.669231
0.679306
0.678478
0.66894
0.67896
0.677991
0.669143
0.679061
0.678646
0.669388
0.679267
0.678656
0.669276
0.679242
0.678732
0.668891
0.678911
0.678826
0.669239
0.679713
0.678433
0.669109
0.6791
0.679252
0.669349
0.679299
0.678983
0.669363
0.679375
0.67873
0.669277
0.679416
0.678685
0.66892
0.680724
0.67821
0.669031
0.678904
0.678558
0.669393
0.679289
0.678683
0.669132
0.679283
0.678861
0.668847
0.679927
0.678763
0.669071
0.679506
0.678338
0.668962
0.681088
0.6783
0.669098
0.679075
0.678756
0.669389
0.679272
0.678686
0.669383
0.678729
0.678523
0.669006
0.679013
0.677798
0.669075
0.679917
0.678596
0.669525
0.679175
0.678733
0.669204
0.679199
0.679508
0.66889
0.67881
0.678439
0.668796
0.678782
0.678156
0.669005
0.679176
0.678007
0.669335
0.679334
0.678719
0.669227
0.679232
0.678647
0.669186
0.679468
0.678748
0.669034
0.679628
0.678506
0.669094
0.67926
0.678624
0.669407
0.679345
0.678635
0.669412
0.679333
0.67906
0.669576
0.67917
0.67844
0.669351
0.679626
0.678215
0.66904
0.68025
0.678631
0.669241
0.67956
0.678685
0.669978
0.679298
0.67858
0.669156
0.678951
0.678756
0.669117
0.680069
0.678004
0.669155
0.67946
0.678527
0.66971
0.67967
0.678656
0.669612
0.679325
0.678782
0.669124
0.678948
0.678616
0.669745
0.679436
0.678318
0.669154
0.678766
0.678692
0.669257
0.679522
0.678727
0.669943
0.679413
0.678802
0.66913
0.678821
0.67903
0.669196
0.678995
0.678239
0.669275
0.679255
0.678675
0.669254
0.679189
0.678631
0.669064
0.679187
0.678938
0.66929
0.678779
0.678548
0.669189
0.679795
0.67834
0.67036
0.678978
0.678355
0.66933
0.679479
0.678772
0.669386
0.679172
0.679271
0.668913
0.67949
0.678488
0.669276
0.679572
0.678444
0.668985
0.679198
0.678265
0.669307
0.679251
0.678782
0.669967
0.683495
0.678978
0.668955
0.678602
0.678431
0.668941
0.679381
0.678263
0.672351
0.678993
0.678478
0.669393
0.679266
0.678712
0.669282
0.679317
0.678887
0.669403
0.678547
0.678923
0.669474
0.679001
0.67832
0.669384
0.678784
0.678459
0.669324
0.679164
0.678623
0.669877
0.679441
0.678859
0.668907
0.6788
0.679157
0.668997
0.678847
0.678407
0.669133
0.679761
0.678449
0.669279
0.67934
0.678711
0.669728
0.679513
0.678781
0.669083
0.67952
0.678614
0.669262
0.67912
0.678335
0.669001
0.679177
0.678621
0.669171
0.679678
0.678958
0.66941
0.679898
0.678844
0.668779
0.679633
0.678524
0.669192
0.679533
0.6802
0.669326
0.679068
0.678343
0.668915
0.679318
0.678749
0.669652
0.679312
0.678707
0.668911
0.679411
0.679121
0.66908
0.679655
0.678329
0.669315
0.679769
0.678657
0.669194
0.67917
0.678538
0.669494
0.679449
0.679035
0.669427
0.679198
0.67857
0.669006
0.679316
0.677936
0.669048
0.681525
0.678454
0.669738
0.67917
0.678782
0.66909
0.679884
0.678774
0.669383
0.679214
0.678568
0.669198
0.679689
0.678673
0.66923
0.679093
0.678332
0.669227
0.679471
0.679003
0.669928
0.679362
0.678519
0.669312
0.679177
0.67851
0.668994
0.678883
0.678147
0.669413
0.678932
0.678231
0.670623
0.679175
0.678855
0.669613
0.679541
0.678851
0.668953
0.679084
0.678632
0.669262
0.679724
0.678027
0.669184
0.678821
0.678388
0.669832
0.679255
0.678553
0.669994
0.679454
0.679005
0.669129
0.679413
0.678361
0.669141
0.678875
0.678582
0.669224
0.679787
0.678582
0.669098
0.679437
0.678774
0.670683
0.679151
0.678735
0.668864
0.679417
0.678614
0.668964
0.679623
0.678022
0.668535
0.679518
0.678318
0.66964
0.679073
0.678587
0.669084
0.679384
0.678565
0.669065
0.679301
0.6787
0.66882
0.679017
0.67961
0.668979
0.678895
0.677991
0.669099
0.679591
0.679022
0.66943
0.678853
0.679792
0.669765
0.678961
0.678786
0.669077
0.678926
0.678436
0.669634
0.679107
0.678645
0.66922
0.679433
0.678494
0.66995
0.679366
0.678909
0.669028
0.678972
0.678922
0.669206
0.679566
0.678358
0.668775
0.678825
0.678579
0.669481
0.67948
0.67877
0.669571
0.679275
0.679097
0.668993
0.679331
0.678921
0.669187
0.679321
0.678298
0.669019
0.679003
0.678606
0.669957
0.67951
0.67857
0.669335
0.679235
0.679159
0.669092
0.679204
0.678418
0.669376
0.679232
0.678053
0.669484
0.678735
0.678579
0.669537
0.679593
0.679135
0.668838
0.679162
0.678983
0.668988
0.679449
0.678788
0.668821
0.679884
0.678203
0.668926
0.679057
0.67866
0.669564
0.679284
0.678988
0.669522
0.679159
0.678984
0.669052
0.673578
0.673063
0.66453
0.673709
0.672712
0.663557
0.6737
0.672867
0.663928
0.674041
0.673385
0.664397
0.6736
0.673287
0.663505
0.673821
0.673428
0.663629
0.674034
0.67292
0.66405
0.674636
0.673206
0.663958
0.674273
0.6735
0.663946
0.673903
0.673668
0.663792
0.673951
0.673102
0.663806
0.673698
0.672742
0.663709
0.674135
0.673025
0.664518
0.67413
0.673341
0.663723
0.673856
0.673437
0.663795
0.673773
0.673405
0.663906
0.674382
0.672843
0.663785
0.674119
0.673173
0.66501
0.675761
0.673387
0.664122
0.673934
0.673041
0.663505
0.673906
0.673037
0.663583
0.673751
0.673029
0.66394
0.673948
0.673084
0.663974
0.674045
0.67356
0.664148
0.673849
0.673173
0.663712
0.673126
0.672954
0.663932
0.67362
0.67275
0.664343
0.67402
0.673146
0.663975
0.673597
0.673309
0.6644
0.673595
0.673268
0.663291
0.673951
0.673146
0.663715
0.673865
0.672697
0.663427
0.673796
0.673042
0.664504
0.673847
0.673401
0.664099
0.6736
0.673269
0.664006
0.674042
0.672917
0.663617
0.67406
0.672801
0.664346
0.673807
0.673136
0.664323
0.673963
0.673415
0.66419
0.673568
0.673163
0.664031
0.673554
0.673522
0.663553
0.674113
0.672627
0.663376
0.673837
0.672632
0.663834
0.674341
0.673057
0.663803
0.673829
0.673295
0.663552
0.67388
0.673366
0.66357
0.673502
0.672597
0.663882
0.674219
0.672946
0.663932
0.674035
0.672844
0.664487
0.674106
0.673189
0.664239
0.673617
0.673446
0.663938
0.673848
0.672733
0.663668
0.673322
0.672979
0.663993
0.675034
0.673384
0.664013
0.673606
0.67348
0.663991
0.673069
0.672971
0.663485
0.674183
0.672813
0.663595
0.674124
0.67333
0.664371
0.673785
0.672973
0.664058
0.673748
0.673182
0.663879
0.673453
0.67327
0.663418
0.673294
0.672688
0.664201
0.673947
0.673063
0.664322
0.674015
0.673239
0.663827
0.673786
0.673604
0.663672
0.673999
0.673243
0.663987
0.673646
0.672582
0.663257
0.673886
0.672883
0.663726
0.674006
0.673094
0.664147
0.673887
0.673235
0.663688
0.674032
0.673309
0.663999
0.673686
0.672665
0.663671
0.674044
0.674172
0.665227
0.673964
0.673116
0.663944
0.673658
0.673434
0.663756
0.673615
0.673072
0.664197
0.673676
0.672863
0.663804
0.674179
0.672816
0.664183
0.673945
0.673299
0.66417
0.673624
0.673517
0.664136
0.674022
0.673058
0.663882
0.673427
0.67298
0.663596
0.673872
0.67261
0.664395
0.673674
0.673469
0.664814
0.673509
0.673304
0.663825
0.673679
0.673334
0.664005
0.673485
0.673006
0.663657
0.674188
0.673226
0.664501
0.674009
0.673095
0.664168
0.674032
0.673393
0.663753
0.673427
0.673188
0.663586
0.6742
0.672623
0.663784
0.673768
0.67345
0.663882
0.673827
0.673189
0.664066
0.67385
0.674513
0.663943
0.673517
0.673155
0.663732
0.673696
0.672728
0.664503
0.673714
0.67278
0.664169
0.674113
0.673209
0.663841
0.673787
0.673212
0.663789
0.673839
0.673416
0.663925
0.674226
0.673177
0.663879
0.67382
0.672947
0.663747
0.673421
0.673539
0.663932
0.673953
0.673534
0.663578
0.673578
0.67361
0.663586
0.673809
0.672964
0.663667
0.673818
0.672908
0.664138
0.673841
0.673541
0.663873
0.673699
0.673761
0.664046
0.673526
0.673474
0.663396
0.673673
0.672541
0.66377
0.674165
0.673219
0.664012
0.673865
0.673115
0.664023
0.673743
0.673727
0.663655
0.673403
0.673077
0.663815
0.674887
0.672806
0.663449
0.673688
0.673077
0.664412
0.673765
0.673341
0.664364
0.673506
0.673378
0.66354
0.673333
0.673148
0.66396
0.673731
0.672822
0.66381
0.673553
0.672895
0.663935
0.674067
0.673219
0.664276
0.673612
0.673375
0.663384
0.673947
0.673108
0.663516
0.673596
0.673009
0.663505
0.67416
0.672874
0.664114
0.673535
0.673361
0.664097
0.673844
0.673036
0.663913
0.673404
0.673261
0.663662
0.673555
0.672867
0.663663
0.674049
0.673164
0.664282
0.67382
0.673314
0.664635
0.67424
0.67318
0.663496
0.673981
0.672676
0.663452
0.674037
0.672707
0.663841
0.673459
0.673018
0.664064
0.675239
0.673133
0.663558
0.673823
0.673204
0.663501
0.673851
0.673376
0.663815
0.673913
0.673103
0.663543
0.673643
0.672813
0.664289
0.673847
0.67276
0.664465
0.67397
0.673202
0.664091
0.673648
0.673335
0.663828
0.674185
0.673231
0.663704
0.673538
0.673155
0.663841
0.674042
0.673358
0.665221
0.674163
0.673718
0.663859
0.673947
0.673229
0.663449
0.673273
0.672856
0.663831
0.673411
0.672891
0.664006
0.673977
0.673607
0.66442
0.673859
0.673188
0.663485
0.673952
0.673412
0.663987
0.674224
0.672413
0.663892
0.674118
0.673026
0.66419
0.668453
0.667845
0.658532
0.668265
0.668218
0.658833
0.668502
0.667825
0.658428
0.668495
0.667604
0.658091
0.668161
0.667655
0.658689
0.668669
0.668159
0.658403
0.66831
0.667819
0.658153
0.667793
0.668057
0.658465
0.668398
0.667644
0.658555
0.668701
0.670136
0.659087
0.668314
0.667539
0.65878
0.668367
0.66797
0.658286
0.668116
0.667878
0.660392
0.668822
0.667771
0.658266
0.66801
0.667649
0.658613
0.668282
0.667953
0.658283
0.668398
0.667799
0.658082
0.668137
0.668171
0.658019
0.668552
0.667236
0.658114
0.668605
0.667445
0.658607
0.668266
0.667983
0.658578
0.668353
0.667997
0.65861
0.668888
0.667864
0.658347
0.667956
0.669633
0.658779
0.668587
0.667706
0.65836
0.669005
0.668107
0.658727
0.668719
0.668185
0.658028
0.668261
0.667896
0.658161
0.668474
0.667451
0.658181
0.668344
0.667746
0.659075
0.66886
0.667908
0.659177
0.668365
0.668334
0.658239
0.668676
0.667702
0.658081
0.668537
0.667591
0.658722
0.668635
0.667446
0.660117
0.668823
0.667928
0.658661
0.668222
0.667933
0.658221
0.668531
0.668091
0.658254
0.667883
0.667327
0.658382
0.668266
0.667907
0.658501
0.668337
0.667843
0.659076
0.668565
0.667677
0.65807
0.668103
0.667959
0.658087
0.668655
0.668017
0.658552
0.668083
0.667741
0.658676
0.668459
0.667729
0.661589
0.668431
0.667449
0.658263
0.668355
0.667478
0.658542
0.668375
0.66731
0.658417
0.668357
0.667817
0.659189
0.668644
0.668039
0.65837
0.668421
0.667853
0.6583
0.66821
0.667637
0.658324
0.669846
0.667572
0.658406
0.668892
0.667561
0.658726
0.668403
0.668061
0.65888
0.668416
0.667713
0.658125
0.668436
0.66818
0.658374
0.668948
0.667011
0.658027
0.667958
0.667645
0.658417
0.668457
0.667431
0.65829
0.668499
0.669249
0.658326
0.668317
0.66756
0.658207
0.668896
0.66717
0.658512
0.668269
0.667702
0.658594
0.668653
0.667782
0.659139
0.668544
0.667753
0.658087
0.668028
0.6678
0.658473
0.66859
0.667243
0.658434
0.668093
0.667464
0.658912
0.668278
0.667922
0.658418
0.668172
0.668014
0.658659
0.668539
0.667864
0.658101
0.668224
0.667165
0.658498
0.668163
0.667579
0.658378
0.668573
0.668171
0.658179
0.668263
0.667935
0.6585
0.668275
0.667606
0.658241
0.668802
0.668626
0.659879
0.668673
0.66745
0.659107
0.668713
0.667866
0.65852
0.668458
0.667911
0.658252
0.668518
0.667917
0.658482
0.668393
0.667543
0.658285
0.668076
0.667414
0.658681
0.668573
0.668173
0.658174
0.668393
0.667673
0.658292
0.668374
0.667661
0.65861
0.668697
0.667365
0.658506
0.668039
0.669798
0.658958
0.66847
0.667646
0.659063
0.668569
0.667898
0.658518
0.668186
0.66778
0.658435
0.668869
0.667961
0.658145
0.668772
0.667613
0.658799
0.669107
0.668247
0.658452
0.668394
0.667911
0.658388
0.668788
0.667724
0.658419
0.668679
0.667393
0.658413
0.668284
0.667588
0.658449
0.668301
0.669022
0.658824
0.668428
0.668251
0.658407
0.668108
0.667891
0.658541
0.668278
0.667542
0.658623
0.668749
0.667688
0.658842
0.668607
0.667908
0.658726
0.668308
0.667582
0.658078
0.668099
0.667582
0.658274
0.668108
0.667421
0.658592
0.667954
0.667799
0.660259
0.668437
0.667726
0.658581
0.668923
0.670229
0.658138
0.668355
0.667802
0.658496
0.668409
0.66717
0.658009
0.668466
0.667684
0.658529
0.66824
0.667979
0.658553
0.66836
0.667856
0.658363
0.667846
0.667954
0.658682
0.668193
0.667513
0.657781
0.668386
0.667802
0.658363
0.668582
0.667809
0.658592
0.668361
0.667908
0.658448
0.668399
0.668373
0.65833
0.669194
0.667566
0.658322
0.668615
0.66753
0.65897
0.668423
0.667923
0.658745
0.668256
0.668041
0.658645
0.668455
0.667949
0.658592
0.668168
0.667036
0.658289
0.668123
0.667633
0.659105
0.668659
0.667779
0.658965
0.667979
0.667767
0.658624
0.667958
0.667661
0.658259
0.667909
0.668269
0.658375
0.667985
0.667538
0.658945
0.668619
0.667887
0.658669
0.668525
0.667896
0.65834
0.668387
0.66764
0.658365
0.66798
0.667464
0.658506
0.668056
0.667993
0.658249
0.668643
0.667996
0.658591
0.669463
0.667976
0.658332
0.667964
0.667773
0.658662
0.668116
0.667393
0.658298
0.668862
0.667845
0.658924
0.668504
0.668204
0.658674
0.668511
0.667942
0.658196
0.667581
0.667699
0.658271
0.668693
0.667157
0.658619
0.667935
0.667547
0.65822
0.668121
0.66789
0.658459
0.668499
0.667645
0.658286
0.668369
0.668152
0.658103
0.668043
0.667535
0.658241
0.668369
0.667426
0.658478
0.668344
0.668216
0.658647
0.668302
0.6679
0.658294
0.667917
0.66803
0.658144
0.668093
0.667421
0.65796
0.668159
0.667592
0.658474
0.668472
0.667517
0.658396
0.66822
0.668325
0.658415
0.668038
0.66758
0.658119
0.668015
0.667183
0.658356
0.668152
0.667677
0.658698
0.668444
0.667625
0.658567
0.668394
0.668918
0.658659
0.667933
0.66778
0.658038
0.668342
0.667368
0.658276
0.667784
0.667301
0.658439
0.668476
0.667819
0.658496
0.668358
0.668155
0.65841
0.667709
0.66782
0.657982
0.668256
0.667335
0.658345
0.66781
0.667546
0.658382
0.668611
0.667514
0.658914
0.6681
0.667844
0.658217
0.668371
0.669466
0.658545
0.668487
0.667647
0.658578
0.66837
0.667218
0.658373
0.668217
0.667654
0.658471
0.668432
0.66784
0.65839
0.667925
0.667869
0.657725
0.668373
0.667544
0.658332
0.667895
0.667719
0.659465
0.66956
0.668147
0.658404
0.668573
0.667889
0.658472
0.668526
0.667942
0.65841
0.668017
0.667629
0.658849
0.66793
0.667469
0.65839
0.668069
0.667754
0.658584
0.668052
0.668054
0.658377
0.667836
0.66214
0.652533
0.662322
0.661953
0.652939
0.662439
0.662784
0.652984
0.662875
0.66196
0.652966
0.662878
0.662424
0.652912
0.662703
0.66237
0.652676
0.662571
0.661977
0.652973
0.662986
0.662126
0.653286
0.662967
0.66239
0.652877
0.662968
0.662355
0.652747
0.662392
0.662399
0.653277
0.662738
0.661703
0.653213
0.662847
0.661808
0.65357
0.662754
0.662593
0.652952
0.662757
0.662532
0.652667
0.662248
0.662359
0.653151
0.662805
0.661858
0.652712
0.663311
0.662078
0.653445
0.662913
0.662879
0.653339
0.662772
0.662304
0.652697
0.662482
0.662659
0.652895
0.662842
0.661582
0.653236
0.662887
0.662241
0.652879
0.663185
0.662338
0.6532
0.662737
0.662748
0.652996
0.662518
0.662219
0.65283
0.663278
0.662152
0.65266
0.662493
0.661976
0.653018
0.663027
0.662368
0.653055
0.662978
0.663256
0.653112
0.662739
0.662013
0.652459
0.662781
0.661967
0.652865
0.662312
0.661926
0.652947
0.662803
0.662592
0.653038
0.662939
