719.287
446.166
260.746
144.932
124.092
323.578
237.085
249.048
232.579
220.91
205.759
189.722
172.765
77.243
197.383
70.9182
50.9262
170.905
40.1858
50.7795
31.2277
122.837
25.7501
29.4132
21.6094
22.9738
47.7499
41.3649
25.4565
19.9087
21.1274
23.1118
46.4517
33.5363
30.559
31.7824
32.5922
31.7344
30.4845
29.6391
29.3213
29.1584
28.9968
28.8518
28.6917
28.468
28.3149
28.1701
27.9915
27.8382
27.6923
27.4503
27.374
27.0885
26.9445
26.7875
26.6319
26.4218
26.186
26.0045
25.8182
25.657
25.4935
25.2198
25.0518
24.9012
24.7336
24.5574
24.2875
24.2077
23.9448
23.7825
23.6119
23.4488
23.2922
23.0978
22.9377
22.755
22.558
22.4254
22.3233
22.0531
22.0582
21.8208
21.8099
21.5574
21.5407
21.361
21.2855
21.0932
21.0969
20.8792
20.8535
20.6735
20.6251
20.4369
20.424
20.2598
20.0585
20.0775
19.9039
19.8124
19.7306
19.5608
19.4869
19.3864
19.303
19.2074
19.028
18.9665
18.9642
18.6916
18.6958
18.6137
18.4365
18.4419
18.2723
18.1919
18.0881
18.0128
17.8379
17.8353
17.6742
17.6576
17.4964
17.4149
17.3246
17.2383
17.153
16.9803
16.9763
16.9
16.7182
16.7207
16.5553
16.4629
16.4586
16.2766
16.2031
16.0926
16.1265
15.9577
15.8491
15.7649
15.6855
15.5839
15.6019
15.4386
15.3232
15.2436
15.1579
15.1587
14.9928
14.9155
14.9026
14.729
14.7252
14.5569
14.5629
14.4677
14.3797
14.3021
14.2127
14.1378
14.038
14.029
13.8536
13.8524
13.7687
13.6859
13.6022
13.52
13.4223
13.4284
13.3434
13.1688
13.2514
13.0956
12.9797
12.9894
12.9139
12.8161
12.7269
12.6631
12.6279
12.5537
12.4708
12.4521
12.2969
12.2961
12.209
12.2015
12.0363
12.0299
11.9533
11.9426
11.86
11.7659
11.6859
11.6807
11.5982
11.5112
11.5159
11.4216
11.3447
11.3355
11.2605
11.1811
11.1788
11.0808
11.0061
11.0057
10.9012
10.8237
10.814
10.7382
10.7356
10.6535
10.5507
10.5567
10.4557
10.3796
10.3852
10.3797
10.2089
10.294
10.1221
10.1298
10.1233
10.0401
9.95859
9.95547
9.86078
9.8728
9.78365
9.77866
9.70532
9.60273
9.60655
9.61181
9.51317
9.43884
9.44524
9.44513
9.36597
9.25773
9.26123
9.26854
9.19553
9.10249
9.09347
9.09605
9.0114
8.91779
8.91799
8.91464
8.83562
8.82131
8.74588
8.73369
8.65175
8.6756
8.66662
8.58094
8.48295
8.49501
8.48393
8.39424
8.41074
8.39729
8.31813
8.22024
8.22263
8.2235
8.13685
8.14083
8.13418
8.04828
8.04984
7.97109
7.97317
7.96401
7.88771
7.79571
7.88354
7.79252
7.81055
7.71383
7.69769
7.62641
7.62615
7.61345
7.61888
7.53551
7.44907
7.5359
7.44817
7.36479
7.44356
7.35871
7.27254
7.28717
7.27495
7.27357
7.20212
7.18466
7.17924
7.0971
7.10946
7.0203
7.09647
7.00919
6.9297
6.93327
6.92102
6.9204
6.94282
6.84459
6.75598
6.83766
6.76345
6.7614
6.6629
6.74815
6.59005
6.66329
6.66936
6.57621
6.49746
6.5813
6.50329
6.50149
6.50359
6.41404
6.41331
6.41111
6.3302
6.41496
6.32515
6.23057
6.3264
6.23442
6.23695
6.23068
6.14087
6.13968
6.15206
6.14203
6.05975
6.05848
6.05792
6.0596
5.97409
5.97366
5.97598
5.88342
5.97257
5.88773
5.88644
5.88739
5.80038
5.80652
5.79612
5.80335
5.72187
5.70831
5.71342
5.71463
5.71716
5.6252
5.62377
5.62553
5.63168
5.53666
5.54291
5.54717
5.54323
5.5381
5.45284
5.44904
5.45338
5.45603
5.36666
5.44942
5.37265
5.27609
5.37985
5.36565
5.29056
5.28106
5.28294
5.27507
5.22257
5.20021
5.20738
5.21288
5.19662
5.11826
5.20122
5.11925
5.1002
5.02541
5.11191
5.02396
5.11181
5.01753
4.94199
5.01771
4.93633
5.02121
4.93233
4.93947
4.85011
4.94174
4.85769
4.84466
4.85175
4.85649
4.86442
4.78348
4.85752
4.76229
4.76691
4.77004
4.6748
4.75925
4.67996
4.67548
4.69059
4.68216
4.68785
4.59836
4.67916
4.60189
4.59346
4.5985
4.60185
4.50498
4.507
4.60095
4.50558
4.51338
4.49953
4.41706
4.50657
4.41969
4.42249
4.41476
4.43085
4.41553
4.42328
4.33352
4.34006
4.4136
4.32367
4.33383
4.23847
4.33004
4.25068
4.33296
4.24221
4.24361
4.24242
4.24152
4.14966
4.24426
4.15201
4.16115
4.24366
4.15761
4.0647
4.15073
4.15441
4.07359
4.05421
4.15287
4.07473
4.06004
3.98079
4.06022
4.0656
3.98276
3.98379
4.07149
3.98023
3.98183
3.89978
3.98304
3.98056
3.89527
3.90411
3.98979
3.89108
3.89054
3.89169
3.80546
3.91763
3.82762
3.89569
3.8085
3.80355
3.80626
3.82769
3.81581
3.80253
3.71466
3.80844
3.7223
3.80576
3.723
3.73019
3.71563
3.72975
3.63481
3.71989
3.63126
3.71713
3.63565
3.63465
3.62919
3.62458
3.63087
3.63254
3.63816
3.53627
3.63104
3.54185
3.53894
3.63407
3.55878
3.53896
3.45706
3.54574
3.53319
3.45775
3.54372
3.449
3.5497
3.46299
3.45401
3.45981
3.45645
3.44727
3.37248
3.45623
3.35933
3.45755
3.37137
3.44655
3.37166
3.37391
3.36036
3.37206
3.28526
3.36119
3.37171
3.28355
3.3608
3.28723
3.28464
3.36055
3.28506
3.28458
3.27459
3.20132
3.28551
3.27415
3.202
3.28619
3.18813
3.2859
3.19775
3.18801
3.20022
3.19778
3.18879
3.19914
3.1997
3.10161
3.20046
3.11253
3.18819
3.1131
3.11282
3.18848
3.1134
3.11315
3.10172
3.11356
3.02537
3.10139
3.11332
3.02613
3.10228
3.02603
3.11463
3.01999
3.02699
3.02617
3.01706
3.02703
3.02511
3.01616
3.02704
3.02509
2.92859
3.02796
2.94019
3.01543
2.9402
2.93962
2.93135
2.9409
2.94
2.93188
2.94161
2.94015
2.92948
2.94112
2.85195
2.92972
2.85307
2.94017
2.84265
2.85374
2.94021
2.84311
2.85629
2.85352
2.84206
2.85355
2.8545
2.75667
2.85358
2.85266
2.75565
2.85412
2.76788
2.84303
2.76664
2.76635
2.75606
2.85428
2.76682
2.75614
2.76738
2.76634
2.67004
2.76936
2.76586
2.66917
2.76642
2.76986
2.67019
2.68045
2.76668
2.66989
2.68411
2.68136
2.75876
2.68042
2.6795
2.67008
2.59495
2.67975
2.66918
2.68047
2.59394
2.66922
2.67975
2.5934
2.58456
2.68106
2.59375
2.58306
2.68091
2.59398
2.58313
2.59379
2.59297
2.58231
2.59347
2.5946
2.49568
2.59307
2.59282
2.496
2.59367
2.50634
2.58235
2.50938
2.59185
2.49563
2.50638
2.50854
2.58212
2.50611
2.50584
2.49533
2.50572
2.5063
2.40877
2.50698
2.50679
2.4956
2.42249
2.50778
2.40904
2.50629
2.42206
2.49503
2.41903
2.50611
2.40841
2.41997
2.41966
2.40888
2.42038
2.42063
2.40893
2.42044
2.41926
2.40939
2.4207
2.41936
2.32231
2.4192
2.42001
2.32249
2.41977
2.33373
2.32383
2.42073
2.33549
2.40946
2.33343
2.33286
2.32314
2.33403
2.33293
2.32359
2.33284
2.33318
2.3243
2.33314
2.33372
2.32267
2.24704
2.33357
2.32276
2.24765
2.33276
2.23649
2.33505
2.24925
2.32616
2.24717
2.24733
2.32304
2.24715
2.24704
2.23668
2.24728
2.2469
2.23662
2.24737
2.2457
2.23158
2.24219
2.24109
2.23339
2.24174
2.15525
2.23175
2.2416
2.1553
2.23104
2.15504
2.24138
2.14445
2.24258
2.15721
2.14496
2.24333
2.15427
2.14455
2.15503
2.15562
2.2331
2.15559
2.15531
2.14484
2.15534
2.15619
2.05861
2.15544
2.15472
2.14621
2.15602
2.06868
2.14439
2.1553
2.0688
2.1448
2.06974
2.16021
2.0588
2.15639
2.06921
2.14577
2.06964
2.06873
2.06078
2.15581
2.06808
2.05845
2.06968
2.06932
2.05882
2.06894
2.06843
2.05844
2.06978
2.06914
2.05894
2.06948
2.06932
1.97218
2.06952
2.06874
1.97152
2.06906
2.07175
1.97243
2.06879
1.98253
2.0587
1.9825
2.06914
1.97244
1.98335
2.07031
1.97226
1.98273
1.98195
2.05796
1.98247
1.98299
1.97239
1.98235
1.98215
1.97162
1.98289
1.98187
1.97178
1.98233
1.98421
1.8853
1.98184
1.98126
1.97127
1.98157
1.89793
1.97175
1.89569
1.98176
1.97158
1.89516
1.98215
1.88503
1.98269
1.89652
1.88469
1.98216
1.89437
1.88463
1.98194
1.89509
1.88513
1.89513
1.98164
1.8847
1.89566
1.89537
1.88437
1.89555
1.8949
1.88479
1.8952
1.89477
1.88426
1.89499
1.89577
1.79844
1.89774
1.8952
1.88462
1.80853
1.89465
1.88481
1.80907
1.89464
1.88534
1.81166
1.89525
1.79838
1.89513
1.80844
1.88504
1.80886
1.809
1.88524
1.80937
1.80896
1.88481
1.80966
1.80838
1.79824
1.80905
1.89587
1.79835
1.80953
1.81045
1.79878
1.80909
1.80877
1.79841
1.80858
1.81062
1.79886
1.8093
1.80879
1.71185
1.81156
1.80849
1.79919
1.81048
1.72268
1.79856
1.80909
1.7225
1.79814
1.81011
1.72238
1.79876
1.72278
1.80856
1.7123
1.81271
1.72259
1.79906
1.72261
1.72294
1.8015
1.72224
1.72397
1.79855
1.7226
1.72252
1.79882
1.7225
1.72239
1.71245
1.72277
1.72251
1.71232
1.72242
1.80931
1.71286
1.723
1.72395
1.7119
1.72273
1.63598
1.71272
1.72301
1.72431
1.71252
1.72269
1.7223
1.62584
1.72275
1.72303
1.71391
1.6361
1.72245
1.71228
1.63593
1.72493
1.62593
1.72252
1.72223
1.62564
1.72264
1.63545
1.71233
1.63569
1.63618
1.71213
1.63569
1.72263
1.62508
1.63659
1.72231
1.62562
1.63851
1.72514
1.62579
1.63645
1.63565
1.62523
1.72231
1.63653
1.62567
1.63575
1.6359
1.6258
1.63591
1.63571
1.62579
1.63632
1.63539
1.62547
1.63653
1.63663
1.62542
1.63584
1.63644
1.62549
1.54958
1.63596
1.62539
1.63621
1.63565
1.54096
1.63599
1.63503
1.5385
1.63572
1.63522
1.53864
1.63643
1.63665
1.54028
1.63549
1.54937
1.62544
1.54915
1.63546
1.53895
1.63623
1.54862
1.62481
1.54928
1.54846
1.62504
1.54863
1.63642
1.53866
1.54888
1.54947
1.62512
1.5509
1.54921
1.53922
1.63757
1.54838
1.53881
1.54874
1.54842
1.53848
1.63545
1.5502
1.53918
1.54926
1.54927
1.53857
1.55106
1.54915
1.53884
1.54982
1.54915
1.53901
1.5491
1.54854
1.4526
1.54976
1.54963
1.53929
1.54925
1.54935
1.45234
1.54895
1.54917
1.53865
1.55021
1.46402
1.53876
1.54961
1.46261
1.53855
1.54945
1.46296
1.53969
1.46311
1.54964
1.5389
1.46256
1.54977
1.45241
1.54969
1.46223
1.53912
1.46358
1.54935
1.45253
1.46294
1.5497
1.45273
1.54975
1.4632
1.45386
1.5497
1.46294
1.453
1.54976
1.46212
1.45263
1.46289
1.54916
1.45272
1.46342
1.46315
1.53908
1.46527
1.46331
1.45227
1.46236
1.46317
1.45237
1.46307
1.46384
1.53897
1.46361
1.46333
1.45247
1.46332
1.46328
1.45277
1.46317
1.46309
1.3659
1.46252
1.46285
1.45256
1.46318
1.46241
1.45348
1.46377
1.37607
1.45294
1.4637
1.46303
1.45278
1.37603
1.46326
1.45226
1.46263
1.37606
1.45502
1.46329
1.37572
1.45275
1.46402
1.37635
1.45257
1.46327
1.37716
1.45345
1.37585
1.46341
1.45221
1.37637
1.46487
1.36577
1.46334
1.37635
1.45234
1.3767
1.4626
1.3656
1.37644
1.4631
1.36618
1.46313
1.37675
1.36581
1.46238
1.37624
1.36539
1.46316
1.37568
1.36605
1.46533
1.37821
1.36776
1.37664
1.46294
1.36587
1.3762
1.37641
1.45246
1.37541
1.37616
1.36589
1.37617
1.37564
1.36573
1.46199
1.37594
1.36637
1.37591
1.37611
1.36085
1.37069
1.37106
1.36223
1.37051
1.37074
1.36024
1.37077
1.37049
1.36019
1.37057
1.37053
1.36073
1.37078
1.37092
1.36077
1.28371
1.37091
1.36009
1.37076
1.37179
1.3611
1.37238
1.28354
1.36062
1.37286
1.37067
1.27395
1.37079
1.37078
1.36086
1.28394
1.37128
1.36047
1.37055
1.2842
1.36021
1.37044
1.28371
1.36051
1.28459
1.37065
1.36103
1.28408
1.37077
1.27462
1.37062
1.37206
1.27373
1.37079
1.28433
1.36112
1.28448
1.37006
1.27394
1.37066
1.28384
1.36083
1.28388
1.37101
1.2762
1.28436
1.37116
1.27395
1.37044
1.28405
1.27385
1.37054
1.28399
1.27497
1.37104
1.28403
1.27431
1.37099
1.28446
1.27409
1.37093
1.28434
1.27422
1.28401
1.37093
1.27367
1.28468
1.28394
1.27417
1.37071
1.28367
1.27429
1.28469
1.28459
1.27391
1.37085
1.28463
1.27454
1.28548
1.28446
1.2739
1.28649
1.28397
1.2739
1.28494
1.37094
1.27538
1.28443
1.2843
1.27455
1.2846
1.28476
1.27435
1.28433
1.28473
1.27456
1.19773
1.28411
1.27441
1.2848
1.28389
1.2753
1.28491
1.2846
1.27441
1.28408
1.28469
1.18703
1.28421
1.28431
1.27384
1.28413
1.28406
1.1871
1.28467
1.28401
1.27446
1.19776
1.28446
1.2744
1.2844
1.19771
1.27388
1.28321
1.28431
1.18813
1.28695
1.28385
1.18773
1.28443
1.28371
1.18796
1.28469
1.28401
1.18778
1.28384
1.28476
1.18768
1.28405
1.19775
1.27388
1.28458
1.19724
1.27437
1.19728
1.2843
1.18761
1.28433
1.19774
1.27602
1.19757
1.2846
1.187
1.28382
1.19777
1.27371
1.19773
1.28383
1.18769
1.28393
1.19741
1.18721
1.28439
1.19775
1.27415
1.1974
1.19785
1.27353
1.19738
1.28403
1.18707
1.19713
1.2837
1.18828
1.19951
1.28374
1.18735
1.19746
1.28428
1.1874
1.19752
1.19791
1.27385
1.19709
1.19738
1.18712
1.28435
1.19718
1.18809
1.19779
1.19721
1.27416
1.1986
1.19778
1.18749
1.19765
1.2845
1.18704
1.19916
1.19756
1.18708
1.19735
1.19733
1.27391
1.19771
1.19725
1.18823
1.19775
1.19786
1.18789
1.19749
1.19813
1.18732
1.19804
1.19806
1.1873
1.19758
1.1989
1.18709
1.28449
1.19712
1.18754
1.19797
1.19839
1.18762
1.19748
1.19887
1.18793
1.19743
1.19808
1.10103
1.19806
1.19765
1.18761
1.19791
1.19768
1.18809
1.19827
1.19796
1.18758
1.11075
1.19787
1.187
1.19695
1.1977
1.18744
1.1978
1.11164
1.18766
1.19754
1.19741
1.1878
1.11149
1.19811
1.18757
1.19776
1.11145
1.19001
1.19787
1.19824
1.10053
1.19792
1.19762
1.18803
1.11058
1.19751
1.18792
1.11188
1.19866
1.18786
1.19775
1.11158
1.18723
1.19707
1.11155
1.18785
1.1113
1.19759
1.18773
1.11133
1.19794
1.1879
1.11108
1.19762
1.10137
1.19735
1.19805
1.10049
1.19819
1.11087
1.18717
1.11111
1.19736
1.18743
1.11335
1.19709
1.10156
1.1976
1.11379
1.18877
1.11357
1.19806
1.10042
1.19731
1.11101
1.18734
1.11058
1.19747
1.10067
1.11181
1.19702
1.10093
1.19778
1.11132
1.18782
1.1108
1.11125
1.18751
1.11102
1.19748
1.10064
1.11077
1.19755
1.10088
1.198
1.11072
1.10161
1.19771
1.11148
1.1004
1.19732
1.11125
1.10048
1.19696
1.11139
1.10025
1.1974
1.11031
1.10058
1.11117
1.19738
1.10073
1.11073
1.19757
1.10075
1.11068
1.1113
1.18684
1.1103
1.11284
1.10083
1.11095
1.19828
1.1011
1.11104
1.11085
1.18766
1.11093
1.11091
1.10173
1.11117
1.11128
1.18828
1.11031
1.11093
1.10044
1.11068
1.11052
1.18735
1.11071
1.11079
1.10074
1.11129
1.11148
1.101
1.111
1.11145
1.18753
1.11036
1.11353
1.10051
1.11115
1.1112
1.1008
1.11129
1.11111
1.10098
1.11136
1.11138
1.10115
1.11085
1.11132
1.10103
1.11071
1.11409
1.10097
1.11135
1.11066
1.10146
1.1115
1.1115
1.10095
1.11126
1.1112
1.10111
1.11185
1.11179
1.10076
1.11054
1.11106
1.10099
1.1113
1.11095
1.10095
1.11095
1.11094
1.10121
1.11134
1.11169
1.10179
1.11096
1.11135
1.10065
1.11125
1.11143
1.10102
1.11098
1.11062
1.10074
1.1114
1.11111
1.1012
1.11207
1.11259
1.1009
1.11133
1.11149
1.10055
1.11065
1.11131
1.10062
1.11156
1.11105
1.10118
1.11079
1.11138
1.1038
1.11098
1.11121
1.10103
1.11108
1.11112
1.10099
1.11042
1.11135
1.10065
1.11074
1.11092
1.01445
1.11184
1.11219
1.10281
1.02487
1.11162
1.10147
1.02476
1.11166
1.10097
1.02391
1.11064
1.10073
1.02441
1.11059
1.01401
1.1103
1.11082
1.0142
1.11091
1.11086
1.0148
1.11068
1.02434
1.10179
1.1109
1.02385
1.0996
1.02428
1.11086
1.10122
1.02411
1.11026
1.01355
1.11064
1.02524
1.10039
1.02447
1.11067
1.1002
1.02414
1.11084
1.01371
1.1114
1.02389
1.10072
1.02543
1.11083
1.01392
1.11052
1.02393
1.10051
1.02456
1.1111
1.01334
1.11079
1.02418
1.10063
1.024
1.11172
1.01371
1.11076
1.02403
1.10065
1.02397
1.11043
1.01429
1.02387
1.1108
1.01392
1.11018
1.0243
1.10016
1.02399
1.02382
1.10055
1.02414
1.11026
1.01381
1.02467
1.11253
1.01406
1.11079
1.02422
1.01386
1.11035
1.02405
1.10171
1.02381
1.01798
1.09513
1.01961
1.01914
1.09539
1.01854
1.01858
1.09529
1.01877
1.01902
1.0947
1.01807
1.01849
1.09497
1.01977
1.01824
1.09489
1.01853
1.01841
1.09549
1.01836
1.01882
1.0088
1.10552
1.01893
1.00869
1.10539
1.01928
1.00816
1.01924
1.1051
1.00865
1.01928
1.01898
1.09541
1.01932
1.0188
1.00877
1.10541
1.01907
1.00835
1.01838
1.10507
1.00859
1.01873
1.01849
1.00864
1.10539
1.01844
1.00905
1.01886
1.01894
1.09604
1.01856
1.01913
1.00863
1.01981
1.10518
1.00815
1.01847
1.01844
1.00889
1.01855
1.10543
1.00874
1.0188
1.01894
1.00843
1.01846
1.01909
1.09484
1.01819
1.01927
1.00898
1.01845
1.01825
1.00876
1.01999
1.01893
1.09521
1.01876
1.01841
1.00905
1.01856
1.0201
1.00888
1.01873
1.01887
1.00839
1.01866
1.10505
1.00874
1.01871
1.01885
1.00905
1.01852
1.02033
1.00931
1.01827
1.01862
1.00827
1.01858
1.01806
1.00832
1.0189
1.01835
1.00865
1.01901
1.01878
1.00892
1.01843
1.01886
1.00866
1.01831
1.01911
1.00845
1.01769
1.01901
1.00851
1.01871
1.01817
1.00857
1.01848
1.01884
1.0092
1.01839
1.0188
1.0088
1.01839
1.01883
1.00843
1.0189
1.01903
1.00819
1.01905
1.01826
1.00849
1.01857
1.01827
1.00845
1.01856
1.01862
1.00859
1.01928
1.0214
1.00822
1.01765
1.01869
1.00839
1.01871
1.01833
1.0083
1.01871
1.01854
1.00865
1.0189
1.01871
1.00909
1.01831
1.0186
1.00833
1.01813
1.01888
1.00803
1.01858
1.01824
1.00921
1.0194
1.01815
1.00859
1.01831
1.01872
1.00862
1.01842
1.02163
1.00825
1.01808
1.01862
1.00787
1.01901
1.01829
1.00829
1.01794
1.01811
1.00869
1.01855
1.01848
1.00821
1.01827
1.01902
1.00869
1.01896
1.01864
1.00812
1.02105
1.01883
1.01217
1.01908
1.0184
1.00827
1.01879
1.01868
1.00845
1.02018
1.0191
1.00851
1.01779
1.01857
1.00828
1.01866
1.01831
1.00877
1.01789
1.01844
1.00887
1.01917
1.01869
1.00851
1.01845
1.01876
1.00865
1.01857
1.01877
1.00861
1.01841
1.01824
1.00847
1.01876
1.01854
1.00824
1.01882
1.01859
1.0089
1.0189
1.01904
1.00917
1.01874
1.0187
1.0083
1.01875
1.01854
1.00842
1.01885
1.01847
1.00905
1.01911
1.0188
1.00853
1.01859
1.01889
1.00957
1.01846
1.0186
1.00791
1.01889
1.01825
1.00832
1.01824
1.0184
1.00868
1.0191
1.01863
1.00936
1.01894
1.01866
1.00812
1.0185
1.0185
1.00821
1.01882
1.01826
1.00871
1.01862
1.01855
1.00871
1.01857
1.01883
1.00853
1.01874
1.01883
1.00848
1.01857
1.0186
1.00848
1.01869
1.01955
1.0084
1.01826
1.01845
1.0088
1.0185
1.01886
1.00876
1.01865
1.0189
1.00835
1.01836
1.01887
1.00885
1.01911
1.01814
1.00834
1.01824
1.0181
1.00833
1.01882
1.01876
1.00819
1.01841
1.0192
1.00853
1.01849
1.01907
1.00848
1.02026
1.01833
1.00825
1.01849
1.01853
1.00834
1.01818
1.01867
1.0093
1.01873
1.01862
1.00783
1.01886
1.01853
1.00826
1.01816
1.01809
1.00837
1.01829
1.01858
1.00825
1.01861
1.01869
1.00808
1.01864
1.01863
1.00779
1.01801
1.01897
1.00869
1.01911
1.0193
1.00841
1.01812
1.01829
1.00891
1.01879
1.01975
1.00846
1.01888
1.01928
1.00842
1.01871
1.01892
1.00821
1.01869
1.01822
1.00798
1.01876
1.01851
1.00863
1.01843
1.01867
1.00847
1.01852
1.01905
1.00849
1.01842
1.01843
1.00861
1.01829
1.01812
1.00838
1.01858
1.01835
1.00864
1.02021
1.01914
1.00843
1.01858
1.01887
1.00826
1.01833
1.01885
1.00876
1.01903
1.01831
1.00839
1.01919
1.01842
1.0087
1.01884
1.01853
1.00867
1.01887
1.01879
1.00852
1.01865
1.01867
1.00838
1.01873
1.01877
1.00839
1.01871
1.01856
1.0092
1.02015
1.01891
1.00893
1.01869
1.01871
1.00833
1.01825
1.019
1.00859
1.01852
1.01837
1.00847
1.01913
1.01839
1.00872
1.01869
1.01851
1.00902
1.01859
1.01882
1.00826
1.01876
1.0197
1.00805
1.01854
1.01849
1.0084
1.01907
1.0181
1.00879
1.02114
1.01893
1.00831
1.01842
1.01857
1.0082
1.01868
1.01901
1.00788
1.01781
1.01824
1.00877
1.01927
1.0184
1.00858
1.01845
1.01855
1.00823
1.0187
1.0186
1.00801
1.01839
1.01839
1.00831
1.01857
1.01798
1.00819
1.01844
1.01824
1.00973
1.01829
1.01903
1.00819
1.01815
1.01851
1.00841
1.01892
1.01847
1.00813
1.01867
1.01793
1.00853
1.01904
1.01835
1.00805
1.01858
1.01896
1.00868
1.01871
1.01891
1.00828
1.01784
1.01868
1.00815
1.01812
1.01829
1.0081
1.01818
1.01874
1.01098
1.01887
1.01864
1.0084
1.0184
1.01854
1.00868
1.01835
1.01889
1.0086
1.01843
1.01842
1.00798
1.01906
1.01828
1.00863
1.01868
1.01854
1.00827
1.01821
1.01903
1.00825
1.01842
1.01884
1.00856
1.01914
1.01824
1.00823
1.01889
1.01859
1.00962
1.01849
1.01872
1.00859
1.0187
1.01938
1.00807
1.01803
1.01885
1.00824
1.01828
1.01814
1.00828
1.0192
1.01841
1.00853
1.01853
1.02038
1.00806
1.01855
1.01884
1.00874
1.02014
1.01836
1.00824
1.01806
1.01828
1.0083
1.01836
1.0205
1.0085
1.01929
1.01879
1.00872
1.01849
1.01885
1.00808
1.01897
1.01866
1.00805
1.01838
1.0185
1.00832
1.01915
1.01833
1.00386
1.01376
1.01336
1.00294
1.01364
1.01349
1.00288
1.01363
1.01392
1.0031
1.0134
1.01287
1.00315
1.01347
1.01446
1.00324
1.01356
1.01344
1.00325
1.01344
1.01427
1.00318
1.01316
1.01297
1.00289
1.01288
1.01246
1.00309
1.01298
1.01316
1.00311
1.0132
1.01334
1.00301
1.01302
1.01324
1.00279
1.01278
1.01336
1.00338
1.01368
1.01291
1.00308
1.01307
1.01484
1.00329
1.01327
1.01352
1.00308
1.01327
1.0134
1.00319
1.01346
1.01333
1.00299
1.01451
1.01293
1.00288
1.0128
1.01298
1.0033
1.01314
1.0132
1.00294
1.01329
1.01335
1.00267
1.0139
1.01382
1.00287
1.01335
1.01267
1.00298
1.01505
1.01272
1.00286
1.01303
1.01325
1.00314
1.01297
1.01297
1.00334
1.01288
1.01312
1.00279
1.01288
1.01216
1.00305
1.01362
1.01308
1.00317
1.01306
1.01326
1.00284
1.01309
1.01402
1.00269
1.01294
1.01298
1.00269
1.01257
1.0125
1.00279
1.01318
1.01234
1.00296
1.01312
1.01324
1.00289
1.01298
1.01319
1.00317
1.01382
1.01319
1.0028
1.01345
1.01293
1.00296
1.01307
1.01295
1.00318
1.01319
1.01298
1.0032
1.01324
1.01342
1.0035
1.01317
1.01296
1.00322
1.0134
1.01261
1.00305
1.0142
1.01296
1.00295
1.01341
1.01314
1.00373
1.01324
1.01314
1.003
1.01306
1.01338
1.00303
1.01386
1.01259
1.00313
1.01332
1.01311
1.00346
1.01354
1.01314
1.00344
1.01341
1.01339
1.00319
1.0131
1.01324
1.0036
1.0133
1.01283
1.00316
1.01358
1.013
1.00294
1.01355
1.01332
1.0037
1.01352
1.0135
1.00293
1.01331
1.01351
1.00313
1.01313
1.0127
1.00319
1.01324
1.01326
1.00296
1.01305
1.01324
1.00276
1.01304
1.01359
1.00319
1.01284
1.01305
1.00321
1.0137
1.01281
1.00442
1.01299
1.0128
1.00301
1.01317
1.0133
1.00335
1.0133
1.01389
1.00275
1.01342
1.01307
1.00331
1.01341
1.01291
1.00294
1.01323
1.01274
1.00305
1.01319
1.01334
1.0037
1.01744
1.01361
1.00295
1.01249
1.01306
1.00293
1.0133
1.01265
1.00653
1.01294
1.01287
1.00319
1.01313
1.01323
1.00293
1.0132
1.01337
1.00321
1.01246
1.01338
1.00407
1.01289
1.01277
1.00325
1.01259
1.01286
1.00293
1.01289
1.0131
1.00358
1.0131
1.01353
1.0032
1.01256
1.01368
1.00286
1.01273
1.01281
1.00369
1.01363
1.01286
1.00296
1.01314
1.01322
1.00375
1.01357
1.01328
1.003
1.01348
1.01301
1.00313
1.01294
1.01274
1.00285
1.01317
1.01295
1.003
1.0136
1.01325
1.00307
1.0138
1.0133
1.00256
1.01336
1.01293
1.00306
1.01344
1.01461
1.00353
1.013
1.01277
1.00257
1.01313
1.01325
1.00336
1.01313
1.01322
1.00264
1.01316
1.01371
0.916524
0.926754
0.926128
0.916688
0.92709
0.926524
0.916284
0.926435
0.926495
0.916598
0.926642
0.927048
0.916684
0.926548
0.926479
0.916275
0.926619
0.925801
0.916345
0.928786
0.926359
0.916955
0.92643
0.926742
0.916165
0.92707
0.926678
0.916725
0.926407
0.926596
0.916562
0.926818
0.926554
0.916591
0.926411
0.92628
0.916272
0.926736
0.927092
0.917443
0.926601
0.926416
0.916615
0.927008
0.926364
0.916207
0.926209
0.926186
0.916781
0.926133
0.92602
0.917856
0.926546
0.926931
0.916882
0.926864
0.926808
0.916322
0.926311
0.92654
0.91652
0.927049
0.925941
0.916576
0.926179
0.926488
0.917099
0.926595
0.926603
0.917135
0.926831
0.926954
0.916575
0.926697
0.926279
0.916484
0.926068
0.926575
0.917263
0.92705
0.926355
0.916309
0.92667
0.926727
0.91772
0.926437
0.926557
0.916166
0.926644
0.926627
0.91626
0.927285
0.925816
0.915917
0.926843
0.926286
0.916951
0.926431
0.926566
0.916319
0.926609
0.926499
0.916492
0.926464
0.926665
0.91605
0.92626
0.927712
0.916503
0.926393
0.925802
0.916229
0.926749
0.927039
0.916552
0.926015
0.927886
0.917199
0.926326
0.926609
0.916373
0.92623
0.926305
0.916971
0.926548
0.926467
0.916328
0.926608
0.926536
0.917184
0.926718
0.926684
0.916241
0.926223
0.926837
0.916494
0.926863
0.926225
0.91614
0.92595
0.926364
0.916462
0.926647
0.926637
0.916735
0.926443
0.926964
0.916234
0.926871
0.92671
0.916351
0.926626
0.926224
0.916303
0.926141
0.926491
0.917465
0.92659
0.926384
0.9165
0.926582
0.927013
0.916283
0.926373
0.926299
0.916703
0.926524
0.925858
0.916725
0.926312
0.926502
0.916662
0.926801
0.927324
0.916091
0.926536
0.926767
0.916152
0.926742
0.926628
0.916063
0.927105
0.926679
0.916216
0.926219
0.926577
0.91677
0.926651
0.927008
0.916633
0.926372
0.926917
0.916349
0.920793
0.920953
0.912115
0.920881
0.920546
0.910956
0.920923
0.920849
0.911119
0.921309
0.921371
0.911562
0.920788
0.921212
0.910828
0.921893
0.921311
0.911013
0.921153
0.920747
0.911406
0.921977
0.921212
0.911122
0.921586
0.921452
0.911125
0.921156
0.921661
0.911048
0.921317
0.921047
0.911299
0.920931
0.920688
0.91096
0.921425
0.920957
0.911604
0.921413
0.92116
0.910915
0.921069
0.921443
0.911194
0.92106
0.921435
0.911187
0.921914
0.920955
0.911082
0.921483
0.921103
0.91265
0.923074
0.921284
0.911377
0.921206
0.921026
0.910789
0.921278
0.921031
0.910997
0.920924
0.920936
0.911367
0.921286
0.921077
0.911111
0.921262
0.92161
0.911379
0.92124
0.921262
0.910994
0.920462
0.921035
0.91131
0.920975
0.920785
0.911691
0.921668
0.920998
0.911081
0.920847
0.921263
0.911571
0.921856
0.921394
0.910538
0.921176
0.921064
0.91107
0.921131
0.920596
0.910734
0.920989
0.921139
0.911727
0.921195
0.921296
0.91121
0.920833
0.921174
0.91127
0.921356
0.920877
0.910833
0.921312
0.920659
0.911914
0.921037
0.920925
0.911321
0.921208
0.921252
0.911383
0.920802
0.920988
0.911237
0.921054
0.921523
0.910711
0.921201
0.92049
0.910663
0.921037
0.920578
0.910908
0.921497
0.921122
0.910972
0.921145
0.921079
0.910846
0.921089
0.921146
0.910715
0.920702
0.920471
0.9112
0.92153
0.920652
0.911016
0.921286
0.92086
0.912365
0.92118
0.921011
0.911407
0.920736
0.921404
0.911211
0.921028
0.92049
0.911051
0.920553
0.920847
0.91114
0.922378
0.921414
0.911147
0.920852
0.921398
0.911326
0.920409
0.921047
0.910726
0.921409
0.920814
0.910943
0.921386
0.92107
0.911788
0.921036
0.920836
0.911257
0.920945
0.921266
0.911188
0.920786
0.921332
0.910727
0.92061
0.920798
0.91214
0.921575
0.921004
0.911559
0.921328
0.92122
0.911026
0.921018
0.921545
0.910953
0.921336
0.921219
0.911268
0.920915
0.920771
0.910551
0.92125
0.920904
0.91095
0.92127
0.921082
0.911419
0.921309
0.921294
0.91094
0.921373
0.9214
0.911595
0.921033
0.920605
0.911107
0.921319
0.922168
0.912524
0.921395
0.921134
0.911164
0.920869
0.921497
0.911158
0.92126
0.921086
0.91154
0.920965
0.920782
0.911335
0.921441
0.920726
0.911332
0.921335
0.921364
0.911479
0.920951
0.921687
0.911398
0.921219
0.921047
0.911291
0.920707
0.920949
0.911054
0.921183
0.920473
0.911613
0.920998
0.921638
0.912841
0.920915
0.921278
0.91117
0.920965
0.921401
0.911359
0.920755
0.921004
0.911058
0.921501
0.921164
0.911716
0.921483
0.921119
0.911448
0.921447
0.921416
0.911168
0.920747
0.921241
0.910915
0.921538
0.920744
0.911084
0.921137
0.921272
0.911176
0.921165
0.921149
0.911325
0.921133
0.922525
0.911305
0.920799
0.921091
0.91113
0.920922
0.920672
0.911783
0.92102
0.920594
0.911325
0.921396
0.921191
0.911069
0.921147
0.921139
0.910987
0.9211
0.921397
0.911248
0.921476
0.921589
0.911217
0.92113
0.920868
0.910737
0.920692
0.921511
0.911028
0.921168
0.921527
0.91077
0.920888
0.922151
0.910972
0.920951
0.920945
0.91104
0.9211
0.920805
0.911325
0.921096
0.921506
0.911141
0.920963
0.921753
0.911406
0.920873
0.921308
0.910611
0.920943
0.920591
0.911226
0.921461
0.921112
0.911089
0.921268
0.92107
0.911227
0.920935
0.92198
0.911033
0.920692
0.921031
0.911181
0.922221
0.920627
0.910818
0.921053
0.92085
0.911588
0.921173
0.921486
0.91213
0.920853
0.921475
0.910869
0.920874
0.921195
0.911149
0.920915
0.920789
0.911233
0.920869
0.920879
0.911181
0.921628
0.921357
0.911511
0.92145
0.921501
0.910753
0.921363
0.921229
0.910879
0.920931
0.921039
0.910856
0.921419
0.921286
0.911446
0.920992
0.921402
0.911332
0.921212
0.921074
0.91138
0.920821
0.921391
0.911078
0.920968
0.92087
0.911205
0.92139
0.9211
0.91142
0.921194
0.921285
0.912009
0.921704
0.921169
0.910826
0.921168
0.920603
0.910816
0.921446
0.921183
0.911253
0.920791
0.92093
0.911233
0.922898
0.921238
0.910834
0.921238
0.921284
0.910879
0.92118
0.921464
0.911375
0.921297
0.921033
0.910821
0.921074
0.920904
0.91158
0.921118
0.920793
0.911699
0.921414
0.921179
0.91145
0.921085
0.921189
0.911134
0.921433
0.921286
0.910906
0.920875
0.921051
0.911141
0.921371
0.921411
0.912461
0.921487
0.921838
0.911151
0.921332
0.921138
0.910843
0.920526
0.920934
0.911226
0.92063
0.920656
0.911128
0.92128
0.921519
0.912012
0.921128
0.921147
0.910756
0.921208
0.92125
0.911272
0.921511
0.920498
0.911351
0.921297
0.920906
0.911295
0.915867
0.915729
0.905786
0.915628
0.916227
0.906078
0.915724
0.915848
0.905652
0.915751
0.915523
0.905695
0.915396
0.915889
0.905865
0.915913
0.916285
0.905688
0.91569
0.915737
0.905463
0.914923
0.91606
0.905761
0.915612
0.915529
0.906195
0.91593
0.918053
0.906619
0.915555
0.915515
0.905934
0.915713
0.915995
0.905594
0.915386
0.916006
0.907812
0.915995
0.91616
0.90563
0.915353
0.915649
0.905743
0.915585
0.916077
0.905446
0.915829
0.915666
0.905301
0.915656
0.916166
0.905393
0.915796
0.915268
0.90538
0.916014
0.915318
0.905817
0.915584
0.915994
0.905756
0.915719
0.915966
0.90602
0.916406
0.915971
0.905714
0.915264
0.917503
0.906101
0.915846
0.915652
0.905468
0.916312
0.916134
0.905998
0.916026
0.916239
0.905394
0.915521
0.915946
0.905565
0.915744
0.915365
0.905579
0.915724
0.915685
0.90633
0.916153
0.915917
0.907167
0.915719
0.916344
0.90557
0.915946
0.915796
0.905421
0.915859
0.915539
0.906031
0.91596
0.915386
0.907302
0.916128
0.916127
0.905917
0.915518
0.916018
0.905653
0.915922
0.916119
0.905652
0.915104
0.915188
0.905771
0.915608
0.915736
0.905626
0.9157
0.915965
0.906386
0.915983
0.91572
0.905458
0.915487
0.915909
0.905312
0.915916
0.915999
0.906056
0.915802
0.915718
0.905925
0.915776
0.915733
0.909192
0.91582
0.915386
0.905711
0.915618
0.915509
0.906069
0.915755
0.915389
0.905783
0.915769
0.915725
0.906288
0.915925
0.916062
0.905504
0.915739
0.915815
0.905693
0.915457
0.915644
0.906011
0.917214
0.915489
0.905888
0.916118
0.915434
0.905958
0.91579
0.916118
0.906202
0.915588
0.915725
0.905988
0.915806
0.91618
0.905661
0.916288
0.915009
0.905229
0.915294
0.915533
0.905691
0.915741
0.915367
0.905392
0.915747
0.917219
0.905843
0.915571
0.915409
0.905631
0.916205
0.915109
0.905804
0.915573
0.915527
0.905738
0.915842
0.915782
0.906334
0.916165
0.915686
0.905433
0.915223
0.915767
0.906539
0.915881
0.91521
0.905876
0.91528
0.915408
0.906148
0.915666
0.915973
0.905693
0.915539
0.9162
0.905986
0.915798
0.916001
0.9055
0.915448
0.915082
0.905781
0.915421
0.915517
0.905624
0.915803
0.916325
0.905406
0.915577
0.91589
0.905814
0.915729
0.915613
0.905721
0.916084
0.916598
0.907698
0.916083
0.915439
0.906375
0.916107
0.915797
0.905707
0.915898
0.915966
0.905593
0.915735
0.916169
0.905903
0.915691
0.915479
0.905598
0.915428
0.915307
0.905878
0.915913
0.916252
0.905406
0.915741
0.915695
0.905659
0.915703
0.915691
0.906027
0.91648
0.915309
0.905984
0.915486
0.917825
0.905968
0.91569
0.915569
0.906237
0.915791
0.915802
0.905671
0.915545
0.915687
0.905703
0.916061
0.91614
0.905559
0.916097
0.915472
0.905873
0.916382
0.916367
0.905764
0.915615
0.915829
0.905648
0.916052
0.91627
0.905672
0.915961
0.915293
0.905741
0.915668
0.915642
0.905651
0.915655
0.917204
0.905983
0.915824
0.916368
0.905653
0.915409
0.91588
0.905736
0.915688
0.915506
0.906086
0.915927
0.915776
0.906
0.915944
0.915922
0.905943
0.91566
0.91553
0.90549
0.915462
0.915754
0.905449
0.915376
0.915444
0.905843
0.915367
0.915743
0.907412
0.916191
0.91577
0.905862
0.916223
0.918154
0.90611
0.915712
0.915813
0.905809
0.915687
0.915093
0.90525
0.915766
0.915801
0.905686
0.91549
0.916044
0.905691
0.915627
0.915794
0.905703
0.914916
0.9159
0.905908
0.915456
0.915494
0.905143
0.91575
0.915658
0.905511
0.915752
0.915827
0.905811
0.915711
0.915795
0.905815
0.915721
0.916361
0.905657
0.916849
0.915543
0.905623
0.915864
0.915423
0.906243
0.915725
0.915905
0.906008
0.915483
0.915879
0.905932
0.915574
0.916626
0.90596
0.915529
0.914945
0.905646
0.915363
0.91554
0.906282
0.916013
0.915752
0.906224
0.915235
0.915835
0.906056
0.915466
0.915644
0.90558
0.915165
0.91628
0.90594
0.915228
0.915496
0.906227
0.916058
0.916009
0.905958
0.915897
0.916013
0.90567
0.915729
0.915797
0.905736
0.915397
0.915435
0.905808
0.915488
0.915918
0.90554
0.915956
0.915939
0.906075
0.917859
0.915975
0.905701
0.915374
0.915765
0.906072
0.915288
0.915197
0.905764
0.916184
0.915865
0.906048
0.916217
0.916345
0.905925
0.915841
0.915894
0.905557
0.914996
0.915701
0.905648
0.916007
0.915135
0.9061
0.915239
0.915528
0.905498
0.915391
0.915937
0.905954
0.915738
0.915657
0.905658
0.915777
0.916221
0.905553
0.915372
0.915518
0.905617
0.915634
0.915423
0.905712
0.915722
0.916271
0.905951
0.9161
0.91602
0.905691
0.915257
0.91607
0.905502
0.915928
0.915389
0.905391
0.915455
0.915718
0.90566
0.915832
0.915478
0.905704
0.9156
0.916407
0.905824
0.91541
0.915789
0.905482
0.915454
0.915256
0.905733
0.915443
0.915729
0.905913
0.915814
0.915675
0.905842
0.915724
0.917303
0.906005
0.915651
0.915852
0.905386
0.915616
0.915325
0.905677
0.915092
0.915192
0.905513
0.915711
0.915992
0.905702
0.915698
0.916169
0.905663
0.915135
0.915823
0.905508
0.915551
0.915383
0.905758
0.915199
0.915504
0.905554
0.9159
0.915397
0.906125
0.915426
0.915758
0.905413
0.915728
0.917757
0.905957
0.915814
0.915636
0.905763
0.915752
0.915145
0.905565
0.915473
0.915578
0.905565
0.915687
0.91591
0.90586
0.915207
0.9158
0.90504
0.915456
0.915742
0.905715
0.9151
0.915596
0.906744
0.916877
0.916208
0.90564
0.915831
0.91587
0.905789
0.915775
0.915978
0.905716
0.915305
0.9171
0.90612
0.915672
0.9154
0.905727
0.915464
0.915805
0.905906
0.915413
0.916069
0.905793
0.915157
0.910092
0.899883
0.909591
0.909942
0.900348
0.909839
0.910908
0.900197
0.910318
0.90992
0.900118
0.910289
0.910491
0.900246
0.909992
0.910445
0.900025
0.909897
0.909871
0.900253
0.910407
0.910535
0.900527
0.910637
0.910491
0.900101
0.910247
0.910378
0.900148
0.90971
0.910607
0.900746
0.910057
0.90972
0.900554
0.910151
0.909771
0.900761
0.910105
0.910707
0.900242
0.910146
0.910484
0.899864
0.909601
0.910327
0.900442
0.910014
0.909894
0.900163
0.910596
0.90987
0.900677
0.910151
0.911295
0.900531
0.910487
0.910328
0.899958
0.90974
0.91058
0.900236
0.910024
0.909636
0.900637
0.910232
0.910125
0.900153
0.910541
0.910444
0.900411
0.910086
0.910855
0.900446
0.909862
0.910326
0.900306
0.910675
0.910033
0.900036
0.909815
0.909786
0.900245
0.910506
0.910236
0.900171
0.910292
0.911238
0.900379
0.910301
0.909766
0.899804
0.90995
0.909912
0.900212
0.909515
0.90982
0.900094
0.910047
0.910532
0.900239
0.91014
