3.38482
2.37991
1.71525
1.21166
0.85858
0.615986
0.448555
0.330487
-0.30625
-0.299763
-0.29364
-0.28783
-0.282297
-0.277009
-0.271941
-0.267074
-0.262391
-0.257876
-0.253517
-0.249304
-0.245228
-0.241279
-0.237451
-0.233736
-0.230129
-0.226624
-0.223217
-0.219902
-0.216675
-0.213544
-0.210516
-0.207561
-0.204675
-0.201857
-0.199105
-0.196415
-0.193786
-0.191216
-0.188704
-0.186246
-0.183842
-0.181489
-0.179187
-0.176934
-0.174727
-0.172567
-0.17045
-0.168377
-0.166346
-0.164355
-0.162404
-0.160491
-0.158615
-0.156775
-0.154971
-0.153201
-0.151464
-0.149759
-0.148086
-0.146443
-0.14483
-0.143246
-0.14169
-0.140162
-0.138661
-0.137186
-0.135736
-0.134311
-0.13291
-0.131532
-0.130178
-0.128846
-0.127536
-0.126248
-0.12498
-0.123732
-0.122505
-0.121297
-0.120107
-0.118937
-0.117784
-0.116649
-0.115531
-0.114431
-0.113346
-0.112278
-0.111226
-0.110189
-0.109167
-0.10816
-0.107167
-0.106189
-0.105224
-0.104273
-0.103336
-0.102411
-0.101499
-0.1006
-0.0997126
-0.0988375
-0.0979741
-0.0971223
-0.0962817
-0.0954523
-0.0946337
-0.0938257
-0.0930283
-0.092241
-0.0914639
-0.0906966
-0.089939
-0.0891909
-0.0884522
-0.0877226
-0.087002
-0.0862903
-0.0855873
-0.0848927
-0.0842066
-0.0835287
-0.0828589
-0.082197
-0.0815429
-0.0808965
-0.0802577
-0.0796263
-0.0790021
-0.0783852
-0.0777753
-0.0771723
-0.0765761
-0.0759867
-0.0754038
-0.0748275
-0.0742576
-0.0736939
-0.0731364
-0.072585
-0.0720397
-0.0715002
-0.0709665
-0.0704386
-0.0699163
-0.0693995
-0.0688882
-0.0683823
-0.0678817
-0.0673863
-0.0668961
-0.066411
-0.0659308
-0.0654556
-0.0649852
-0.0645196
-0.0640587
-0.0636024
-0.0631508
-0.0627036
-0.0622609
-0.0618226
-0.0613887
-0.060959
-0.0605335
-0.0601121
-0.0596949
-0.0592817
-0.0588725
-0.0584672
-0.0580658
-0.0576683
-0.0572745
-0.0568844
-0.056498
-0.0561153
-0.0557361
-0.0553605
-0.0549884
-0.0546197
-0.0542544
-0.0538925
-0.0535339
-0.0531786
-0.0528265
-0.0524776
-0.0521319
-0.0517893
-0.0514497
-0.0511132
-0.0507798
-0.0504492
-0.0501216
-0.049797
-0.0494751
-0.0491561
-0.0488399
-0.0485265
-0.0482158
-0.0479077
-0.0476024
-0.0472997
-0.0469996
-0.046702
-0.046407
-0.0461145
-0.0458245
-0.045537
-0.0452519
-0.0449692
-0.0446889
-0.0444109
-0.0441352
-0.0438619
-0.0435908
-0.0433219
-0.0430553
-0.0427909
-0.0425287
-0.0422686
-0.0420106
-0.0417547
-0.0415009
-0.0412492
-0.0409995
-0.0407518
-0.0405062
-0.0402625
-0.0400207
-0.0397809
-0.039543
-0.0393069
-0.0390728
-0.0388407
-0.0386105
-0.0383821
-0.0381555
-0.0379307
-0.0377076
-0.0374862
-0.0372666
-0.0370487
-0.0368325
-0.0366179
-0.036405
-0.0361937
-0.035984
-0.0357759
-0.0355695
-0.0353645
-0.0351612
-0.0349594
-0.0347591
-0.0345603
-0.034363
-0.0341672
-0.0339728
-0.0337799
-0.0335885
-0.0333984
-0.0332098
-0.0330226
-0.0328368
-0.0326528
-0.03247
-0.0322884
-0.032108
-0.031929
-0.0317512
-0.0315746
-0.0313994
-0.0312254
-0.0310527
-0.0308812
-0.030711
-0.030542
-0.0303742
-0.0302076
-0.0300422
-0.0298779
-0.0297148
-0.0295529
-0.0293921
-0.0292324
-0.0290738
-0.0289164
-0.0287601
-0.0286048
-0.0284506
-0.0282975
-0.0281455
-0.0279945
-0.0278446
-0.0276956
-0.0275478
-0.0274009
-0.027255
-0.0271101
-0.0269662
-0.0268233
-0.0266813
-0.0265404
-0.0264003
-0.0262612
-0.0261231
-0.0259858
-0.0258495
-0.0257141
-0.0255796
-0.025446
-0.0253132
-0.0251814
-0.0250504
-0.0249203
-0.024791
-0.0246626
-0.024535
-0.0244082
-0.0242823
-0.0241572
-0.0240329
-0.0239094
-0.0237867
-0.0236648
-0.0235436
-0.0234233
-0.0233037
-0.0231848
-0.0230668
-0.0229494
-0.0228329
-0.022717
-0.0226019
-0.0224875
-0.0223738
-0.0222608
-0.0221486
-0.022037
-0.0219261
-0.0218159
-0.0217064
-0.0215975
-0.0214894
-0.0213819
-0.021275
-0.0211688
-0.0210633
-0.0209583
-0.0208541
-0.0207504
-0.0206474
-0.020545
-0.0204434
-0.0203423
-0.0202419
-0.020142
-0.0200427
-0.0199439
-0.0198457
-0.0197481
-0.019651
-0.0195545
-0.0194586
-0.0193632
-0.0192684
-0.0191741
-0.0190804
-0.0189873
-0.0188947
-0.0188026
-0.018711
-0.0186199
-0.0185294
-0.0184394
-0.0183499
-0.0182609
-0.0181724
-0.0180844
-0.0179968
-0.0179098
-0.0178233
-0.0177372
-0.0176516
-0.0175665
-0.0174819
-0.0173977
-0.017314
-0.0172308
-0.017148
-0.0170657
-0.0169838
-0.0169023
-0.0168213
-0.0167408
-0.0166606
-0.0165809
-0.0165017
-0.0164228
-0.0163444
-0.0162664
-0.0161888
-0.0161116
-0.0160348
-0.0159585
-0.0158825
-0.0158069
-0.0157318
-0.015657
-0.0155826
-0.0155086
-0.015435
-0.0153618
-0.0152889
-0.0152165
-0.0151444
-0.0150726
-0.0150013
-0.0149303
-0.0148597
-0.0147894
-0.0147195
-0.0146499
-0.0145807
-0.0145119
-0.0144434
-0.0143752
-0.0143074
-0.0142399
-0.0141728
-0.014106
-0.0140395
-0.0139733
-0.0139075
-0.013842
-0.0137769
-0.013712
-0.0136475
-0.0135833
-0.0135194
-0.0134559
-0.0133926
-0.0133296
-0.013267
-0.0132047
-0.0131426
-0.013081
-0.0130196
-0.0129585
-0.0128977
-0.0128372
-0.012777
-0.012717
-0.0126573
-0.012598
-0.0125388
-0.01248
-0.0124215
-0.0123632
-0.0123052
-0.0122475
-0.0121901
-0.0121329
-0.012076
-0.0120194
-0.011963
-0.011907
-0.0118511
-0.0117956
-0.0117403
-0.0116852
-0.0116305
-0.0115759
-0.0115217
-0.0114676
-0.0114139
-0.0113604
-0.0113071
-0.0112541
-0.0112013
-0.0111488
-0.0110965
-0.0110444
-0.0109926
-0.0109411
-0.0108897
-0.0108387
-0.0107878
-0.0107372
-0.0106868
-0.0106367
-0.0105867
-0.010537
-0.0104876
-0.0104383
-0.0103893
-0.0103405
-0.010292
-0.0102436
-0.0101955
-0.0101476
-0.0100999
-0.0100524
-0.0100052
-0.00995816
-0.00991134
-0.00986473
-0.00981834
-0.00977215
-0.00972618
-0.00968042
-0.00963486
-0.00958952
-0.00954438
-0.00949944
-0.00945471
-0.00941018
-0.00936585
-0.00932172
-0.0092778
-0.00923407
-0.00919054
-0.00914721
-0.00910408
-0.00906114
-0.0090184
-0.00897585
-0.00893349
-0.00889132
-0.00884935
-0.00880757
-0.00876597
-0.00872456
-0.00868335
-0.00864231
-0.00860147
-0.0085608
-0.00852033
-0.00848003
-0.00843992
-0.00839999
-0.00836024
-0.00832068
-0.00828129
-0.00824208
-0.00820304
-0.00816419
-0.00812551
-0.008087
-0.00804867
-0.00801051
-0.00797253
-0.00793472
-0.00789708
-0.00785961
-0.00782231
-0.00778518
-0.00774822
-0.00771143
-0.0076748
-0.00763834
-0.00760205
-0.00756592
-0.00752995
-0.00749415
-0.00745851
-0.00742304
-0.00738772
-0.00735257
-0.00731757
-0.00728274
-0.00724806
-0.00721355
-0.0071792
-0.00714501
-0.00711098
-0.0070771
-0.00704338
-0.0070098
-0.00697638
-0.00694311
-0.00690999
-0.00687702
-0.0068442
-0.00681153
-0.006779
-0.00674663
-0.0067144
-0.00668232
-0.00665039
-0.00661861
-0.00658697
-0.00655547
-0.00652412
-0.00649292
-0.00646185
-0.00643094
-0.00640016
-0.00636952
-0.00633903
-0.00630867
-0.00627846
-0.00624838
-0.00621845
-0.00618865
-0.00615899
-0.00612946
-0.00610007
-0.00607082
-0.0060417
-0.00601272
-0.00598387
-0.00595516
-0.00592658
-0.00589814
-0.00586983
-0.00584164
-0.00581359
-0.00578567
-0.00575787
-0.00573021
-0.00570267
-0.00567526
-0.00564798
-0.00562082
-0.00559379
-0.00556689
-0.00554011
-0.00551346
-0.00548693
-0.00546052
-0.00543424
-0.00540808
-0.00538204
-0.00535612
-0.00533033
-0.00530465
-0.0052791
-0.00525367
-0.00522836
-0.00520316
-0.00517808
-0.00515312
-0.00512828
-0.00510355
-0.00507894
-0.00505445
-0.00503007
-0.0050058
-0.00498165
-0.00495761
-0.00493368
-0.00490987
-0.00488616
-0.00486257
-0.00483909
-0.00481573
-0.00479247
-0.00476932
-0.00474628
-0.00472335
-0.00470053
-0.00467781
-0.0046552
-0.0046327
-0.00461031
-0.00458802
-0.00456584
-0.00454377
-0.0045218
-0.00449993
-0.00447816
-0.0044565
-0.00443494
-0.00441349
-0.00439213
-0.00437088
-0.00434973
-0.00432868
-0.00430773
-0.00428687
-0.00426612
-0.00424546
-0.00422491
-0.189042
0.183549
0.0287461
-0.0118197
-0.192073
0.182707
0.0283497
-0.0115997
-0.192666
0.183504
0.0285888
-0.0116142
-0.193258
0.184239
0.02881
-0.0116248
-0.193811
0.184912
0.0289804
-0.0116314
-0.194337
0.186245
0.0290562
-0.0116294
-0.194842
0.186961
0.0293459
-0.0110425
-0.19586
0.187573
0.0296503
-0.0110335
-0.196322
0.187577
0.029602
-0.0109472
-0.196729
0.188045
0.0296829
-0.192689
0.1748
0.0252359
-0.193371
0.177274
0.0262297
-0.193649
0.178073
0.0262262
-0.1941
0.178686
0.0265212
-0.194434
0.178497
0.0266176
-0.194641
0.178761
0.0266557
-0.194956
0.179778
0.0267695
-0.195359
0.18029
0.0270564
-0.195648
0.180639
0.0272227
-0.195921
0.180331
0.0270921
-0.196008
0.180223
0.026981
-0.196132
-1.09407
-0.0677958
0.014626
-0.00557111
-0.00323741
-0.0028771
-0.00286313
-0.00284922
-0.00283538
-0.00282162
-0.00280791
-0.00279428
-0.00278071
-0.0027672
-0.00275376
-0.00274039
-0.00272708
-0.00271384
-0.00270066
-0.00268754
-0.00267449
-0.0026615
-0.00264858
-0.00263571
-0.00262291
-0.00261017
-0.0025975
-0.00258488
-0.00257233
-0.00255984
-0.00254741
-0.00253504
-0.00252273
-0.00251048
-0.00249829
-0.00248616
-0.00247408
-0.00246207
-0.00245011
-0.00243822
-0.00242638
-0.0024146
-0.00240287
-0.00239121
-0.0023796
-0.00236804
-0.00235654
-0.0023451
-0.00233372
-0.00232239
-0.00231111
-0.00229989
-0.00228873
-0.00227762
-0.00226656
-0.00225556
-0.00224461
-0.00223371
-0.00222287
-0.00221208
-0.00220134
-0.00219066
-0.00218002
-0.00216944
-0.00215891
-0.00214843
-0.00213801
-0.00212763
-0.00211731
-0.00210703
-0.00209681
-0.00208663
-0.0020765
-0.00206643
-0.0020564
-0.00204642
-0.00203649
-0.00202661
-0.00201678
-0.002007
-0.00199726
-0.00198757
-0.00197793
-0.00196833
-0.00195879
-0.00194928
-0.00193983
-0.00193042
-0.00192105
-0.00191174
-0.00190247
-0.00189324
-0.00188406
-0.00187492
-0.00186583
-0.00185678
-0.00184778
-0.00183882
-0.0018299
-0.00182103
-0.0018122
-0.00180341
-0.00179467
-0.00178597
-0.00177731
-0.0017687
-0.00176012
-0.00175159
-0.0017431
-0.00173465
-0.00172625
-0.00171788
-0.00170955
-0.00170127
-0.00169303
-0.00168482
-0.00167666
-0.00166853
-0.00166045
-0.0016524
-0.0016444
-0.00163643
-0.0016285
-0.00162061
-0.00161276
-0.00160495
-0.00159718
-0.00158944
-0.00158174
-0.00157408
-0.00156646
-0.00155887
-0.00155132
-0.00154381
-0.00153633
-0.00152889
-0.00152149
-0.00151413
-0.00150679
-0.0014995
-0.00149224
-0.00148502
-0.00147783
-0.00147067
-0.00146355
-0.00145647
-0.00144942
-0.00144241
-0.00143543
-0.00142848
-0.00142157
-0.00141469
-0.00140784
-0.00140103
-0.00139425
-0.0013875
-0.00138079
-0.00137411
-0.00136746
-0.00136085
-0.00135427
-0.00134771
-0.0013412
-0.00133471
-0.00132825
-0.00132183
-0.00131544
-0.00130908
-0.00130274
-0.00129645
-0.00129018
-0.00128394
-0.00127773
-0.00127155
-0.00126541
-0.00125929
-0.0012532
-0.00124714
-0.00124112
-0.00123512
-0.00122915
-0.00122321
-0.00121729
-0.00121141
-0.00120556
-0.00119973
-0.00119393
-0.00118817
-0.00118242
-0.00117671
-0.00117103
-0.00116537
-0.00115974
-0.00115414
-0.00114856
-0.00114301
-0.00113749
-0.001132
-0.00112653
-0.00112109
-0.00111568
-0.00111029
-0.00110493
-0.00109959
-0.00109428
-0.001089
-0.00108374
-0.00107851
-0.0010733
-0.00106812
-0.00106296
-0.00105783
-0.00105273
-0.00104765
-0.00104259
-0.00103756
-0.00103255
-0.00102757
-0.00102261
-0.00101767
-0.00101276
-0.00100788
-0.00100301
-0.000998174
-0.000993358
-0.000988566
-0.000983797
-0.00097905
-0.000974328
-0.000969628
-0.000964951
-0.000960296
-0.000955665
-0.000951056
-0.000946469
-0.000941905
-0.000937363
-0.000932843
-0.000928345
-0.000923869
-0.000919414
-0.000914982
-0.00091057
-0.000906181
-0.000901812
-0.000897465
-0.000893139
-0.000888834
-0.00088455
-0.000880286
-0.000876044
-0.000871821
-0.00086762
-0.000863439
-0.000859278
-0.000855137
-0.000851017
-0.000846916
-0.000842836
-0.000838775
-0.000834734
-0.000830712
-0.00082671
-0.000822728
-0.000818765
-0.000814821
-0.000810896
-0.00080699
-0.000803104
-0.000799236
-0.000795387
-0.000791556
-0.000787744
-0.000783951
-0.000780176
-0.000776419
-0.000772681
-0.000768961
-0.000765259
-0.000761574
-0.000757908
-0.00075426
-0.000750629
-0.000747016
-0.00074342
-0.000739842
-0.000736281
-0.000732738
-0.000729212
-0.000725702
-0.00072221
-0.000718734
-0.000715275
-0.000711833
-0.000708408
-0.000704999
-0.000701607
-0.000698232
-0.000694872
-0.000691529
-0.000688202
-0.000684891
-0.000681596
-0.000678318
-0.000675055
-0.000671808
-0.000668576
-0.000665361
-0.000662161
-0.000658976
-0.000655807
-0.000652653
-0.000649515
-0.000646391
-0.000643283
-0.00064019
-0.000637112
-0.000634049
-0.000631
-0.000627967
-0.000624948
-0.000621943
-0.000618953
-0.000615978
-0.000613017
-0.00061007
-0.000607138
-0.00060422
-0.000601316
-0.000598426
-0.00059555
-0.000592688
-0.00058984
-0.000587005
-0.000584184
-0.000581377
-0.000578584
-0.000575804
-0.000573037
-0.000570284
-0.000567544
-0.000564817
-0.000562104
-0.000559403
-0.000556716
-0.000554042
-0.00055138
-0.000548732
-0.000546096
-0.000543473
-0.000540863
-0.000538265
-0.00053568
-0.000533107
-0.000530547
-0.000527999
-0.000525464
-0.000522941
-0.00052043
-0.000517931
-0.000515444
-0.000512969
-0.000510506
-0.000508055
-0.000505616
-0.000503189
-0.000500773
-0.000498369
-0.000495977
-0.000493596
-0.000491226
-0.000488869
-0.000486522
-0.000484187
-0.000481863
-0.00047955
-0.000477249
-0.000474958
-0.000472679
-0.000470411
-0.000468153
-0.000465907
-0.000463671
-0.000461446
-0.000459232
-0.000457029
-0.000454836
-0.000452654
-0.000450482
-0.000448321
-0.00044617
-0.000444029
-0.000441899
-0.000439779
-0.00043767
-0.00043557
-0.000433481
-0.000431402
-0.000429332
-0.000427273
-0.000425224
-0.000423185
-0.000421155
-0.000419135
-0.000417125
-0.000415125
-0.000413134
-0.000411153
-0.000409181
-0.000407219
-0.000405266
-0.000403323
-0.000401389
-0.000399465
-0.00039755
-0.000395643
-0.000393747
-0.000391859
-0.00038998
-0.000388111
-0.00038625
-0.000384399
-0.000382556
-0.000380722
-0.000378897
-0.000377081
-0.000375274
-0.000373475
-0.000371685
-0.000369903
-0.000368131
-0.000366366
-0.00036461
-0.000362863
-0.000361124
-0.000359394
-0.000357671
-0.000355957
-0.000354252
-0.000352554
-0.000350865
-0.000349184
-0.000347511
-0.000345846
-0.000344189
-0.000342539
-0.000340898
-0.000339265
-0.00033764
-0.000336022
-0.000334412
-0.00033281
-0.000331216
-0.00032963
-0.000328052
-0.00032648
-0.000324917
-0.00032336
-0.000321811
-0.00032027
-0.000318736
-0.000317209
-0.000315689
-0.000314177
-0.000312672
-0.000311175
-0.000309684
-0.000308201
-0.000306725
-0.000305256
-0.000303794
-0.00030234
-0.000300892
-0.000299451
-0.000298017
-0.00029659
-0.00029517
-0.000293757
-0.00029235
-0.00029095
-0.000289557
-0.000288171
-0.000286792
-0.000285419
-0.000284052
-0.000282692
-0.000281339
-0.000279992
-0.000278652
-0.000277318
-0.000275991
-0.00027467
-0.000273355
-0.000272047
-0.000270745
-0.000269449
-0.000268159
-0.000266876
-0.000265599
-0.000264327
-0.000263062
-0.000261803
-0.00026055
-0.000259303
-0.000258063
-0.000256828
-0.000255599
-0.000254376
-0.000253159
-0.000251948
-0.000250742
-0.000249542
-0.000248348
-0.00024716
-0.000245978
-0.000244801
-0.000243629
-0.000242464
-0.000241304
-0.000240149
-0.000239
-0.000237857
-0.000236719
-0.000235587
-0.000234459
-0.000233338
-0.000232222
-0.000231111
-0.000230005
-0.000228905
-0.00022781
-0.00022672
-0.000225636
-0.000224557
-0.000223482
-0.000222414
-0.00022135
-0.000220291
-0.000219237
-0.000218189
-0.000217145
-0.000216107
-0.000215073
-0.000214045
-0.000213021
-0.000212002
-0.000210988
-0.000209979
-0.000208975
-0.000207976
-0.000206981
-0.000205992
-0.000205007
-0.000204026
-0.000203051
-0.00020208
-0.000201114
-0.000200152
-0.000199195
-0.000198242
-0.000197295
-0.000196351
-0.000195412
-0.000194478
-0.000193548
-0.000192623
-0.000191702
-0.000190786
-0.000189874
-0.000188966
-0.000188062
-0.000187163
-0.000186269
-0.000185378
-0.000184492
-0.00018361
-0.000182732
-0.000181859
-0.00018099
-0.000180124
-0.000179263
-0.000178407
-0.000177554
-0.000176705
-0.00017586
-0.00017502
-0.000174183
-0.000173351
-0.000172522
-0.000171698
-0.000170877
-0.00017006
-0.000169248
-0.000168439
-0.000167634
-0.000166833
-0.000166035
-0.000165242
-0.000164452
-0.000163666
-0.000162884
-0.000162106
-0.000161331
-0.00016056
-0.000159793
-0.000159029
-0.00015827
-0.000157513
-0.000156761
-0.000156012
-0.000155266
-0.000154524
-0.000153786
-0.000153051
-0.00015232
-0.000151592
-0.000150868
-0.000150147
-0.00014943
-0.000148716
-0.000148005
-0.000147298
-0.000146594
-0.000145894
-0.000145197
-0.000144503
-0.000143813
-0.000143126
-0.000142442
-0.000141762
-0.000141084
-0.00014041
-0.00013974
-0.000139072
-0.000138408
-0.000137746
-0.000137088
-0.000136432
-0.00013578
-0.000135132
-0.000134486
-0.000133844
-0.000133204
-0.000132568
-0.000131935
-0.000131305
-0.000130678
-0.000130054
-0.000129433
-0.000128815
-0.0001282
-0.000127588
-0.000126979
-0.000126372
-0.000125769
-0.000125168
-0.000124571
-0.000123976
-0.000123384
-0.000122795
-0.000122208
-0.000121625
-0.000121044
-0.000120466
-0.000119891
-0.000119318
-0.000118749
-0.000118181
-0.000117617
-0.000117056
-0.000116497
-0.00011594
-0.000115387
-0.000114836
-0.000114287
-0.000113742
-0.000113199
-0.000112658
-0.00011212
-0.000111585
-0.000111052
-0.000110522
-0.000109994
-0.000109469
-0.000108946
-0.000108426
-0.000107908
-0.000107393
-0.000106881
-0.00010637
-0.000105862
-0.000105357
-0.000104854
-0.000104353
-0.000103855
-0.000103359
-0.000102866
-0.000102375
-0.000101886
-0.0001014
-0.000100916
-0.000100434
-9.99543e-05
-9.94771e-05
-9.90022e-05
-9.85296e-05
-9.80592e-05
-9.75911e-05
-9.71252e-05
-9.66616e-05
-9.62002e-05
-9.57409e-05
-9.52839e-05
-9.48291e-05
-9.43764e-05
-9.39259e-05
-9.34775e-05
-9.30313e-05
-9.25873e-05
-9.21453e-05
-9.17055e-05
-9.12677e-05
-9.08321e-05
-9.03985e-05
-8.9967e-05
-8.95376e-05
-8.91102e-05
-8.86849e-05
-8.82616e-05
-8.78403e-05
-8.74211e-05
-8.70038e-05
-8.65886e-05
-8.61753e-05
-8.5764e-05
-8.53547e-05
-8.49473e-05
-8.45418e-05
-8.41384e-05
-8.37368e-05
-8.33371e-05
-8.29394e-05
-8.25436e-05
-8.21496e-05
-8.17576e-05
-8.13674e-05
-8.09791e-05
-8.05926e-05
-8.0208e-05
-7.98252e-05
-7.94443e-05
-7.90652e-05
-7.86878e-05
-7.83123e-05
-7.79386e-05
-7.75667e-05
-7.71965e-05
-7.68281e-05
-7.64615e-05
-7.60966e-05
-7.57335e-05
-7.53721e-05
-7.50124e-05
-7.46545e-05
-7.42983e-05
-7.39437e-05
-7.35909e-05
-7.32397e-05
-7.28902e-05
-7.25424e-05
-7.21963e-05
-7.18518e-05
-7.1509e-05
-7.11677e-05
-7.08282e-05
-7.04902e-05
-7.01539e-05
-6.98191e-05
-6.9486e-05
-6.91545e-05
-6.88245e-05
-6.84961e-05
-6.81693e-05
-6.7844e-05
-6.75203e-05
-6.71982e-05
-6.68776e-05
-6.65585e-05
-6.62409e-05
-6.59249e-05
-6.56104e-05
-6.52973e-05
-6.49858e-05
-6.46757e-05
-6.43672e-05
-6.40601e-05
-6.37545e-05
-6.34503e-05
-6.31476e-05
-6.28463e-05
-6.25465e-05
-6.22481e-05
-6.19511e-05
-6.16556e-05
-6.13614e-05
-6.10687e-05
-6.07774e-05
-6.04874e-05
-6.01989e-05
-5.99117e-05
-5.96259e-05
-5.93414e-05
-5.90583e-05
-5.87766e-05
-5.84962e-05
-5.82172e-05
-5.79395e-05
-5.76631e-05
-5.7388e-05
-5.71142e-05
-5.68418e-05
-5.65706e-05
-5.63008e-05
-5.60322e-05
-5.57649e-05
-5.54989e-05
-5.52342e-05
-5.49707e-05
-5.47085e-05
-5.44476e-05
-5.41878e-05
-5.39294e-05
-5.36721e-05
-5.34161e-05
-5.31613e-05
-5.29078e-05
-5.26554e-05
-5.24042e-05
-5.21543e-05
-5.19055e-05
-5.16579e-05
-5.14115e-05
-5.11663e-05
-5.09223e-05
-5.06794e-05
-5.04377e-05
-5.01971e-05
-4.99577e-05
-4.972e-05
-4.94827e-05
-4.92466e-05
-4.90116e-05
-4.87778e-05
-4.85451e-05
-4.83136e-05
-4.80832e-05
-4.78539e-05
-4.76258e-05
-4.73987e-05
-4.71728e-05
-4.69479e-05
-4.67241e-05
-4.65013e-05
-4.62796e-05
-4.6059e-05
-4.58394e-05
-4.56208e-05
-4.54033e-05
-4.51867e-05
-4.49713e-05
-4.47568e-05
-4.45434e-05
-4.43309e-05
-4.41195e-05
-4.39091e-05
-4.36996e-05
-4.34912e-05
-4.32838e-05
-4.30773e-05
-4.28719e-05
-4.26674e-05
-4.24639e-05
-4.22613e-05
-4.20598e-05
-4.18591e-05
-4.16595e-05
-4.14608e-05
-4.1263e-05
-4.10662e-05
-4.08704e-05
-4.06754e-05
-4.04814e-05
-4.02883e-05
-4.00962e-05
-3.9905e-05
-3.97146e-05
-3.95252e-05
-3.93367e-05
-3.91491e-05
-3.89624e-05
-3.87766e-05
-3.85916e-05
-3.84076e-05
-3.82244e-05
-3.80421e-05
-3.78607e-05
-3.76802e-05
-3.75005e-05
-3.73216e-05
-3.71436e-05
-3.69665e-05
-3.67902e-05
-3.66148e-05
-3.64402e-05
-3.62664e-05
-3.60935e-05
-3.59214e-05
-3.57501e-05
-3.55796e-05
-3.54099e-05
-3.52411e-05
-3.5073e-05
-3.49058e-05
-3.47393e-05
-3.45737e-05
-3.44088e-05
-3.42448e-05
-3.40815e-05
-3.3919e-05
-3.37572e-05
-3.35963e-05
-3.34361e-05
-3.32766e-05
-3.3118e-05
-3.29601e-05
-3.28029e-05
-3.26465e-05
-3.24908e-05
-3.23359e-05
-3.21818e-05
-3.20283e-05
-3.18756e-05
-3.17236e-05
-3.15724e-05
-3.14218e-05
-3.1272e-05
-3.11229e-05
-3.09745e-05
-3.08268e-05
-3.06799e-05
-3.05336e-05
-3.0388e-05
-3.02431e-05
-3.00989e-05
-2.99554e-05
-2.98126e-05
-2.96705e-05
-2.9529e-05
-2.93882e-05
-2.92481e-05
-2.91087e-05
-2.89699e-05
-2.88318e-05
-2.86943e-05
-2.85575e-05
-2.84214e-05
-2.82859e-05
-2.8151e-05
-2.80168e-05
-2.78833e-05
-2.77503e-05
-2.7618e-05
-2.74864e-05
-2.73553e-05
-2.72249e-05
-2.70951e-05
-2.69659e-05
-2.68374e-05
-2.67094e-05
-2.65821e-05
-2.64554e-05
-2.63293e-05
-2.62038e-05
-2.60788e-05
-2.59545e-05
-2.58308e-05
-2.57076e-05
-2.55851e-05
-2.54631e-05
-2.53417e-05
-2.52209e-05
-2.51007e-05
-2.4981e-05
-2.48619e-05
-2.47434e-05
-2.46255e-05
-2.45081e-05
-2.43912e-05
-2.4275e-05
-2.41592e-05
-2.40441e-05
-2.39295e-05
-2.38154e-05
-2.37019e-05
-2.35889e-05
-2.34764e-05
-2.33645e-05
-2.32531e-05
-2.31423e-05
-2.3032e-05
-2.29222e-05
-2.28129e-05
-2.27042e-05
-2.25959e-05
-2.24882e-05
-2.2381e-05
-2.22743e-05
-2.21681e-05
-2.20625e-05
-2.19573e-05
-2.18526e-05
-2.17485e-05
-2.16448e-05
-2.15416e-05
-2.14389e-05
-2.13367e-05
-2.1235e-05
-2.11338e-05
-2.10331e-05
-2.09328e-05
-2.0833e-05
-2.07337e-05
-2.06349e-05
-2.05365e-05
-2.04386e-05
-2.03412e-05
-2.02443e-05
-2.01478e-05
-2.00517e-05
-1.99562e-05
-1.9861e-05
-1.97664e-05
-1.96721e-05
-1.95784e-05
-1.9485e-05
-1.93922e-05
-1.92997e-05
-1.92077e-05
-1.91162e-05
-1.90251e-05
-1.89344e-05
-1.88444e-05
-1.87551e-05
-1.86661e-05
-1.85775e-05
-1.84892e-05
-1.84012e-05
-1.83134e-05
-1.8226e-05
-1.8139e-05
-1.80523e-05
-1.7966e-05
-1.78802e-05
-1.77947e-05
-1.77097e-05
-1.7625e-05
-1.75408e-05
-1.7457e-05
-1.73737e-05
-1.72907e-05
-1.72082e-05
-1.7126e-05
-1.70443e-05
-1.69629e-05
-1.6882e-05
-1.68015e-05
-1.67213e-05
-1.66416e-05
-1.65622e-05
-1.64832e-05
-1.64046e-05
-1.63264e-05
-1.62486e-05
-1.61711e-05
-1.6094e-05
-1.60173e-05
-1.59409e-05
-1.5865e-05
-1.57893e-05
-1.57141e-05
-1.56392e-05
-1.55647e-05
-1.54905e-05
-1.54167e-05
-1.53432e-05
-1.52701e-05
-1.51973e-05
-1.51249e-05
-1.50528e-05
-1.49811e-05
-1.49097e-05
-1.48387e-05
-1.4768e-05
-1.46976e-05
-1.46276e-05
-1.45579e-05
-1.44885e-05
-1.44195e-05
-1.43508e-05
-1.42824e-05
-1.42143e-05
-1.41466e-05
-1.40792e-05
-1.40121e-05
-1.39454e-05
-1.38789e-05
-1.38128e-05
-1.3747e-05
-1.36815e-05
-1.36163e-05
-1.35514e-05
-1.34868e-05
-1.34226e-05
-1.33586e-05
-1.3295e-05
-1.32316e-05
-1.31686e-05
-1.31059e-05
-1.30434e-05
-1.29813e-05
-1.29194e-05
-1.28579e-05
-1.27966e-05
-1.27356e-05
-1.26749e-05
-1.26146e-05
-1.25545e-05
-1.24946e-05
-1.24351e-05
-1.23759e-05
-1.23169e-05
-1.22582e-05
-1.21998e-05
-1.21417e-05
-1.20838e-05
-1.20262e-05
-1.19689e-05
-1.19119e-05
-1.18552e-05
-1.17987e-05
-1.17425e-05
-1.16865e-05
-1.16308e-05
-1.15754e-05
-1.15202e-05
-1.14654e-05
-1.14107e-05
-1.13564e-05
-1.13022e-05
-1.12484e-05
-1.11948e-05
-1.11415e-05
-1.10884e-05
-1.10355e-05
-1.0983e-05
-1.09306e-05
-1.08785e-05
-1.08267e-05
-1.07751e-05
-1.07238e-05
-1.06727e-05
-1.06218e-05
-1.05712e-05
-1.05208e-05
-1.04707e-05
-1.04208e-05
-1.03712e-05
-1.03217e-05
-1.02726e-05
-1.02236e-05
-1.01749e-05
-1.01264e-05
-1.00782e-05
-1.00301e-05
-9.98235e-06
