3.96771
2.68302
2.18867
1.91147
1.62409
1.31915
1.04593
0.82352
0.652607
0.525409
0.431891
0.362845
0.310985
-0.275367
-0.268674
-0.262141
-0.255943
-0.249878
-0.244132
-0.238607
-0.233346
-0.228321
-0.223526
-0.21894
-0.214557
-0.210361
-0.206348
-0.202504
-0.19882
-0.195288
-0.191904
-0.18865
-0.185533
-0.182528
-0.179645
-0.17687
-0.174198
-0.17163
-0.169143
-0.166765
-0.164439
-0.162249
-0.15999
-0.158172
-0.155944
-0.153937
-0.152087
-0.150553
-0.148568
-0.146859
-0.145229
-0.143805
-0.14213
-0.140656
-0.139213
-0.137836
-0.136472
-0.135159
-0.133877
-0.132635
-0.131428
-0.13025
-0.129109
-0.127997
-0.126911
-0.125859
-0.124831
-0.123829
-0.122851
-0.121898
-0.120969
-0.120061
-0.119178
-0.118314
-0.11747
-0.116644
-0.11584
-0.115052
-0.114283
-0.113531
-0.112796
-0.112076
-0.111373
-0.110684
-0.110009
-0.109349
-0.108703
-0.108069
-0.10745
-0.106842
-0.106246
-0.105662
-0.10509
-0.104528
-0.103979
-0.103439
-0.102908
-0.102389
-0.101879
-0.101379
-0.100888
-0.100405
-0.0999308
-0.0994657
-0.0990078
-0.0985594
-0.098118
-0.0976844
-0.0972586
-0.0968391
-0.0964276
-0.0960225
-0.0956243
-0.0952329
-0.0948469
-0.0944685
-0.0940952
-0.0937287
-0.0933675
-0.0930119
-0.0926622
-0.0923175
-0.0919787
-0.0916443
-0.0913159
-0.0909914
-0.0906728
-0.0903579
-0.0900486
-0.0897428
-0.0894422
-0.0891452
-0.0888531
-0.0885643
-0.0882803
-0.0879993
-0.0877231
-0.0874496
-0.0871808
-0.0869147
-0.0866529
-0.0863939
-0.0861387
-0.0858868
-0.0856379
-0.085393
-0.0851513
-0.0849193
-0.0846958
-0.0844814
-0.0842758
-0.0840787
-0.0838898
-0.0837091
-0.0835354
-0.0833685
-0.0832087
-0.0830558
-0.0829094
-0.0827694
-0.0826354
-0.0825068
-0.0823832
-0.0822617
-0.0821404
-0.0820197
-0.0818995
-0.0817797
-0.0816603
-0.0815412
-0.0814225
-0.0813046
-0.0811869
-0.0810693
-0.0809519
-0.0808352
-0.0807185
-0.0806017
-0.0804858
-0.0804035
-0.0803492
-0.0802939
-0.0802377
-0.0801838
-0.0801446
-0.0801128
-0.080087
-0.0800598
-0.0800316
-0.0800012
-0.0799753
-0.0799447
-0.0799105
-0.079875
-0.0798404
-0.0798134
-0.0797713
-0.079729
-0.0796849
-0.0796478
-0.0796111
-0.0795619
-0.0795114
-0.0794602
-0.0794312
-0.0793738
-0.0793169
-0.0792584
-0.0792005
-0.0791653
-0.0791007
-0.0790359
-0.0789697
-0.0789059
-0.0788737
-0.0788007
-0.0787287
-0.078655
-0.0785797
-0.0785028
-0.0784243
-0.0783441
-0.0782625
-0.0781793
-0.0780945
-0.0780083
-0.0779206
-0.0778314
-0.0777407
-0.0776486
-0.0775551
-0.0774601
-0.0773638
-0.077266
-0.0771669
-0.0770664
-0.0769646
-0.0768614
-0.0767569
-0.0766511
-0.076544
-0.0764356
-0.0763259
-0.0762149
-0.0761027
-0.0759892
-0.0758745
-0.0757586
-0.0756415
-0.0755231
-0.0754036
-0.0752829
-0.075161
-0.0750379
-0.0749137
-0.0747884
-0.0746619
-0.0745343
-0.0744055
-0.0742757
-0.0741447
-0.0740127
-0.0738795
-0.0737453
-0.0736101
-0.0734737
-0.0733364
-0.0731979
-0.0730585
-0.072918
-0.0727765
-0.072634
-0.0724905
-0.072346
-0.0722005
-0.072054
-0.0719066
-0.0717582
-0.0716088
-0.0714585
-0.0713073
-0.0711551
-0.071002
-0.0708479
-0.070693
-0.0705372
-0.0703804
-0.0702228
-0.0700643
-0.0699049
-0.0697446
-0.0695835
-0.0694215
-0.0692587
-0.069095
-0.0689306
-0.0687653
-0.0685991
-0.0684322
-0.0682644
-0.0680959
-0.0679266
-0.0677565
-0.0675856
-0.0674139
-0.0672415
-0.0670683
-0.0668944
-0.06672
-0.0665447
-0.0663686
-0.0661917
-0.0660141
-0.0658358
-0.0656573
-0.0654784
-0.0652982
-0.0651172
-0.0649355
-0.0647531
-0.06457
-0.0643862
-0.0642018
-0.064017
-0.0638314
-0.0636452
-0.0634583
-0.0632709
-0.0630867
-0.0629031
-0.0627138
-0.0625242
-0.0623338
-0.062143
-0.0619515
-0.0617595
-0.061567
-0.0613739
-0.0611803
-0.0609862
-0.0607916
-0.0605965
-0.0604009
-0.0602048
-0.0600083
-0.0598113
-0.0596138
-0.0594159
-0.0592175
-0.0590187
-0.0588195
-0.0586198
-0.0584197
-0.0582193
-0.0580184
-0.0578172
-0.0576155
-0.0574135
-0.0572112
-0.0570085
-0.0568054
-0.056602
-0.0563983
-0.0561943
-0.0559899
-0.0557853
-0.0555803
-0.0553751
-0.0551696
-0.0549638
-0.0547577
-0.0545514
-0.0543449
-0.0541381
-0.0539311
-0.0537239
-0.0535164
-0.0533088
-0.053101
-0.0528929
-0.0526847
-0.0524764
-0.0522679
-0.0520592
-0.0518504
-0.0516414
-0.0514323
-0.0512231
-0.0510138
-0.0508044
-0.0505949
-0.0503854
-0.0501757
-0.049966
-0.0497562
-0.0495464
-0.0493365
-0.0491267
-0.0489167
-0.0487068
-0.0484969
-0.0482869
-0.048077
-0.0478671
-0.0476573
-0.0474474
-0.0472376
-0.0470279
-0.0468182
-0.0466086
-0.0463991
-0.0461896
-0.0459803
-0.045771
-0.0455619
-0.0453529
-0.045144
-0.0449352
-0.0447266
-0.0445182
-0.0443099
-0.0441018
-0.0438938
-0.0436861
-0.0434785
-0.0432711
-0.0430639
-0.0428569
-0.0426503
-0.0424439
-0.0422376
-0.0420316
-0.0418258
-0.0416203
-0.0414151
-0.0412101
-0.0410054
-0.0408013
-0.0405975
-0.0403938
-0.0401903
-0.0399871
-0.0397843
-0.0395818
-0.0393796
-0.0391777
-0.0389762
-0.0387763
-0.0385762
-0.0383759
-0.0381759
-0.0379763
-0.0377771
-0.0375782
-0.0373798
-0.0371817
-0.0369841
-0.0367867
-0.0365897
-0.0363936
-0.0361977
-0.0360023
-0.0358072
-0.0356127
-0.0354186
-0.035225
-0.0350318
-0.0348392
-0.0346527
-0.0344662
-0.0342753
-0.0340847
-0.0338945
-0.0337049
-0.0335157
-0.0333271
-0.0331389
-0.0329513
-0.0327643
-0.0325777
-0.0323918
-0.0322063
-0.0320214
-0.0318371
-0.0316533
-0.0314702
-0.0312875
-0.0311055
-0.030924
-0.0307431
-0.0305628
-0.0303831
-0.030204
-0.0300255
-0.0298476
-0.0296703
-0.0294936
-0.0293175
-0.029142
-0.0289672
-0.0287929
-0.0286193
-0.0284464
-0.028274
-0.0281023
-0.0279312
-0.0277608
-0.027591
-0.0274219
-0.0272534
-0.0270855
-0.0269183
-0.0267518
-0.0265859
-0.0264207
-0.0262561
-0.0260922
-0.0259289
-0.0257664
-0.0256045
-0.0254432
-0.0252827
-0.0251228
-0.0249636
-0.024805
-0.0246472
-0.02449
-0.0243335
-0.0241777
-0.0240226
-0.0238681
-0.0237144
-0.0235613
-0.0234089
-0.0232572
-0.0231062
-0.0229559
-0.0228063
-0.0226573
-0.0225091
-0.0223615
-0.0222147
-0.0220685
-0.0219231
-0.0217783
-0.0216342
-0.0214908
-0.0213481
-0.0212062
-0.0210649
-0.0209243
-0.0207843
-0.0206451
-0.0205066
-0.0203688
-0.0202317
-0.0200952
-0.0199595
-0.0198244
-0.0196901
-0.0195564
-0.0194235
-0.0192912
-0.0191596
-0.0190287
-0.0188985
-0.018769
-0.0186402
-0.018512
-0.0183845
-0.0182578
-0.0181317
-0.0180063
-0.0178816
-0.0177575
-0.0176341
-0.0175115
-0.0173895
-0.0172681
-0.0171475
-0.0170275
-0.0169082
-0.0167896
-0.0166716
-0.0165543
-0.0164377
-0.0163217
-0.0162064
-0.0160917
-0.0159777
-0.0158644
-0.0157518
-0.0156397
-0.0155284
-0.0154177
-0.0153076
-0.0151982
-0.0150895
-0.0149814
-0.0148739
-0.0147671
-0.0146609
-0.0145553
-0.0144504
-0.0143461
-0.0142425
-0.0141394
-0.014037
-0.0139353
-0.0138341
-0.0137336
-0.0136337
-0.0135344
-0.0134357
-0.0133376
-0.0132401
-0.0131433
-0.013047
-0.0129514
-0.0128564
-0.012762
-0.0126682
-0.0125749
-0.0124823
-0.0123902
-0.0122987
-0.0122078
-0.0121175
-0.0120278
-0.0119386
-0.01185
-0.011762
-0.0116745
-0.0115877
-0.0115014
-0.0114156
-0.0113304
-0.0112458
-0.0111617
-0.0110782
-0.0109952
-0.0109128
-0.0108309
-0.0107496
-0.0106688
-0.0105885
-0.0105089
-0.0104298
-0.0103512
-0.0102731
-0.0101955
-0.0101184
-0.0100419
-0.00996585
-0.00989032
-0.00981531
-0.0097408
-0.00966681
-0.00959331
-0.00952032
-0.00944783
-0.00937583
-0.00930433
-0.00923333
-0.00916281
-0.00909278
-0.00902323
-0.00895417
-0.00888558
-0.00881747
-0.00874984
-0.00868267
-0.00861598
-0.00854975
-0.00848399
-0.00841869
-0.00835384
-0.00828946
-0.00822552
-0.00816207
-0.00809929
-0.139802
0.0947969
0.0343445
-0.0116647
-0.140674
0.093451
0.0340642
-0.0114115
-0.141449
0.0941886
0.0344483
-0.0113537
-0.142229
0.094858
0.0348174
-0.0112948
-0.14296
0.0954705
0.0351815
-0.0112364
-0.143655
0.0966059
0.0350577
-0.0111614
-0.144362
0.0972743
0.0353529
-0.0108815
-0.145292
0.0978424
0.035609
-0.0108424
-0.145911
0.0981465
0.0360384
-0.0107606
-0.146373
0.0985899
0.0363303
-0.12746
0.0886235
0.031879
-0.130433
0.0905503
0.0326431
-0.130356
0.091126
0.0324108
-0.130956
0.0916425
0.0325978
-0.13131
0.0916665
0.032982
-0.131478
0.0919058
0.0331547
-0.131821
0.0925767
0.0330809
-0.132306
0.0930003
0.0332285
-0.132601
0.0932864
0.0333707
-0.132887
0.0934063
0.0335609
-0.13299
0.0938353
0.033413
-0.133212
-0.943462
-0.0602402
0.0147214
-0.00440265
-0.00436735
-0.00433231
-0.00429755
-0.00426305
-0.00422882
-0.00419485
-0.00416115
-0.0041277
-0.00409451
-0.00406158
-0.0040289
-0.00399648
-0.00396431
-0.00393238
-0.0039007
-0.00386927
-0.00383808
-0.00380714
-0.00377643
-0.00374596
-0.00371573
-0.00368574
-0.00365598
-0.00362645
-0.00359715
-0.00356808
-0.00353923
-0.00351062
-0.00348222
-0.00345405
-0.0034266
-0.00339915
-0.00337169
-0.00334442
-0.00331734
-0.00329047
-0.00326381
-0.00323735
-0.0032111
-0.00318506
-0.00315921
-0.00313358
-0.00310814
-0.00308291
-0.00305787
-0.00303303
-0.00300838
-0.00298394
-0.00295968
-0.00293561
-0.00291174
-0.00288805
-0.00286456
-0.00284124
-0.00281812
-0.00279517
-0.00277241
-0.00274983
-0.00272742
-0.0027052
-0.00268315
-0.00266127
-0.00263957
-0.00261804
-0.00259669
-0.0025755
-0.00255448
-0.00253363
-0.00251295
-0.00249243
-0.00247207
-0.00245188
-0.00243185
-0.00241197
-0.00239226
-0.0023727
-0.0023533
-0.00233406
-0.00231497
-0.00229603
-0.00227724
-0.00225861
-0.00224012
-0.00222178
-0.00220359
-0.00218554
-0.00216764
-0.00214989
-0.00213227
-0.0021148
-0.00209746
-0.00208027
-0.00206321
-0.00204629
-0.00202951
-0.00201286
-0.00199635
-0.00197997
-0.00196372
-0.0019476
-0.00193161
-0.00191576
-0.00190002
-0.00188442
-0.00186894
-0.00185359
-0.00183836
-0.00182325
-0.00180826
-0.0017934
-0.00177866
-0.00176403
-0.00174953
-0.00173514
-0.00172086
-0.00170671
-0.00169266
-0.00167874
-0.00166492
-0.00165122
-0.00163762
-0.00162414
-0.00161077
-0.0015975
-0.00158434
-0.00157129
-0.00155835
-0.00154551
-0.00153277
-0.00152014
-0.00150761
-0.00149518
-0.00148286
-0.00147063
-0.0014585
-0.00144647
-0.00143454
-0.00142271
-0.00141097
-0.00139933
-0.00138778
-0.00137633
-0.00136497
-0.0013537
-0.00134253
-0.00133144
-0.00132045
-0.00130954
-0.00129873
-0.001288
-0.00127736
-0.00126681
-0.00125634
-0.00124596
-0.00123566
-0.00122545
-0.00121532
-0.00120527
-0.00119531
-0.00118543
-0.00117563
-0.0011659
-0.00115626
-0.0011467
-0.00113721
-0.0011278
-0.00111847
-0.00110922
-0.00110004
-0.00109094
-0.00108191
-0.00107295
-0.00106407
-0.00105526
-0.00104653
-0.00103786
-0.00102927
-0.00102074
-0.00101229
-0.00100391
-0.000995592
-0.000987345
-0.000979165
-0.000971053
-0.000963007
-0.000955027
-0.000947112
-0.000939263
-0.000931478
-0.000923757
-0.0009161
-0.000908505
-0.000900973
-0.000893503
-0.000886094
-0.000878746
-0.000871459
-0.000864231
-0.000857063
-0.000849954
-0.000842903
-0.00083591
-0.000828975
-0.000822097
-0.000815276
-0.00080851
-0.000801801
-0.000795146
-0.000788547
-0.000782001
-0.00077551
-0.000769072
-0.000762687
-0.000756355
-0.000750075
-0.000743847
-0.00073767
-0.000731544
-0.000725469
-0.000719443
-0.000713468
-0.000707541
-0.000701664
-0.000695834
-0.000690053
-0.00068432
-0.000678634
-0.000672995
-0.000667403
-0.000661856
-0.000656356
-0.000650901
-0.00064549
-0.000640125
-0.000634804
-0.000629527
-0.000624293
-0.000619103
-0.000613955
-0.00060885
-0.000603788
-0.000598767
-0.000593787
-0.000588849
-0.000583952
-0.000579095
-0.000574278
-0.000569501
-0.000564763
-0.000560065
-0.000555405
-0.000550785
-0.000546202
-0.000541657
-0.00053715
-0.00053268
-0.000528247
-0.000523851
-0.000519491
-0.000515168
-0.00051088
-0.000506628
-0.00050241
-0.000498227
-0.000494079
-0.000489966
-0.000485887
-0.000481841
-0.000477829
-0.00047385
-0.000469904
-0.000465991
-0.00046211
-0.000458261
-0.000454444
-0.000450659
-0.000446906
-0.000443183
-0.000439491
-0.00043583
-0.000432199
-0.000428598
-0.000425027
-0.000421487
-0.000417975
-0.000414492
-0.000411038
-0.000407612
-0.000404215
-0.000400847
-0.000397506
-0.000394192
-0.000390907
-0.000387649
-0.000384417
-0.000381213
-0.000378035
-0.000374883
-0.000371758
-0.000368659
-0.000365585
-0.000362537
-0.000359515
-0.000356517
-0.000353544
-0.000350596
-0.000347673
-0.000344773
-0.000341898
-0.000339047
-0.000336219
-0.000333415
-0.000330634
-0.000327876
-0.000325141
-0.000322429
-0.000319739
-0.000317072
-0.000314427
-0.000311804
-0.000309202
-0.000306622
-0.000304064
-0.000301527
-0.000299011
-0.000296515
-0.000294041
-0.000291587
-0.000289154
-0.00028674
-0.000284347
-0.000281974
-0.000279621
-0.000277286
-0.000274972
-0.000272676
-0.000270401
-0.000268143
-0.000265905
-0.000263684
-0.000261484
-0.0002593
-0.000257135
-0.000254988
-0.000252859
-0.000250747
-0.000248654
-0.000246577
-0.000244518
-0.000242476
-0.000240451
-0.000238442
-0.000236452
-0.000234476
-0.000232519
-0.000230576
-0.00022865
-0.00022674
-0.000224846
-0.000222967
-0.000221105
-0.000219257
-0.000217426
-0.00021561
-0.000213808
-0.000212022
-0.00021025
-0.000208494
-0.000206751
-0.000205024
-0.00020331
-0.000201612
-0.000199926
-0.000198254
-0.000196597
-0.000194954
-0.000193324
-0.000191709
-0.000190106
-0.000188517
-0.000186941
-0.000185379
-0.000183829
-0.000182293
-0.000180769
-0.000179257
-0.000177759
-0.000176273
-0.000174799
-0.000173338
-0.000171889
-0.000170452
-0.000169027
-0.000167613
-0.000166212
-0.000164822
-0.000163444
-0.000162077
-0.000160722
-0.000159378
-0.000158045
-0.000156723
-0.000155412
-0.000154112
-0.000152823
-0.000151545
-0.000150277
-0.00014902
-0.000147774
-0.000146537
-0.000145312
-0.000144096
-0.00014289
-0.000141695
-0.00014051
-0.000139334
-0.000138168
-0.000137012
-0.000135865
-0.000134728
-0.000133601
-0.000132483
-0.000131374
-0.000130275
-0.000129185
-0.000128104
-0.000127031
-0.000125968
-0.000124914
-0.000123869
-0.000122832
-0.000121804
-0.000120784
-0.000119773
-0.00011877
-0.000117776
-0.00011679
-0.000115812
-0.000114843
-0.000113881
-0.000112928
-0.000111982
-0.000111044
-0.000110115
-0.000109192
-0.000108278
-0.000107371
-0.000106472
-0.00010558
-0.000104696
-0.00010382
-0.000102951
-0.000102088
-0.000101233
-0.000100386
-9.95448e-05
-9.8711e-05
-9.78841e-05
-9.7064e-05
-9.62508e-05
-9.54445e-05
-9.46449e-05
-9.38521e-05
-9.30658e-05
-9.22861e-05
-9.15129e-05
-9.07462e-05
-8.99858e-05
-8.92318e-05
-8.8484e-05
-8.77425e-05
-8.70073e-05
-8.62782e-05
-8.55551e-05
-8.48381e-05
-8.41271e-05
-8.34221e-05
-8.27232e-05
-8.20307e-05
-8.1343e-05
-8.0661e-05
-7.99846e-05
-7.93141e-05
-7.86491e-05
-7.79898e-05
-7.7336e-05
-7.66877e-05
-7.60447e-05
-7.54072e-05
-7.47749e-05
-7.4148e-05
-7.35263e-05
-7.29098e-05
-7.22984e-05
-7.16922e-05
-7.1091e-05
-7.04949e-05
-6.99037e-05
-6.92928e-05
-6.87264e-05
-6.81499e-05
-6.7578e-05
-6.70111e-05
-6.6449e-05
-6.58916e-05
-6.53389e-05
-6.47908e-05
-6.42474e-05
-6.37085e-05
-6.31742e-05
-6.26442e-05
-6.21188e-05
-6.15977e-05
-6.10811e-05
-6.05688e-05
-6.00608e-05
-5.95569e-05
-5.90572e-05
-5.85618e-05
-5.80704e-05
-5.75832e-05
-5.71001e-05
-5.6621e-05
-5.61459e-05
-5.56748e-05
-5.52076e-05
-5.47444e-05
-5.4285e-05
-5.38294e-05
-5.33777e-05
-5.29297e-05
-5.24855e-05
-5.20449e-05
-5.16081e-05
-5.11749e-05
-5.07454e-05
-5.03194e-05
-4.9897e-05
-4.94782e-05
-4.90628e-05
-4.86509e-05
-4.82425e-05
-4.78374e-05
-4.74358e-05
-4.70375e-05
-4.66425e-05
-4.62509e-05
-4.58625e-05
-4.54774e-05
-4.50954e-05
-4.47167e-05
-4.43412e-05
-4.39688e-05
-4.35995e-05
-4.32333e-05
-4.28701e-05
-4.251e-05
-4.21529e-05
-4.17988e-05
-4.14477e-05
-4.10995e-05
-4.07542e-05
-4.04118e-05
-4.00722e-05
-3.97355e-05
-3.94016e-05
-3.90705e-05
-3.87422e-05
-3.84166e-05
-3.80938e-05
-3.77737e-05
-3.74562e-05
-3.71414e-05
-3.68292e-05
-3.65196e-05
-3.62127e-05
-3.59077e-05
-3.56076e-05
-3.53088e-05
-3.50123e-05
-3.47181e-05
-3.44262e-05
-3.41368e-05
-3.38497e-05
-3.3565e-05
-3.32827e-05
-3.30028e-05
-3.27251e-05
-3.24498e-05
-3.21768e-05
-3.1906e-05
-3.16375e-05
-3.13713e-05
-3.11073e-05
-3.08455e-05
-3.05858e-05
-3.03284e-05
-3.00731e-05
-2.98199e-05
-2.95689e-05
-2.932e-05
-2.90732e-05
-2.88284e-05
-2.85857e-05
-2.83451e-05
-2.81065e-05
-2.78699e-05
-2.76352e-05
-2.74026e-05
-2.71719e-05
-2.69432e-05
-2.67163e-05
-2.64914e-05
-2.62684e-05
-2.60472e-05
-2.58279e-05
-2.56105e-05
-2.53948e-05
-2.5181e-05
-2.4969e-05
-2.47587e-05
-2.45502e-05
-2.43435e-05
-2.41385e-05
-2.39352e-05
-2.37336e-05
-2.35337e-05
-2.33355e-05
-2.3139e-05
-2.29441e-05
-2.27508e-05
-2.25592e-05
-2.23688e-05
-2.21803e-05
-2.19935e-05
-2.18083e-05
-2.16247e-05
-2.14427e-05
-2.12621e-05
-2.10831e-05
-2.09055e-05
-2.07294e-05
-2.05547e-05
-2.03815e-05
-2.02097e-05
-2.00393e-05
-1.98704e-05
-1.97028e-05
-1.95367e-05
-1.9372e-05
-1.92086e-05
-1.90466e-05
-1.8886e-05
-1.87267e-05
-1.85687e-05
-1.84121e-05
-1.82568e-05
-1.81028e-05
-1.795e-05
-1.77986e-05
-1.76484e-05
-1.74995e-05
-1.73514e-05
-1.72033e-05
-1.70578e-05
-1.69136e-05
-1.67707e-05
-1.66291e-05
-1.64888e-05
-1.63497e-05
-1.62118e-05
-1.60751e-05
-1.59395e-05
-1.58051e-05
-1.56718e-05
-1.55396e-05
-1.54085e-05
-1.52785e-05
-1.51496e-05
-1.50218e-05
-1.48951e-05
-1.47695e-05
-1.46449e-05
-1.45214e-05
-1.43989e-05
-1.42774e-05
-1.4157e-05
-1.40376e-05
-1.39192e-05
-1.38017e-05
-1.36853e-05
-1.35698e-05
-1.34553e-05
-1.33417e-05
-1.32291e-05
-1.31174e-05
-1.30066e-05
-1.28968e-05
-1.27879e-05
-1.26799e-05
-1.25728e-05
-1.24665e-05
-1.23612e-05
-1.22567e-05
-1.21532e-05
-1.20504e-05
-1.19486e-05
-1.18476e-05
-1.17474e-05
-1.16481e-05
-1.15496e-05
-1.14519e-05
-1.13551e-05
-1.1259e-05
-1.11638e-05
-1.10693e-05
-1.09757e-05
-1.08828e-05
-1.07907e-05
-1.06994e-05
-1.06089e-05
-1.05191e-05
-1.043e-05
-1.03417e-05
-1.02542e-05
-1.01689e-05
-1.00825e-05
-9.99743e-06
-9.91305e-06
-9.8293e-06
-9.74616e-06
-9.66365e-06
-9.58179e-06
-9.5006e-06
-9.42008e-06
-9.34023e-06
-9.26106e-06
-9.18257e-06
-9.10473e-06
-9.02755e-06
-8.95102e-06
-8.87513e-06
-8.79988e-06
-8.72525e-06
-8.65124e-06
-8.57785e-06
-8.50508e-06
-8.43291e-06
-8.36134e-06
-8.29037e-06
-8.21999e-06
-8.1502e-06
-8.081e-06
-8.01238e-06
-7.94434e-06
-7.87687e-06
-7.80996e-06
-7.74363e-06
-7.67785e-06
-7.61263e-06
-7.54796e-06
-7.48384e-06
-7.42026e-06
-7.35722e-06
-7.29471e-06
-7.23273e-06
-7.17127e-06
-7.11034e-06
-7.04992e-06
-6.99002e-06
-6.93062e-06
-6.87172e-06
-6.81332e-06
-6.75542e-06
-6.698e-06
-6.64108e-06
-6.58463e-06
-6.52866e-06
-6.47253e-06
-6.41913e-06
-6.36423e-06
-6.30986e-06
-6.25605e-06
-6.20278e-06
-6.14999e-06
-6.09766e-06
-6.04577e-06
-5.99432e-06
-5.94331e-06
-5.89271e-06
-5.84221e-06
-5.7923e-06
-5.74294e-06
-5.69398e-06
-5.64544e-06
-5.59732e-06
-5.54962e-06
-5.50234e-06
-5.45545e-06
-5.40897e-06
-5.36288e-06
-5.31719e-06
-5.27189e-06
-5.22699e-06
-5.18246e-06
-5.13833e-06
-5.09457e-06
-5.05119e-06
-5.00818e-06
-4.96555e-06
-4.92328e-06
-4.88137e-06
-4.83983e-06
-4.79864e-06
-4.75781e-06
-4.71731e-06
-4.67717e-06
-4.63737e-06
-4.5979e-06
-4.55877e-06
-4.51916e-06
-4.48032e-06
-4.44229e-06
-4.40451e-06
-4.36702e-06
-4.32988e-06
-4.29309e-06
-4.25664e-06
-4.22052e-06
-4.18471e-06
-4.14921e-06
-4.11644e-06
-4.08005e-06
-4.04615e-06
-4.01241e-06
-3.97869e-06
-3.94504e-06
-3.90936e-06
-3.87714e-06
-3.84342e-06
-3.80997e-06
-3.777e-06
-3.74448e-06
-3.71239e-06
-3.68066e-06
-3.64965e-06
-3.61853e-06
-3.58755e-06
-3.55675e-06
-3.52618e-06
-3.49586e-06
-3.46582e-06
-3.43605e-06
-3.40655e-06
-3.37733e-06
-3.34838e-06
-3.31969e-06
-3.29126e-06
-3.26309e-06
-3.23516e-06
-3.20748e-06
-3.18004e-06
-3.15284e-06
-3.12587e-06
-3.09914e-06
-3.07263e-06
-3.04636e-06
-3.0203e-06
-2.99455e-06
-2.9686e-06
-2.94312e-06
-2.91789e-06
-2.8929e-06
-2.86815e-06
-2.84363e-06
-2.81932e-06
-2.79522e-06
-2.77132e-06
-2.74762e-06
-2.72411e-06
-2.7008e-06
-2.67767e-06
-2.65474e-06
-2.632e-06
-2.60945e-06
-2.58708e-06
-2.5649e-06
-2.54291e-06
-2.52109e-06
-2.49947e-06
-2.47802e-06
-2.45675e-06
-2.43566e-06
-2.41475e-06
-2.39402e-06
-2.37346e-06
-2.35307e-06
-2.33286e-06
-2.31281e-06
-2.29549e-06
-2.27494e-06
-2.25582e-06
-2.23692e-06
-2.21805e-06
-2.19917e-06
-2.18032e-06
-2.16154e-06
-2.14287e-06
-2.12434e-06
-2.10597e-06
-2.08776e-06
-2.06971e-06
-2.05183e-06
-2.0341e-06
-2.01653e-06
-1.99911e-06
-1.98184e-06
-1.96472e-06
-1.94773e-06
-1.93089e-06
-1.91419e-06
-1.89763e-06
-1.88121e-06
-1.86492e-06
-1.84877e-06
-1.83276e-06
-1.81688e-06
-1.80114e-06
-1.78554e-06
-1.77007e-06
-1.75473e-06
-1.73953e-06
-1.72446e-06
-1.70952e-06
-1.69471e-06
-1.68003e-06
-1.66548e-06
-1.65105e-06
-1.63675e-06
-1.62257e-06
-1.60852e-06
-1.59459e-06
-1.58078e-06
-1.56709e-06
-1.55352e-06
-1.54007e-06
-1.52673e-06
-1.51351e-06
-1.5004e-06
-1.48741e-06
-1.47453e-06
-1.46176e-06
-1.4491e-06
-1.43655e-06
-1.4241e-06
-1.41177e-06
-1.39954e-06
-1.38741e-06
-1.37539e-06
-1.36347e-06
-1.35166e-06
-1.33994e-06
-1.32833e-06
-1.31681e-06
-1.30539e-06
-1.29407e-06
-1.28285e-06
-1.27172e-06
-1.26069e-06
-1.24976e-06
-1.23891e-06
-1.22816e-06
-1.2175e-06
-1.20693e-06
-1.19646e-06
-1.18607e-06
-1.17577e-06
-1.16555e-06
-1.15543e-06
-1.14539e-06
-1.13544e-06
-1.12557e-06
-1.11352e-06
-1.10508e-06
-1.09474e-06
-1.08452e-06
-1.07463e-06
-1.06505e-06
-1.05572e-06
-1.04659e-06
-1.03759e-06
-1.02868e-06
-1.01986e-06
-1.0111e-06
-1.0024e-06
-9.93761e-07
-9.85188e-07
-9.76679e-07
-9.68238e-07
-9.59866e-07
-9.51564e-07
-9.43333e-07
-9.35173e-07
-9.27084e-07
-9.19066e-07
-9.11117e-07
-9.03237e-07
-8.95425e-07
-8.8768e-07
-8.80001e-07
-8.72386e-07
-8.64835e-07
-8.57347e-07
-8.49922e-07
-8.42557e-07
-8.35253e-07
-8.28009e-07
-8.20825e-07
-8.13699e-07
-8.06631e-07
-7.9962e-07
-7.92667e-07
-7.85771e-07
-7.78931e-07
-7.72147e-07
-7.65419e-07
-7.58746e-07
-7.52128e-07
-7.45564e-07
-7.39055e-07
-7.32599e-07
-7.26197e-07
-7.19848e-07
-7.13552e-07
-7.07308e-07
-7.01117e-07
-6.94977e-07
-6.88889e-07
-6.82852e-07
-6.76866e-07
-6.7093e-07
-6.65045e-07
-6.59209e-07
6.57544e-07
6.56478e-07
6.55406e-07
6.54328e-07
6.53244e-07
6.52155e-07
6.51059e-07
6.49958e-07
6.48852e-07
6.4774e-07
6.46622e-07
6.45499e-07
6.4437e-07
6.43237e-07
6.42098e-07
6.40956e-07
6.39809e-07
6.38657e-07
6.37501e-07
6.3634e-07
6.35175e-07
6.34006e-07
6.32832e-07
6.31655e-07
6.30473e-07
6.29287e-07
6.28098e-07
6.26905e-07
6.25709e-07
6.24509e-07
6.23305e-07
6.22099e-07
6.20889e-07
6.19675e-07
6.18459e-07
6.17239e-07
6.16016e-07
6.1479e-07
6.13562e-07
6.1233e-07
6.11096e-07
6.09859e-07
6.08619e-07
6.07377e-07
6.06132e-07
6.04884e-07
6.03635e-07
6.02383e-07
6.01129e-07
5.99872e-07
5.98614e-07
5.97354e-07
5.96091e-07
5.94827e-07
5.93561e-07
5.92293e-07
5.91024e-07
5.89753e-07
5.8848e-07
5.87206e-07
5.8593e-07
5.84653e-07
5.83375e-07
5.82095e-07
5.80815e-07
5.79533e-07
5.7825e-07
5.76966e-07
5.75681e-07
5.74395e-07
5.73108e-07
5.7182e-07
5.70531e-07
5.69242e-07
5.67952e-07
5.66661e-07
5.6537e-07
5.64078e-07
5.62786e-07
5.61493e-07
5.602e-07
5.58906e-07
5.57612e-07
5.56318e-07
5.55023e-07
5.53729e-07
5.52434e-07
5.51139e-07
5.49844e-07
5.48548e-07
5.47253e-07
5.45958e-07
5.44663e-07
5.43368e-07
5.42074e-07
5.40779e-07
5.39485e-07
5.38191e-07
5.36897e-07
5.35603e-07
5.3431e-07
5.33018e-07
5.31725e-07
5.30434e-07
5.29142e-07
5.27852e-07
5.26561e-07
5.25272e-07
5.23983e-07
5.22695e-07
5.21407e-07
5.2012e-07
5.18834e-07
5.17549e-07
5.16264e-07
5.14981e-07
5.13698e-07
5.12416e-07
5.11135e-07
5.09855e-07
5.08576e-07
5.07298e-07
5.06021e-07
5.04745e-07
5.0347e-07
5.02196e-07
5.00924e-07
4.99652e-07
4.98382e-07
4.97113e-07
4.95845e-07
4.94579e-07
4.93313e-07
4.92049e-07
4.90787e-07
4.89525e-07
4.88265e-07
4.87007e-07
