0.851313
0.821662
0.802062
0.791964
0.766712
0.765551
0.75931
0.751659
0.746727
0.757813
0.744549
0.745999
0.739414
0.753666
0.745041
0.736437
0.743072
0.740932
0.740943
0.733733
0.728532
0.741535
0.75588
0.737384
0.730135
0.73269
0.725457
0.729886
0.728216
0.730436
0.723246
0.728513
0.731579
0.722629
0.730826
0.741209
0.724482
0.730112
0.734834
0.725127
0.722318
0.716908
0.716793
0.720666
0.71789
0.733775
0.734982
0.723345
0.726743
0.728427
0.726148
0.718801
0.719952
0.707336
0.713737
0.713607
0.719712
0.716191
0.706771
0.709789
0.711088
0.711524
0.718816
0.704892
0.714395
0.713318
0.713671
0.707743
0.717239
0.713252
0.711704
0.70856
0.718509
0.713829
0.712341
0.707375
0.710592
0.72833
0.705389
0.715398
0.710985
0.712053
0.708229
0.71757
0.711657
0.717884
0.715184
0.707018
0.70403
0.702315
0.708315
0.706649
0.711409
0.708666
0.719052
0.721641
0.711227
0.706499
0.70828
0.705739
0.70671
0.700999
0.70629
0.705141
0.706512
0.705778
0.711276
0.705161
0.708296
0.702764
0.714135
0.700832
0.706332
0.694889
0.70607
0.7126
0.708363
0.709858
0.705337
0.705217
0.706538
0.704724
0.70068
0.706214
0.700119
0.705382
0.699477
0.705129
0.701976
0.708465
0.702824
0.710106
0.691104
0.696756
0.703292
0.709898
0.693113
0.699363
0.696641
0.695206
0.702359
0.710246
0.69434
0.703335
0.696507
0.687181
0.7019
0.698936
0.686515
0.690385
0.691586
0.697813
0.701403
0.694697
0.702286
0.69875
0.689818
0.697013
0.706008
0.694576
0.692607
0.703415
0.698074
0.704122
0.701855
0.68486
0.688469
0.696185
0.694647
0.69505
0.692364
0.701443
0.688661
0.703069
0.70162
0.690348
0.700618
0.696601
0.687649
0.716864
0.71652
0.747775
0.703201
0.713302
0.697816
0.690633
0.700378
0.685883
0.68913
0.688745
0.702842
0.686438
0.691406
0.690041
0.694095
0.682402
0.68354
0.679384
0.687051
0.686713
0.685825
0.689157
0.691063
0.686948
0.68811
0.68839
0.697479
0.688166
0.693299
0.689502
0.68499
0.693522
0.687614
0.693312
0.687126
0.697793
0.691014
0.692689
0.68648
0.694149
0.682787
0.684839
0.68352
0.685423
0.67836
0.684202
0.686758
0.682798
0.682009
0.694095
0.69017
0.681836
0.683784
0.687831
0.683903
0.685145
0.69077
0.685873
0.685682
0.690834
0.677863
0.682632
0.677806
0.689202
0.693506
0.6737
0.683748
0.674605
0.69157
0.693621
0.676528
0.686258
0.682787
0.679537
0.676101
0.672186
0.681921
0.673938
0.67903
0.671051
0.677615
0.682926
0.679311
0.689688
0.680327
0.683188
0.680007
0.674673
0.686192
0.672554
0.690261
0.673482
0.674651
0.681757
0.676664
0.684779
0.674169
0.678578
0.679797
0.680402
0.680461
0.680803
0.677782
0.676527
0.680218
0.679631
0.691218
0.683652
0.673562
0.684385
0.683591
0.673852
0.677419
0.682997
0.680025
0.684093
0.678052
0.683022
0.670746
0.670194
0.678547
0.685367
0.676832
0.677084
0.673137
0.674299
0.672157
0.674471
0.685421
0.688044
0.68027
0.675094
0.668469
0.675982
0.670905
0.666052
0.682038
0.67548
0.679837
0.672334
0.679766
0.677539
0.6697
0.666152
0.670909
0.671204
0.669522
0.66434
0.674257
0.670757
0.669429
0.668644
0.67572
0.673941
0.67076
0.665934
0.675107
0.669867
0.6748
0.670179
0.672615
0.676698
0.670877
0.664575
0.657336
0.66268
0.666248
0.663538
0.667549
0.663451
0.664941
0.66932
0.667243
0.668569
0.667217
0.669025
0.668519
0.672857
0.66927
0.670291
0.665814
0.672782
0.672006
0.667182
0.674864
0.661789
0.662279
0.664286
0.673838
0.673777
0.66855
0.668403
0.674704
0.660286
0.669648
0.662834
0.669445
0.665671
0.668699
0.664802
0.666759
0.671206
0.668103
0.665991
0.671807
0.657103
0.671413
0.669278
0.677044
0.667175
0.669301
0.654468
0.676007
0.667945
0.675308
0.679453
0.669282
0.664931
0.656661
0.66731
0.64815
0.657581
0.662786
0.660275
0.660908
0.662846
0.66512
0.657751
0.66509
0.661255
0.660148
0.663721
0.662343
0.664495
0.665866
0.657711
0.656794
0.669228
0.67246
0.671961
0.661498
0.654281
0.656587
0.668955
0.659345
0.655583
0.658085
0.651402
0.663774
0.662873
0.668246
0.651373
0.65885
0.663512
0.651857
0.659131
0.663438
0.649558
0.660076
0.665051
0.649827
0.6663
0.648245
0.65019
0.659878
0.657081
0.657466
0.652527
0.659591
0.649407
0.664267
0.655826
0.659088
0.654127
0.652945
0.66228
0.653668
0.657889
0.665599
0.663981
0.657594
0.660216
0.65579
0.66008
0.649107
0.655048
0.652407
0.664829
0.656692
0.65589
0.652043
0.651132
0.653858
0.659019
0.64974
0.645532
0.660733
0.643917
0.646433
0.649805
0.652431
0.657466
0.659884
0.663447
0.654454
0.656744
0.654713
0.650899
0.652617
0.653177
0.665635
0.654721
0.648476
0.647188
0.652277
0.649541
0.671509
0.676669
0.657777
0.653402
0.651249
0.64446
0.670194
0.659587
0.651435
0.639681
0.655228
0.65078
0.646382
0.651974
0.65797
0.651173
0.647904
0.642953
0.653929
0.640173
0.63814
0.644589
0.646232
0.640081
0.639178
0.642961
0.647557
0.648568
0.643063
0.646947
0.644364
0.646602
0.649263
0.655536
0.63681
0.644857
0.63988
0.636932
0.646566
0.639733
0.636304
0.644759
0.639841
0.636619
0.644924
0.639492
0.637538
0.645148
0.639935
0.636467
0.645265
0.639391
0.637287
0.645337
0.641308
0.636576
0.64438
0.639884
0.636132
0.644148
0.639252
0.635705
0.645908
0.639094
0.636472
0.644317
0.639137
0.636988
0.644796
0.638893
0.636227
0.644418
0.639006
0.635798
0.644837
0.639224
0.635868
0.645121
0.639689
0.637025
0.644478
0.6395
0.637307
0.644651
0.639312
0.636026
0.644087
0.639357
0.636502
0.645368
0.639319
0.636211
0.644738
0.639742
0.636721
0.644261
0.639217
0.631458
0.639748
0.633896
0.63084
0.639283
0.633738
0.630416
0.638888
0.633919
0.630336
0.638977
0.633754
0.631688
0.638954
0.633409
0.631899
0.639061
0.633241
0.630974
0.63863
0.634029
0.630294
0.63915
0.63361
0.630536
0.638939
0.633075
0.631828
0.63891
0.633469
0.632149
0.638994
0.633537
0.630546
0.638804
0.633885
0.630564
0.639056
0.633635
0.630736
0.639394
0.633583
0.631032
0.639122
0.634091
0.631259
0.639136
0.633278
0.63047
0.638726
0.633667
0.630403
0.638218
0.633599
0.631275
0.640274
0.633644
0.630994
0.638648
0.633237
0.631523
0.639011
0.633384
0.630681
0.638723
0.633783
0.630471
0.638594
0.633339
0.630325
0.638919
0.633928
0.631152
0.638664
0.633506
0.631423
0.633387
0.628511
0.625181
0.633586
0.628185
0.630455
0.638687
0.633489
0.625162
0.638983
0.634264
0.630963
0.638596
0.634633
0.63309
0.639014
0.634852
0.631693
0.638833
0.634656
0.625828
0.635903
0.635061
0.631119
0.63485
0.629061
0.633011
0.633587
0.628628
0.626676
0.633936
0.629325
0.625202
0.63464
0.634704
0.631615
0.633244
0.629227
0.625684
0.63425
0.628892
0.62639
0.633988
0.629409
0.621607
0.629384
0.629317
0.626832
0.628788
0.62906
0.626859
0.629284
0.624262
0.625184
0.635283
0.629401
0.627266
0.634451
0.629931
0.626642
0.62848
0.629204
0.627793
0.633976
0.629492
0.620747
0.62909
0.624357
0.621146
0.628913
0.624122
0.62106
0.628972
0.624233
0.622198
0.628959
0.623855
0.620821
0.628785
0.623973
0.621683
0.629275
0.62378
0.620502
0.628818
0.62296
0.621029
0.628377
0.625444
0.620861
0.631936
0.622645
0.619559
0.627976
0.622903
0.619084
0.627942
0.622988
0.619351
0.628405
0.622498
0.620075
0.628184
0.622674
0.620293
0.62888
0.62251
0.619413
0.628079
0.622575
0.618861
0.628687
0.622526
0.618954
0.627978
0.622538
0.620092
0.628009
0.62314
0.620093
0.628126
0.622542
0.61896
0.628003
0.622466
0.619393
0.628086
0.622893
0.619747
0.628046
0.622613
0.619983
0.627885
0.62239
0.620378
0.628094
0.62256
0.619536
0.627956
0.623464
0.61937
0.627665
0.62218
0.618962
0.628178
0.622648
0.62036
0.627631
0.622328
0.615055
0.622766
0.617281
0.614069
0.622597
0.617782
0.614099
0.617028
0.611877
0.608921
0.623015
0.617154
0.614659
0.622469
0.617246
0.614899
0.622701
0.617225
0.614068
0.622636
0.617356
0.614168
0.617912
0.611973
0.607945
0.61741
0.612232
0.608874
0.617032
0.611297
0.609165
0.618327
0.611974
0.609037
0.617157
0.611864
0.609069
0.616915
0.611901
0.608508
0.617291
0.611519
0.609172
0.617433
0.611731
0.60937
0.617212
0.611583
0.60872
0.617007
0.611869
0.609112
0.616978
0.61184
0.608775
0.617306
0.61149
0.609273
0.617116
0.612364
0.609588
0.617123
0.611815
0.608844
0.617131
0.612083
0.608502
0.617309
0.611729
0.609179
0.617734
0.611743
0.609319
0.616952
0.612035
0.60902
0.617086
0.611594
0.608389
0.618864
0.611997
0.608396
0.616715
0.611401
0.608197
0.617314
0.61156
0.609258
0.617157
0.611795
0.608922
0.617138
0.611528
0.608268
0.611915
0.606589
0.60314
0.611766
0.606424
0.60303
0.612225
0.606961
0.603768
0.611765
0.606571
0.605038
0.611891
0.60633
0.602997
0.611892
0.607013
0.603481
0.612064
0.606585
0.60296
0.612165
0.606541
0.603877
0.612098
0.606771
0.603906
0.6118
0.606574
0.603479
0.611778
0.606693
0.603307
0.611895
0.606556
0.603022
0.611993
0.606391
0.603645
0.611587
0.606078
0.60392
0.61195
0.606393
0.603227
0.611383
0.606438
0.603162
0.611608
0.607129
0.603084
0.61202
0.606494
0.604148
0.611851
0.606295
0.60383
0.611699
0.606315
0.603296
0.612295
0.608861
0.602941
0.611692
0.606557
0.60284
0.614587
0.606142
0.603709
0.611674
0.60663
0.603819
0.613328
0.606485
0.603323
0.611761
0.60645
0.603244
0.611913
0.606451
0.603243
0.612151
0.606283
0.604331
0.611543
0.60636
0.603724
0.611928
0.606222
0.603527
0.611839
0.60678
0.603153
0.611478
0.606725
0.603146
0.61321
0.606425
0.603749
0.61141
0.606448
0.60416
0.606533
0.600964
0.597593
0.606428
0.6018
0.603501
0.611666
0.600959
0.597661
0.606439
0.600886
0.598811
0.606493
0.600803
0.598583
0.606633
0.600978
0.597694
0.606059
0.601354
0.597961
0.606841
0.595455
0.597969
0.606652
0.595706
0.593186
0.600998
0.595123
0.593179
0.601334
0.595682
0.592433
0.600961
0.595483
0.5926
0.600959
0.595561
0.592459
0.601155
0.595457
0.593357
0.601648
0.595321
0.592701
0.601291
0.595662
0.592584
0.600814
0.595521
0.592439
0.601304
0.596202
0.592222
0.601594
0.595199
0.592983
0.600656
0.595719
0.593413
0.60123
0.595745
0.59245
0.60077
0.595666
0.592259
0.601334
0.59572
0.592042
0.601154
0.595509
0.59329
0.600941
0.595844
0.592945
0.601115
0.595555
0.592332
0.600701
0.598084
0.592201
0.600975
0.595584
0.591918
0.601171
0.597591
0.592883
0.601132
0.59568
0.593138
0.600901
0.595667
0.592138
0.601158
0.595782
0.59285
0.601498
0.595358
0.592025
0.601067
0.595569
0.593387
0.600769
0.595404
0.592934
0.601986
0.595947
0.592278
0.601165
0.595867
0.592281
0.601097
0.595724
0.592403
0.601236
0.595608
0.587542
0.595992
0.591774
0.588357
0.596033
0.59069
0.586779
0.595605
0.590021
0.587071
0.596523
0.590328
0.586774
0.596057
0.590538
0.587734
0.595573
0.590283
0.587533
0.595454
0.590621
0.586995
0.595745
0.590004
0.587099
0.59612
0.590091
0.586888
0.595865
0.590484
0.588061
0.596315
0.590094
0.587892
0.595808
0.590711
0.58765
0.595724
0.590008
0.587139
0.595831
0.590671
0.586803
0.595912
0.590287
0.588061
0.595996
0.590266
0.58805
0.595692
0.590249
0.587031
0.595822
0.590405
0.586931
0.59609
0.590609
0.586985
0.596254
0.590002
0.58742
0.595871
0.590506
0.587815
0.595672
0.590409
0.586929
0.59578
0.590436
0.586996
0.596958
0.590385
0.586749
0.596354
0.590144
0.587918
0.590455
0.584765
0.581916
0.590162
0.584974
0.581531
0.590434
0.584974
0.581769
0.590957
0.584755
0.581375
0.590252
0.584764
0.582128
0.590183
0.584732
0.582254
0.59041
0.584949
0.581033
0.590836
0.586415
0.581588
0.59058
0.584977
0.581127
0.590488
0.585877
0.582132
0.584965
0.57941
0.576841
0.585079
0.579668
0.576216
0.584802
0.579561
0.576216
0.58536
0.579466
0.576636
0.585434
0.579603
0.577107
0.585303
0.579276
0.577431
0.58509
0.580197
0.57587
0.58529
0.579609
0.576473
0.585322
0.579598
0.576267
0.585108
0.579606
0.577174
0.584986
0.57933
0.576754
0.586026
0.580602
0.576313
0.585158
0.579529
0.576487
0.585233
0.580153
0.57641
0.585038
0.579699
0.577194
0.58509
0.579667
0.577217
0.585073
0.579972
0.575819
0.585173
0.57981
0.576518
0.5852
0.579956
0.575912
0.584974
0.579625
0.577172
0.585254
0.579668
0.576931
0.585255
0.580286
0.576365
0.585223
0.579862
0.575818
0.584898
0.579783
0.579212
0.585368
0.579828
0.576915
0.585306
0.579751
0.577116
0.585308
0.579938
0.576202
0.585489
0.579908
0.576509
0.585542
0.57987
0.576258
0.585361
0.579843
0.577605
0.58529
0.579533
0.577144
0.584916
0.58099
0.576403
0.584883
0.579884
0.576547
0.579959
0.574575
0.571018
0.580049
0.574628
0.571586
0.579915
0.574389
0.571765
0.580718
0.575517
0.570724
0.579816
0.57435
0.571405
0.580247
0.574325
0.570713
0.579913
0.574594
0.571756
0.580062
0.5744
0.571863
0.579915
0.574986
0.57121
0.579919
0.574718
0.570936
0.579847
0.574389
0.571083
0.580325
0.574489
0.571428
0.57996
0.574403
0.572767
0.579985
0.575111
0.570868
0.579921
0.574427
0.571278
0.58018
0.574804
0.572084
0.579895
0.574378
0.572193
0.58002
0.574524
0.571815
0.579953
0.570504
0.56581
0.574907
0.569097
0.565121
0.57467
0.569249
0.565374
0.574817
0.569078
0.566671
0.574229
0.568867
0.566698
0.574564
0.56963
0.566237
0.574204
0.568915
0.565836
0.575048
0.56906
0.56505
0.575171
0.56889
0.566413
0.574776
0.569336
0.566181
0.574324
0.56953
0.560172
0.56945
0.563779
0.559995
0.569371
0.56382
0.560196
0.569637
0.563829
0.56081
0.569414
0.56385
0.561089
0.569183
0.563906
0.56
0.56896
0.563773
0.560381
0.569575
0.563577
0.559917
0.56925
0.563854
0.561169
0.569396
0.563645
0.56085
0.56938
0.564109
0.560542
0.569474
0.563604
0.55981
0.569341
0.563903
0.559998
0.569774
0.563805
0.56139
0.568846
0.563354
0.560911
0.569379
0.563907
0.560179
0.569155
0.563603
0.560394
0.569699
0.563756
0.559776
0.569343
0.563992
0.561365
0.568869
0.563951
0.560614
0.569345
0.564468
0.560145
0.569486
0.5638
0.554961
0.563936
0.558726
0.554855
0.564338
0.558541
0.555555
0.564179
0.55882
0.555764
0.563782
0.559252
0.554813
0.564211
0.55855
0.554825
0.564332
0.558818
0.554669
0.563862
0.557917
0.555788
0.563863
0.558172
0.555526
0.563878
0.558386
0.554907
0.56365
0.558811
0.554503
0.564092
0.55833
0.554694
0.564133
0.558205
0.555549
0.564103
0.558522
0.555468
0.563694
0.558579
0.555603
0.564009
0.558866
0.558208
0.563875
0.55851
0.554756
0.564007
0.558438
0.555745
0.564267
0.553062
0.550452
0.558485
0.553394
0.549664
0.558628
0.553769
0.549364
0.559038
0.553043
0.549785
0.55897
0.553789
0.550385
0.558285
0.552852
0.550028
0.55882
0.553178
0.549689
0.558628
0.55335
0.549837
0.558751
0.553107
0.549353
0.558734
0.5532
0.550304
0.558332
0.553023
0.550304
0.558345
0.553559
0.549214
0.558396
0.553152
0.552215
0.559504
0.553097
0.549584
0.558869
0.547472
0.54451
0.553257
0.547674
0.544895
0.553529
0.548282
0.544115
0.553327
0.54809
0.544364
0.548579
0.542928
0.538629
0.548178
0.542655
0.539827
0.553388
0.547893
0.544976
0.553622
0.548014
0.54399
0.553173
0.542506
0.538793
0.54812
0.543146
0.538762
0.548083
0.542685
0.53951
0.547808
0.542637
0.539286
0.547918
0.542757
0.538888
0.547786
0.542499
0.538908
0.548381
0.542537
0.538813
0.547778
0.542078
0.539403
0.548073
0.542203
0.539585
0.547872
0.542382
0.538307
0.547802
0.542527
0.538818
0.548166
0.542792
0.539183
0.548833
0.542217
0.539612
0.548185
0.542451
0.539509
0.54806
0.542774
0.538365
0.547975
0.543338
0.538517
0.548338
0.542571
0.539104
0.54838
0.54249
0.539312
0.547936
0.542334
0.544816
0.553617
0.547993
0.544055
0.553476
0.547842
0.5441
0.553441
0.547604
0.543687
0.55328
0.547949
0.544571
0.553086
0.54745
0.544891
0.553293
0.54783
0.543941
0.553257
0.547654
0.544125
0.553405
0.547871
0.544002
0.557054
0.547769
0.544689
0.552963
0.547804
0.544753
0.553255
0.548267
0.544507
0.553095
0.547949
0.5442
0.55344
0.547737
0.543865
0.553242
0.547545
0.544879
0.553384
0.547473
0.544508
0.553213
0.547839
0.543976
0.553197
0.547422
0.544144
0.553416
0.547815
0.543787
0.553164
0.547448
0.544854
0.553525
0.547788
0.544664
0.553499
0.548105
0.54432
0.554202
0.547769
0.543994
0.553632
0.54755
0.543973
0.553266
0.547534
0.546504
0.553595
0.547683
0.54454
0.553247
0.547928
0.544035
0.553109
0.547699
0.543946
0.553292
0.542351
0.538706
0.54792
0.542302
0.539505
0.547676
0.542687
0.539741
0.547772
0.542429
0.53872
0.547902
0.542682
0.539074
0.547923
0.54235
0.539021
0.548222
0.542035
0.539228
0.547712
0.542544
0.539832
0.548174
0.542967
0.538748
0.547763
0.542676
0.539025
0.548082
0.542643
0.538521
0.547678
0.54255
0.53958
0.547702
0.542187
0.539874
0.548142
0.542544
0.538614
0.548027
0.542436
0.539037
0.548057
0.542475
0.538792
0.54777
0.542413
0.539404
0.547748
0.542577
0.539449
0.548052
0.542771
0.538573
0.547618
0.542646
0.538758
0.548202
0.542566
0.538565
0.548094
0.542476
0.539353
0.542265
0.537188
0.533809
0.54377
0.537505
0.533046
0.542472
0.537034
0.533105
0.542737
0.537042
0.532992
0.54263
0.536879
0.533844
0.54291
0.537086
0.534005
0.542736
0.537326
0.533655
0.542704
0.536924
0.533303
0.54285
0.537459
0.53352
0.542817
0.536615
0.534117
0.54235
0.53698
0.534106
0.542374
0.537203
0.536681
0.543063
0.537431
0.53335
0.542677
0.53708
0.533514
0.543599
0.538148
0.534044
0.542463
0.53702
0.534169
0.542505
0.537355
0.533305
0.542221
0.53691
0.533264
0.542649
0.536986
0.533491
0.542816
0.537078
0.533672
0.542562
0.536621
0.534154
0.542307
0.537561
0.532846
0.542032
0.537699
0.533162
0.543078
0.537207
0.532921
0.542796
0.537121
0.534049
0.542577
0.537161
0.534306
0.542497
0.537423
0.533291
0.542557
0.537824
0.533828
0.543044
0.537197
0.533369
0.543305
0.536758
0.534253
0.542309
0.537081
0.53411
0.542742
0.537253
0.533074
0.542398
0.537043
0.533446
0.54296
0.53755
0.533101
0.542869
0.537012
0.534234
0.542516
0.536933
0.533934
0.542909
0.537322
0.533588
0.542386
0.536836
0.533105
0.542517
0.537288
0.533384
0.542624
0.537085
0.533927
0.542126
0.536784
0.533819
0.542894
0.537255
0.532992
0.542551
0.53695
0.533429
0.542897
0.536979
0.53345
0.542683
0.536845
