218.41
76.2054
55.6408
49.1494
23.7683
29.3144
30.3567
30.4688
29.4941
20.4663
7.72915
26.9805
9.7054
8.46189
22.047
1.68946
3.95505
7.45597
4.53661
5.69552
5.23525
5.67618
5.91252
6.16659
6.2292
6.37449
6.38356
6.45718
6.43954
6.44975
6.35785
6.4326
6.28942
6.42488
6.23427
6.29621
6.22334
6.13672
6.29874
5.91834
6.41441
5.47929
7.05734
1.87542
17.2342
1.46704
1.96236
5.28739
20.0069
1.45185
1.81183
5.56105
19.3092
1.44094
1.58478
5.07394
12.894
1.51433
1.72284
12.2455
1.50952
2.30816
10.8036
1.50493
3.40163
10.096
1.81464
5.66725
6.09779
5.6
5.87722
5.94933
5.96099
6.11365
6.1149
6.19352
6.25125
6.27901
6.3903
6.40725
6.47656
6.55804
6.55649
6.72048
6.70125
6.7782
6.7872
6.9189
6.91908
6.9905
7.06823
7.08608
7.1528
7.23328
7.30892
7.38484
7.36423
7.43673
7.52319
7.51653
7.60137
7.65689
7.74285
7.7364
7.8094
7.87987
7.97266
7.96352
8.04498
8.09744
8.19611
8.17178
8.24827
8.32063
8.32188
8.42117
8.49374
8.48565
8.54756
8.62111
8.71061
8.70608
8.7821
8.8516
8.83129
8.91949
8.99545
9.01282
9.07135
9.13818
9.1368
9.23103
9.29964
9.27879
9.36454
9.438
9.4354
9.50912
9.58472
9.56475
9.66127
9.73096
9.71622
9.80426
9.89869
9.8582
9.95688
9.94512
10.0066
10.0763
10.092
10.187
10.2486
10.2373
10.3231
10.3888
10.3741
10.4432
10.4349
10.4986
10.5844
10.5968
10.6644
10.6537
10.7259
10.7871
10.7997
10.8744
10.8768
10.931
10.9319
11.0107
11.0874
11.0967
11.153
11.1469
11.2236
11.2481
11.3074
11.6147
11.9761
11.531
11.5287
11.5947
11.5699
11.6281
11.6405
11.7164
11.7052
11.7904
11.8109
11.8691
11.8491
11.9155
11.9361
11.9872
11.9931
12.0656
12.0693
12.1684
12.1475
12.1617
12.2303
12.3161
12.3013
12.2922
12.3662
12.3875
12.4634
12.4506
12.5075
12.5334
12.5308
12.6202
12.5882
12.6612
12.6776
12.6799
12.7421
12.7362
12.8058
12.8166
12.7904
12.8838
12.8641
12.8764
12.9567
12.967
13.0272
12.985
13.0418
13.0936
13.1185
13.1154
13.0981
13.195
13.1973
13.1678
13.2428
13.2563
13.2582
13.2382
13.3469
13.3241
13.3335
13.4205
13.3238
13.4056
13.4042
13.4743
13.3981
13.4617
13.4969
13.4573
13.5381
13.5597
13.5731
13.5215
13.5671
13.6294
13.5696
13.6328
13.6357
13.639
13.6436
13.7019
13.5985
13.6847
13.687
13.6925
13.6997
13.6889
13.6812
13.6814
13.7868
13.709
13.7604
13.6853
13.7506
13.7764
13.7662
13.7662
13.7825
13.7545
13.7732
13.7683
13.7832
13.7714
13.7481
13.7796
13.7717
13.7835
13.7462
13.7706
13.7777
13.7664
13.7606
13.7774
13.7476
13.7442
13.7174
13.8029
13.7663
13.6879
13.7861
13.6762
13.6832
13.7076
13.7287
13.6974
13.6886
13.681
13.6187
13.718
13.6052
13.5903
13.6297
13.6002
13.6146
13.5347
13.5263
13.5416
13.5232
13.5475
13.551
13.4575
13.444
13.4804
13.4641
13.3916
13.4479
13.3868
13.3827
13.4194
13.3161
13.3276
13.3491
13.3006
13.2309
13.2309
13.2719
13.2321
13.1697
13.1876
13.1604
13.0703
13.1156
13.1108
13.0987
13.0121
13.0173
12.9694
13.0099
12.9407
12.8835
12.8687
12.8659
12.8775
12.7888
12.785
12.7477
12.7289
12.7302
12.6524
12.6827
12.6391
12.5695
12.5596
12.5278
12.5086
12.4975
12.4362
12.421
12.3444
12.3526
12.3571
12.2896
12.2761
12.2066
12.2316
12.228
12.1407
12.0813
12.0519
12.0565
11.9887
12.0179
11.9288
11.9285
11.9123
11.8367
11.7569
11.7603
11.7656
11.698
11.709
11.6271
11.616
11.5448
11.5379
11.4584
11.482
11.4038
11.3885
11.3433
11.3075
11.2599
11.2569
11.1724
11.1636
11.0872
11.0975
11.0466
11.0141
10.9586
10.9404
10.8932
10.8962
10.8359
10.8182
10.7449
10.6488
10.6757
10.6782
10.5835
10.502
10.503
10.493
10.433
10.3858
10.3675
10.2771
10.2829
10.2157
10.2033
10.1362
10.1418
10.0533
9.99025
9.99618
9.9799
9.92664
9.83295
9.83217
9.77659
9.76989
9.6937
9.68907
9.62859
9.53841
9.56302
9.54588
9.4739
9.40128
9.40121
9.33108
9.32229
9.2567
9.25946
9.21037
9.10607
9.11513
9.09851
9.03884
8.96087
8.965
8.89755
8.9033
8.81865
8.82319
8.7362
8.68161
8.67188
8.68759
8.58593
8.51895
8.52294
8.43394
8.43848
8.3654
8.39009
8.29966
8.30548
8.23355
8.14375
8.15251
8.16869
8.08589
8.01512
8.01753
7.94404
7.93151
7.84868
7.85365
7.78899
7.78421
7.72606
7.7331
7.65449
7.63852
7.56837
7.48417
7.51087
7.50928
7.42645
7.4027
7.34716
7.26114
7.25916
7.26834
7.19493
7.11063
7.11859
7.12699
7.05363
6.9594
6.96324
6.96142
6.89626
6.80913
6.81637
6.80911
6.74306
6.75054
6.67066
6.61404
6.59923
6.60711
6.53218
6.5327
6.44052
6.45435
6.37206
6.36656
6.31229
6.29846
6.28991
6.24451
6.15103
6.14391
6.16752
6.07653
6.06985
6.02045
6.00563
5.92528
5.94057
5.85708
5.85384
5.86787
5.78614
5.77456
5.72676
5.71018
5.62868
5.65131
5.63579
5.55399
5.5807
5.48764
5.48738
5.42492
5.41584
5.41176
5.35112
5.34389
5.2601
5.2839
5.26826
5.18684
5.21018
5.12176
5.1138
5.13757
5.04791
5.04498
4.98322
4.9774
4.97185
4.91214
4.90196
4.8931
4.84146
4.82954
4.74701
4.76949
4.75439
4.67399
4.69479
4.60965
4.67636
4.54223
4.60804
4.52517
4.5374
4.45582
4.44948
4.46909
4.38223
4.37447
4.39535
4.30793
4.30139
4.32253
4.23368
4.23239
4.24284
4.16144
4.15834
4.16915
4.0894
4.08223
4.09964
4.01495
4.00734
4.02665
3.94019
4.00938
3.87984
3.9395
3.86471
3.87506
3.86737
3.79152
3.80213
3.79513
3.71386
3.73237
3.72161
3.71366
3.65926
3.64632
3.56732
3.6613
3.57252
3.56957
3.5088
3.57449
3.49647
3.43409
3.49998
3.42022
3.43834
3.42638
3.34659
3.36306
3.35244
3.34805
3.29148
3.27891
3.27562
3.215
3.27906
3.20329
3.21341
3.13299
3.19992
3.14289
3.13359
3.05331
3.14429
3.05777
3.05448
2.99571
3.05927
2.98264
2.99365
2.98594
2.90908
2.91328
2.90836
2.90112
2.91699
2.83331
2.83391
2.84812
2.83817
2.82781
2.77522
2.76577
2.76152
2.7735
315.344
179.77
106.239
90.8655
290.98
181.403
106.153
93.1848
294.99
181.855
106.118
96.6169
295.896
182.595
106.37
100.477
296.866
183.502
106.299
105.654
297.822
196.657
106.165
113.682
297.09
197.564
106.403
111.555
296.14
198.808
106.145
129.458
295.872
212.678
105.878
164.4
295.276
213.485
106.101
440.312
215.34
99.8618
374.571
216.071
105.577
380.248
229.515
105.636
381.745
230.806
105.896
384.768
244.606
106.104
388.68
246.026
106.325
392.346
259.92
106.437
392.781
261.378
106.744
390.624
260.387
107.136
391.878
245.259
107.212
394.057
243.092
107.725
398.444
747.337
186.012
120.403
38.8226
11.6648
1.21127
1.13385
1.14382
1.21158
1.28068
4.89921
1.50556
3.04235
2.17539
2.23963
2.01609
2.02607
2.24009
2.16347
2.17398
2.01964
2.01474
1.95399
2.09298
1.94065
1.95531
1.94586
1.94095
1.88034
1.87204
1.79575
1.87877
1.80042
1.79591
1.73166
1.80017
1.7208
1.8065
1.72572
1.72128
1.65915
1.72553
1.72128
1.65948
1.65208
1.64881
1.65805
1.65189
1.64922
1.58437
1.6519
1.57432
1.65931
1.58011
1.57431
1.585
1.57805
1.57377
1.5123
1.5785
1.50215
1.58474
1.50503
1.49719
1.50584
1.49981
1.49541
1.50672
1.50045
1.49562
1.42715
1.49443
1.41688
1.43378
1.49966
1.42291
1.43199
1.4267
1.4232
1.43205
1.42617
1.42189
1.3592
1.42653
1.34874
1.42863
1.34735
1.34243
1.42779
1.34764
1.34386
1.35302
1.34699
1.34424
1.35498
1.34776
1.34344
1.35391
1.34735
1.27029
1.27978
1.34736
1.26976
1.28043
1.347
1.27061
1.27989
1.27384
1.2709
1.27961
1.27365
1.2698
1.28007
1.27433
1.27084
1.27994
1.27384
1.26998
1.28001
1.27327
1.19729
1.20581
1.27462
1.19769
1.20587
1.20056
1.19652
1.2065
1.20059
1.19638
1.20652
1.20051
1.19808
1.20703
1.20022
1.19734
1.20577
1.20063
1.19706
1.20582
1.2002
1.19607
1.2084
1.20062
1.1961
1.20597
1.19998
1.19599
1.20657
1.20021
1.19733
1.20582
1.20033
1.19699
1.13212
1.12677
1.12258
1.12749
1.12158
1.11758
1.12745
1.12146
1.11729
1.12885
1.12191
1.11822
1.127
1.12169
1.11961
1.12706
1.12143
1.1174
1.12757
1.12219
1.1178
1.12772
1.12162
1.11728
1.12782
1.12145
1.11851
1.12738
1.12175
1.11824
1.12693
1.1217
1.11771
1.12754
1.12178
1.11761
1.12766
1.12137
1.11727
1.12778
1.12153
1.11909
1.12661
1.12119
1.11845
1.12699
1.04788
1.11745
1.05334
1.04813
1.04434
1.05369
1.04891
1.04406
1.05408
1.04797
1.04531
1.05353
1.04779
1.0448
1.05331
1.04781
1.04397
1.05425
1.05139
1.04377
1.0537
1.04801
1.04371
1.05674
1.04756
1.04478
1.05329
1.04814
1.04494
1.05504
1.04811
1.04418
1.05398
1.04819
1.04403
1.05396
1.04777
1.04428
1.05422
1.04777
1.04542
1.05338
1.04803
1.04479
1.05355
1.04779
1.04434
1.05395
1.04827
1.04405
1.05349
1.04826
1.0457
1.05551
1.04781
1.04487
1.05297
1.04799
1.04522
1.04808
1.04242
1.03842
1.04833
1.04335
0.971717
0.979846
0.968991
0.965026
0.974754
0.968815
0.966329
0.974525
0.968956
0.966135
0.974794
0.969067
0.965331
0.974437
0.969401
0.965387
0.975174
0.963454
0.966289
0.974999
0.963677
0.960699
0.968955
0.963248
0.960808
0.969262
0.963775
0.959779
0.969386
0.963446
0.959945
0.969285
0.963671
0.959909
0.969474
0.963373
0.960972
0.970262
0.963438
0.96019
0.969377
0.963606
0.959854
0.969061
0.963503
0.959958
0.969436
0.964289
0.959664
0.970732
0.963088
0.960505
0.968674
0.963729
0.961142
0.969216
0.963756
0.959911
0.969182
0.963771
0.95977
0.969807
0.964001
0.959553
0.969481
0.963445
0.960877
0.968972
0.964047
0.960511
0.969013
0.963573
0.886262
0.96894
0.892573
0.959797
0.895663
0.963447
0.885836
0.969759
0.891925
0.960333
0.895647
0.963766
0.887228
0.968879
0.8902
0.959639
0.895994
0.963783
0.886818
0.969819
0.889853
0.959365
0.895688
0.963519
0.887445
0.968867
0.889883
0.960516
0.897318
0.96416
0.886323
0.895782
0.963924
0.88619
0.895803
0.8902
0.886334
0.895988
0.890054
0.881561
0.890444
0.886338
0.882468
0.89045
0.885146
0.880685
0.890338
0.884569
0.881101
0.891311
0.884794
0.880635
0.890865
0.884917
0.881911
0.890243
0.884742
0.881633
0.88982
0.885122
0.881009
0.890486
0.884445
0.880992
0.890756
0.884505
0.880923
0.890486
0.884973
0.882187
0.890706
0.884599
0.881964
0.890217
0.885309
0.881464
0.890456
0.884391
0.881224
0.890484
0.885259
0.880833
0.890706
0.885308
0.882172
0.890365
0.884828
0.882137
0.890114
0.884693
0.881131
0.890638
0.884887
0.880939
0.890897
0.885127
0.881122
0.89109
0.884407
0.881568
0.890192
0.885014
0.881852
0.890283
0.88503
0.880921
0.890271
0.884991
0.880921
0.891589
0.885015
0.880712
0.891147
0.884569
0.881952
0.88489
0.879163
0.875972
0.884646
0.87933
0.875518
0.885228
0.879507
0.876023
0.885594
0.879183
0.875378
0.88506
0.879124
0.876138
0.884543
0.879339
0.876256
0.884827
0.879461
0.874953
0.885559
0.881907
0.875566
0.885185
0.879505
0.875084
0.885182
0.880537
0.876079
0.879426
0.874018
0.87099
0.879279
0.874041
0.8702
0.879757
0.874011
0.870178
0.87992
0.874011
0.870532
0.880087
0.874102
0.871119
0.879784
0.873876
0.871562
0.87952
0.874667
0.869922
0.806324
0.800513
0.797005
0.806404
0.800441
0.796596
0.806226
0.800563
0.797568
0.805885
0.800276
0.797209
0.806734
0.802023
0.79681
0.806087
0.800459
0.796947
0.806117
0.801038
0.796776
0.805964
0.800712
0.797662
0.805999
0.800571
0.79782
0.806019
0.801993
0.796288
0.806128
0.80074
0.796964
0.806204
0.800862
0.7965
0.806043
0.800512
0.797601
0.806025
0.800627
0.797361
0.806069
0.801308
0.796786
0.806131
0.800752
0.796446
0.80586
0.800732
0.799838
0.806372
0.800594
0.797499
0.806142
0.800678
0.797656
0.806122
0.801017
0.796624
0.806423
0.800837
0.797078
0.806388
0.800879
0.796842
0.806298
0.800761
0.798123
0.806154
0.800451
0.797731
0.805698
0.802168
0.797024
0.805922
0.800926
0.797129
0.800793
0.795397
0.791542
0.801215
0.795582
0.792001
0.800692
0.795378
0.792315
0.801578
0.797502
0.79127
0.800849
0.79536
0.791967
0.801171
0.79541
0.791247
0.80088
0.795535
0.79226
0.800894
0.795416
0.792507
0.800768
0.7961
0.791916
0.800866
0.795695
0.791476
0.800698
0.795462
0.791595
0.801341
0.79542
0.791853
0.80085
0.795177
0.793237
0.800828
0.796033
0.791428
0.801008
0.7952
0.791727
0.801135
0.795665
0.792643
0.801217
0.795333
0.792636
0.800911
0.795394
0.792169
0.800817
0.791476
0.786337
0.795871
0.790099
0.785653
0.795299
0.790307
0.785898
0.795836
0.790027
0.787161
0.795003
0.789797
0.787279
0.795385
0.790516
0.787296
0.795218
0.789862
0.786449
0.795979
0.789958
0.785463
0.796308
0.7899
0.786979
0.795551
0.790217
0.786715
0.795147
0.790502
0.780886
0.790402
0.784586
0.780309
0.790209
0.784854
0.780659
0.790638
0.784707
0.781303
0.79028
0.784736
0.781593
0.789936
0.784824
0.780575
0.79007
0.784794
0.780872
0.790441
0.784632
0.780293
0.790243
0.784744
0.781708
0.790129
0.784609
0.781436
0.790112
0.785026
0.781078
0.791059
0.784507
0.780287
0.790217
0.785012
0.7805
0.790723
0.78473
0.781959
0.789593
0.784459
0.781408
0.790163
0.784781
0.780655
0.790323
0.784611
0.780767
0.790671
0.784709
0.780245
0.790235
0.784842
0.781818
0.789728
0.784792
0.781027
0.790311
0.785305
0.780725
0.790556
0.784735
0.775473
0.784846
0.779798
0.77534
0.785268
0.779572
0.776155
0.784978
0.779776
0.776268
0.784551
0.780257
0.775393
0.786061
0.779663
0.7754
0.785331
0.78002
0.775031
0.784895
0.778863
0.776286
0.784626
0.779101
0.775873
0.784854
0.779345
0.775487
0.784659
0.77995
0.775026
0.784912
0.779437
0.775142
0.785142
0.779193
0.776075
0.785099
0.779872
0.776044
0.78443
0.779503
0.776107
0.786143
0.779888
0.779536
0.785821
0.779517
0.775252
0.785033
0.779303
0.7764
0.785067
0.773868
0.770975
0.779297
0.774358
0.770069
0.779726
0.774671
0.770278
0.779936
0.773958
0.770296
0.779844
0.774652
0.770775
0.779024
0.773693
0.77056
0.779719
0.77414
0.770211
0.779756
0.774378
0.770275
0.779834
0.774051
0.769894
0.779815
0.774044
0.770917
0.779041
0.773946
0.770738
0.779117
0.774501
0.769719
0.779272
0.773992
0.772765
0.781068
0.774089
0.770087
0.779752
0.768349
0.76485
0.774065
0.768587
0.765247
0.774127
0.769215
0.764627
0.774243
0.769114
0.764942
0.769418
0.764102
0.759082
0.76916
0.763541
0.760384
0.774176
0.768843
0.765492
0.774297
0.768924
0.76439
0.774115
0.763444
0.759239
0.769019
0.764181
0.759223
0.7691
0.763472
0.760098
0.768614
0.763436
0.759961
0.768598
0.763698
0.759372
0.768841
0.763484
0.759389
0.769361
0.763474
0.759543
0.768695
0.762931
0.75989
0.768814
0.763243
0.760108
0.768626
0.763477
0.758807
0.768828
0.763385
0.759421
0.769096
0.763827
0.759642
0.770341
0.763288
0.76023
0.769027
0.763374
0.760119
0.768763
0.763624
0.758887
0.768951
0.764259
0.759045
0.76926
0.763536
0.759636
0.769271
0.76374
0.75992
0.768738
0.763317
0.765225
0.774376
0.768981
0.764478
0.774469
0.768782
0.76466
0.7743
0.768585
0.76408
0.774255
0.769076
0.765196
0.773761
0.768436
0.765318
0.774071
0.768674
0.764277
0.774235
0.768517
0.764541
0.774318
0.768798
0.764493
0.77813
0.768668
0.765327
0.773726
0.768727
0.765148
0.774029
0.769171
0.765065
0.774141
0.768944
0.764646
0.774445
0.768714
0.764319
0.774206
0.768581
0.765479
0.774159
0.768339
0.765048
0.774068
0.768704
0.764506
0.77412
0.768363
0.764581
0.774234
0.768854
0.764318
0.774026
0.768325
0.76533
0.775358
0.768917
0.765142
0.774367
0.768963
0.764799
0.775269
0.768771
0.764568
0.77457
0.768504
0.764379
0.77424
0.768347
0.767154
0.77448
0.768783
0.765018
0.77416
0.768747
0.764587
0.774208
0.76877
0.76443
0.774292
0.763249
0.759182
0.768881
0.763282
0.759979
0.768229
0.763542
0.760409
0.768602
0.763426
0.759152
0.768848
0.763528
0.759531
0.768987
0.763472
0.759597
0.769022
0.763005
0.759703
0.768579
0.763398
0.760466
0.768909
0.763852
0.759274
0.768965
0.763708
0.759474
0.769302
0.763658
0.759002
0.768639
0.763426
0.760183
0.768457
0.763162
0.760329
0.769674
0.763531
0.758982
0.76897
0.763387
0.75942
0.768965
0.763435
0.759302
0.768691
0.763282
0.759786
0.768543
0.763562
0.75999
0.768833
0.763928
0.758981
0.768569
0.763673
0.75922
0.769133
0.763543
0.759116
0.769202
0.763524
0.759792
0.763189
0.758025
0.754305
0.764636
0.75835
0.753683
0.763488
0.758018
0.753651
0.763716
0.75802
0.753515
0.763582
0.757801
0.7544
0.763689
0.758109
0.754471
0.763521
0.758238
0.754415
0.763917
0.757747
0.753844
0.763845
0.758493
0.753995
0.763755
0.757593
0.754601
0.763175
0.757783
0.754639
0.763087
0.758073
0.757109
0.765165
0.758345
0.753931
0.763704
0.758095
0.753897
0.764555
0.759052
0.754692
0.763333
0.758169
0.754709
0.763243
0.758413
0.753825
0.76319
0.757961
0.753757
0.763628
0.75803
0.753984
0.76378
0.757931
0.754081
0.763377
0.757577
0.75468
0.763074
0.758586
0.753479
0.763122
0.758709
0.753964
0.763984
0.758158
0.75332
0.763794
0.758032
0.754642
0.763345
0.758183
0.754737
0.763405
0.758468
0.753838
0.763599
0.758839
0.75426
0.764658
0.758133
0.753866
0.764268
0.757708
0.754844
0.76305
0.757981
0.754662
0.763483
0.758258
0.753578
0.763517
0.757919
0.753915
0.763945
0.758702
0.753582
0.763917
0.75786
0.75476
0.763347
0.75795
0.754263
0.76371
0.758364
0.754145
0.763284
0.757813
0.753602
0.76349
0.758336
0.753856
0.763537
0.757972
0.754506
0.76297
0.75774
0.755093
0.763706
0.758238
0.753453
0.763619
0.757919
0.754023
0.763948
0.758002
0.753936
0.763975
0.757937
