4.45905
2.8283
2.36823
2.08207
1.75226
1.42212
1.13756
0.897023
0.70969
0.559075
0.445465
0.353888
0.284614
-0.240889
-0.237767
-0.234827
-0.232051
-0.229425
-0.226933
-0.224563
-0.222306
-0.22015
-0.218089
-0.216115
-0.214221
-0.212401
-0.210662
-0.208992
-0.207381
-0.205824
-0.204318
-0.202862
-0.201451
-0.200083
-0.198756
-0.197468
-0.196217
-0.195001
-0.193828
-0.192688
-0.191579
-0.190501
-0.189458
-0.188445
-0.187464
-0.186637
-0.186406
-0.186155
-0.185886
-0.185601
-0.185303
-0.184994
-0.184672
-0.184339
-0.183995
-0.183642
-0.18328
-0.182911
-0.182534
-0.18215
-0.181761
-0.181367
-0.180968
-0.180564
-0.180158
-0.179748
-0.179336
-0.178923
-0.178509
-0.178093
-0.177675
-0.177256
-0.176836
-0.176416
-0.175995
-0.175574
-0.175153
-0.174732
-0.174312
-0.173896
-0.173516
-0.17316
-0.172801
-0.17244
-0.172076
-0.171711
-0.171345
-0.170977
-0.170608
-0.170238
-0.169867
-0.169498
-0.169129
-0.168759
-0.168389
-0.168019
-0.167649
-0.167279
-0.166909
-0.16654
-0.16617
-0.165802
-0.165433
-0.165065
-0.164697
-0.16433
-0.163963
-0.163597
-0.163231
-0.162866
-0.162501
-0.162137
-0.161773
-0.161409
-0.161046
-0.160684
-0.160321
-0.159959
-0.159597
-0.159235
-0.158873
-0.158511
-0.158149
-0.157787
-0.157425
-0.157063
-0.1567
-0.156337
-0.155974
-0.15561
-0.155246
-0.154881
-0.154516
-0.154149
-0.153782
-0.153414
-0.153045
-0.152675
-0.152307
-0.151956
-0.151622
-0.151305
-0.151005
-0.150721
-0.15045
-0.150194
-0.149952
-0.149725
-0.14951
-0.149298
-0.149082
-0.148862
-0.148637
-0.148408
-0.148175
-0.147937
-0.147695
-0.147448
-0.147198
-0.146942
-0.146683
-0.146418
-0.14615
-0.145877
-0.1456
-0.145318
-0.145032
-0.144742
-0.144447
-0.144146
-0.143839
-0.143531
-0.143217
-0.142904
-0.142582
-0.142254
-0.14192
-0.141583
-0.141241
-0.140895
-0.140543
-0.140187
-0.139827
-0.139461
-0.13909
-0.138715
-0.138335
-0.137948
-0.137557
-0.137159
-0.136769
-0.136363
-0.135952
-0.135537
-0.135122
-0.134696
-0.134261
-0.133826
-0.133385
-0.132939
-0.132489
-0.132033
-0.131572
-0.131106
-0.130635
-0.130158
-0.129677
-0.12919
-0.128696
-0.128221
-0.127702
-0.127193
-0.126689
-0.126185
-0.125664
-0.125131
-0.124587
-0.124046
-0.123499
-0.122948
-0.122392
-0.121832
-0.121268
-0.120699
-0.120126
-0.119547
-0.118963
-0.118374
-0.117777
-0.117257
-0.116582
-0.115972
-0.115389
-0.114784
-0.114162
-0.113527
-0.112884
-0.112244
-0.111601
-0.110955
-0.110305
-0.109651
-0.108993
-0.108332
-0.107668
-0.106999
-0.106326
-0.10565
-0.10497
-0.104287
-0.103589
-0.102904
-0.102275
-0.101509
-0.100828
-0.100156
-0.09946
-0.0987484
-0.0980275
-0.0973012
-0.0965745
-0.0958524
-0.0951285
-0.0944032
-0.0936763
-0.092948
-0.0922179
-0.0914863
-0.090753
-0.0900183
-0.0892825
-0.088545
-0.0878066
-0.087067
-0.0863269
-0.0855857
-0.0848438
-0.0841016
-0.0833592
-0.0826162
-0.0818733
-0.0811304
-0.0803874
-0.0796449
-0.0789025
-0.0781608
-0.0774198
-0.0766793
-0.0759399
-0.0752012
-0.0744638
-0.0737278
-0.0729929
-0.0722596
-0.071528
-0.0707979
-0.07007
-0.0693437
-0.0686197
-0.0678975
-0.0671782
-0.0664608
-0.0657461
-0.0650341
-0.0643248
-0.0636183
-0.0629148
-0.0622143
-0.0615169
-0.0608225
-0.0601321
-0.059445
-0.0587613
-0.0580811
-0.0574046
-0.0567318
-0.0560635
-0.055398
-0.0547374
-0.0540806
-0.0534277
-0.052779
-0.0521352
-0.0514953
-0.0508596
-0.0502284
-0.0496022
-0.0489803
-0.0483634
-0.0477501
-0.047143
-0.0465393
-0.0459412
-0.0453476
-0.0447594
-0.0441757
-0.0435974
-0.0430236
-0.0424547
-0.0418914
-0.0413334
-0.0407799
-0.0402314
-0.0396885
-0.0391504
-0.0386179
-0.0380907
-0.0375682
-0.0370507
-0.0365389
-0.0360326
-0.0355309
-0.0350342
-0.0345439
-0.0340574
-0.0335768
-0.0331017
-0.0326313
-0.0321664
-0.0317069
-0.0312514
-0.0308025
-0.030358
-0.0299189
-0.0294845
-0.029055
-0.0286317
-0.0282127
-0.0277984
-0.0273895
-0.0269853
-0.0265864
-0.026192
-0.025803
-0.025419
-0.0250392
-0.0246641
-0.0242943
-0.0239288
-0.0235685
-0.023213
-0.022861
-0.0225151
-0.0221723
-0.0218349
-0.0215022
-0.0211735
-0.0208491
-0.0205295
-0.0202141
-0.0199032
-0.0195963
-0.0192937
-0.0189954
-0.0187011
-0.0184112
-0.0181249
-0.0178431
-0.0175649
-0.0172909
-0.0170207
-0.0167543
-0.0164919
-0.0162332
-0.0159782
-0.0157268
-0.0154793
-0.0152353
-0.0149949
-0.0147579
-0.0145247
-0.0142945
-0.0140681
-0.013845
-0.0136251
-0.0134085
-0.0131954
-0.0129852
-0.0127784
-0.0125745
-0.0123739
-0.0121764
-0.0119817
-0.0117901
-0.0116014
-0.0114156
-0.0112327
-0.0110526
-0.0108753
-0.0107007
-0.0105287
-0.0103596
-0.0101932
-0.0100293
-0.00986792
-0.0097089
-0.00955275
-0.00939874
-0.00924728
-0.00909847
-0.00895166
-0.00880709
-0.00866521
-0.00852549
-0.00838776
-0.00825239
-0.00811922
-0.00798819
-0.00785928
-0.00773249
-0.00760776
-0.00748506
-0.00736429
-0.0072455
-0.00712862
-0.00701364
-0.00690053
-0.00678925
-0.00667976
-0.00657206
-0.00646613
-0.00636194
-0.0062594
-0.00615857
-0.00605937
-0.00596182
-0.00586585
-0.00577147
-0.00567859
-0.0055873
-0.00549746
-0.00540915
-0.00532225
-0.0052368
-0.00515277
-0.00507009
-0.00498883
-0.00490888
-0.00483025
-0.00475294
-0.00467689
-0.00460212
-0.00452858
-0.00445627
-0.00438515
-0.00431523
-0.00424647
-0.00417884
-0.00411232
-0.00404693
-0.00398264
-0.00391941
-0.00385724
-0.00379609
-0.00373598
-0.00367688
-0.00361874
-0.0035616
-0.00350538
-0.00345013
-0.00339581
-0.00334237
-0.00328985
-0.00323818
-0.0031874
-0.00313749
-0.00308841
-0.00304013
-0.00299266
-0.00294597
-0.00290009
-0.00285499
-0.00281062
-0.00276705
-0.00272412
-0.00268199
-0.00264052
-0.00259977
-0.00255972
-0.0025203
-0.00248156
-0.00244348
-0.00240606
-0.00236922
-0.00233302
-0.00229744
-0.00226242
-0.00222806
-0.00219422
-0.00216092
-0.00212825
-0.00209609
-0.00206449
-0.00203342
-0.00200288
-0.00197281
-0.00194326
-0.00191423
-0.00188569
-0.00185758
-0.00183002
-0.00180286
-0.00177617
-0.00174989
-0.00172413
-0.00169874
-0.0016738
-0.00164929
-0.00162519
-0.00160145
-0.00157818
-0.00155524
-0.0015327
-0.00151054
-0.00148871
-0.00146732
-0.00144623
-0.00142551
-0.00140515
-0.00138514
-0.00136546
-0.00134611
-0.00132702
-0.00130827
-0.00128985
-0.00127175
-0.00125396
-0.00123647
-0.00121921
-0.00120232
-0.00118564
-0.00116925
-0.00115315
-0.00113732
-0.00112176
-0.0011064
-0.00109138
-0.00107654
-0.00106196
-0.00104769
-0.00103359
-0.00101973
-0.00100603
-0.000992652
-0.000979502
-0.000966498
-0.000953722
-0.000941242
-0.000928889
-0.000916745
-0.000904807
-0.000893073
-0.000881464
-0.000870141
-0.000859005
-0.000847975
-0.000837138
-0.000826604
-0.000816141
-0.000805861
-0.000795759
-0.000785829
-0.000776066
-0.000766464
-0.000756931
-0.00074767
-0.000738467
-0.000729522
-0.000720622
-0.000711882
-0.000703297
-0.000694862
-0.000686569
-0.000678412
-0.000670387
-0.000662489
-0.000654714
-0.000647062
-0.000639439
-0.00063206
-0.000624702
-0.000617579
-0.000610465
-0.000603481
-0.000596717
-0.000589947
-0.000583294
-0.000576757
-0.000570332
-0.000564014
-0.000557799
-0.000551683
-0.000545663
-0.00053964
-0.000533839
-0.000528124
-0.000522394
-0.000516776
-0.000511367
-0.000505928
-0.000500587
-0.000495342
-0.00049029
-0.000485188
-0.000480171
-0.000475238
-0.000470389
-0.00046562
-0.000460927
-0.000456309
-0.000451761
-0.000447282
-0.00044287
-0.000438523
-0.000434241
-0.000430023
-0.000425765
-0.000421707
-0.000417654
-0.000413826
-0.000410057
-0.000406357
-0.000402677
-0.000399067
-0.000395513
-0.000392011
-0.00038856
-0.000385157
-0.000381804
-0.000378499
-0.000375242
-0.000372032
-0.000368868
-0.000365749
-0.000362675
-0.000359645
-0.000356658
-0.000353713
-0.00035081
-0.000347948
-0.000345127
-0.000342345
-0.000339602
-0.000336897
-0.00033423
-0.000331601
-0.000329007
-0.00032645
-0.000323913
-0.000321429
-0.00031898
-0.000316565
-0.000314196
-0.000311822
-0.000309496
-0.000307207
-0.000304949
-0.00030272
-0.000300521
-0.00029835
-0.000296208
-0.000294094
-0.000292009
-0.000289951
-0.000287919
-0.000285915
-0.000283936
-0.000281984
-0.000280056
-0.000278154
-0.000276276
-0.000274422
-0.000272592
-0.000270785
-0.000269001
-0.000267239
-0.0002655
-0.000263783
-0.000262087
-0.000260412
-0.000258758
-0.000257125
-0.000255511
-0.000253918
-0.000252344
-0.000250789
-0.000249253
-0.000247736
-0.000246236
-0.000244755
-0.000243292
-0.000241846
-0.000240417
-0.000238988
-0.000237596
-0.000236223
-0.000234866
-0.000233522
-0.000232191
-0.000230875
-0.000229574
-0.000228288
-0.000227016
-0.000225758
-0.000224515
-0.000223285
-0.00022207
-0.000220868
-0.000219679
-0.000218503
-0.000217341
-0.000216191
-0.000215053
-0.000213928
-0.000212815
-0.000211714
-0.000210625
-0.000209547
-0.000208481
-0.000207426
-0.000206382
-0.000205349
-0.000204326
-0.000203314
-0.000202313
-0.000201321
-0.00020034
-0.000199369
-0.000198407
-0.000197456
-0.000196513
-0.00019558
-0.000194656
-0.000193742
-0.000192836
-0.000191939
-0.000191051
-0.000190171
-0.0001893
-0.000188436
-0.000187582
-0.000186735
-0.000185896
-0.000185065
-0.000184241
-0.000183426
-0.000182617
-0.000181817
-0.000181023
-0.000180237
-0.000179457
-0.000178685
-0.000177919
-0.00017716
-0.000176408
-0.000175663
-0.000174924
-0.000174191
-0.000173465
-0.000172744
-0.00017203
-0.000171322
-0.00017062
-0.000169924
-0.000169234
-0.000168549
-0.00016787
-0.000167179
-0.000166512
-0.000165856
-0.000165205
-0.000164557
-0.000163912
-0.000163271
-0.000162634
-0.000162002
-0.000161374
-0.000160751
-0.000160134
-0.000159521
-0.000158913
-0.00015831
-0.000157712
-0.000157118
-0.000156528
-0.000155943
-0.000155362
-0.000154785
-0.000154212
-0.000153644
-0.000153079
-0.000152519
-0.000151963
-0.00015141
-0.000150861
-0.000150317
-0.000149776
-0.000149239
-0.000148705
-0.000148175
-0.000147649
-0.000147126
-0.000146607
-0.000146091
-0.000145579
-0.00014507
-0.000144564
-0.000144062
-0.000143563
-0.000143067
-0.000142575
-0.000142085
-0.000141599
-0.000141115
-0.000140635
-0.000140158
-0.000139684
-0.000139212
-0.000138744
-0.000138279
-0.000137816
-0.000137356
-0.000136899
-0.000136444
-0.000135992
-0.000135543
-0.000135097
-0.000134653
-0.000134212
-0.000133773
-0.000133337
-0.000132904
-0.000132472
-0.000132044
-0.000131617
-0.000131193
-0.000130772
-0.000130353
-0.000129936
-0.000129521
-0.000129109
-0.000128699
-0.000128291
-0.000127886
-0.000127482
-0.000127081
-0.000126682
-0.000126285
-0.00012589
-0.000125497
-0.000125106
-0.000124717
-0.00012433
-0.000123946
-0.000123563
-0.000123182
-0.000122803
-0.000122426
-0.000122051
-0.000121677
-0.000121306
-0.000120936
-0.000120568
-0.000120202
-0.000119838
-0.000119476
-0.000119115
-0.000118756
-0.000118399
-0.000118043
-0.000117689
-0.000117337
-0.000116987
-0.000116638
-0.000116291
-0.000115945
-0.000115601
-0.000115258
-0.000114918
-0.000114578
-0.00011424
-0.000113904
-0.000113569
-0.000113236
-0.000112905
-0.000112574
-0.000112245
-0.000111918
-0.000111592
-0.000111268
-0.000110945
-0.000110623
-0.000110303
-0.000109984
-0.000109666
-0.00010935
-0.000109036
-0.000108722
-0.00010841
-0.000108099
-0.00010779
-0.000107481
-0.000107175
-0.000106869
-0.000106565
-0.000106262
-0.00010596
-0.000105659
-0.00010536
-0.000105061
-0.000104765
-0.000104469
-0.000104174
-0.000103881
-0.000103589
-0.000103297
-0.000103007
-0.000102719
-0.000102431
-0.000102145
-0.00010186
-0.000101575
-0.000101292
-0.00010101
-0.000100729
-0.00010045
-0.000100171
-9.98933e-05
-9.96167e-05
-9.93411e-05
-9.90666e-05
-9.87932e-05
-9.85208e-05
-9.82494e-05
-9.79791e-05
-9.77097e-05
-9.74414e-05
-9.71741e-05
-9.69077e-05
-9.66424e-05
-9.6378e-05
-9.61146e-05
-9.58522e-05
-9.55908e-05
-9.53303e-05
-9.50708e-05
-9.48122e-05
-9.45545e-05
-9.42978e-05
-9.40421e-05
-9.37872e-05
-9.35335e-05
-9.32804e-05
-9.30282e-05
-9.2777e-05
-9.25266e-05
-9.22771e-05
-9.20286e-05
-9.17809e-05
-9.15341e-05
-9.12882e-05
-9.10432e-05
-9.0799e-05
-9.05556e-05
-9.03132e-05
-9.00715e-05
-8.98307e-05
-8.95908e-05
-8.93516e-05
-8.91133e-05
-8.88758e-05
-8.86392e-05
-8.84033e-05
-8.81683e-05
-8.79342e-05
-8.77007e-05
-8.7468e-05
-8.72361e-05
-8.7005e-05
-8.67747e-05
-8.65452e-05
-8.63165e-05
-8.60885e-05
-8.58613e-05
-8.56349e-05
-8.54092e-05
-8.51843e-05
-8.49601e-05
-8.47367e-05
-8.4514e-05
-8.4292e-05
-8.40708e-05
-8.38503e-05
-8.36306e-05
-8.34115e-05
-8.31932e-05
-8.29756e-05
-8.27587e-05
-8.25426e-05
-8.23272e-05
-8.21124e-05
-8.18983e-05
-8.16849e-05
-8.14722e-05
-8.12602e-05
-8.1049e-05
-8.08374e-05
-8.06267e-05
-8.04172e-05
-8.02086e-05
-8.00011e-05
-7.97942e-05
-7.95878e-05
-7.93821e-05
-7.9177e-05
-7.89725e-05
-7.87686e-05
-7.85653e-05
-7.83626e-05
-7.81605e-05
-7.79591e-05
-7.77583e-05
-7.75581e-05
-7.73586e-05
-7.71596e-05
-7.69613e-05
-7.67637e-05
-7.65663e-05
-7.63699e-05
-7.61742e-05
-7.59791e-05
-7.57846e-05
-7.55907e-05
-7.53974e-05
-7.52046e-05
-7.50124e-05
-7.48208e-05
-7.46298e-05
-7.44394e-05
-7.42495e-05
-7.40603e-05
-7.38716e-05
-7.36835e-05
-7.3496e-05
-7.33091e-05
-7.31228e-05
-7.2937e-05
-7.27517e-05
-7.25671e-05
-7.2383e-05
-7.21994e-05
-7.20164e-05
-7.1834e-05
-7.16521e-05
-7.14708e-05
-7.129e-05
-7.11098e-05
-7.09301e-05
-7.07509e-05
-7.05723e-05
-7.03942e-05
-7.02167e-05
-7.00396e-05
-6.98632e-05
-6.96872e-05
-6.95118e-05
-6.93369e-05
-6.91625e-05
-6.89886e-05
-6.88153e-05
-6.86424e-05
-6.84701e-05
-6.82983e-05
-6.8127e-05
-6.79562e-05
-6.77859e-05
-6.76161e-05
-6.74468e-05
-6.7278e-05
-6.71097e-05
-6.69419e-05
-6.67746e-05
-6.66078e-05
-6.64415e-05
-6.62756e-05
-6.61103e-05
-6.59454e-05
-6.5781e-05
-6.56171e-05
-6.54536e-05
-6.52907e-05
-6.51282e-05
-6.49662e-05
-6.48046e-05
-6.46436e-05
-6.4483e-05
-6.43228e-05
-6.41632e-05
-6.40043e-05
-6.38453e-05
-6.36869e-05
-6.3529e-05
-6.33716e-05
-6.32147e-05
-6.30582e-05
-6.29022e-05
-6.27467e-05
-6.25916e-05
-6.24369e-05
-6.22826e-05
-6.21288e-05
-6.19755e-05
-6.18226e-05
-6.16701e-05
-6.1518e-05
-6.13664e-05
-6.12152e-05
-6.10645e-05
-6.09142e-05
-6.07648e-05
-6.06152e-05
-6.0466e-05
-6.03173e-05
-6.0169e-05
-6.00212e-05
-5.98738e-05
-5.97269e-05
-5.95803e-05
-5.94342e-05
-5.92885e-05
-5.91342e-05
-5.89987e-05
-5.88478e-05
-5.87133e-05
-5.85622e-05
-5.84277e-05
-5.82766e-05
-5.81325e-05
-5.79916e-05
-5.78518e-05
-5.7712e-05
-5.75722e-05
-5.74322e-05
-5.72924e-05
-5.71527e-05
-5.70134e-05
-5.68744e-05
-5.67357e-05
-5.65975e-05
-5.64597e-05
-5.63222e-05
-5.61852e-05
-5.60485e-05
-5.59122e-05
-5.57764e-05
-5.56409e-05
-5.55057e-05
-5.5371e-05
-5.52366e-05
-5.51026e-05
-5.4969e-05
-5.48357e-05
-5.47029e-05
-5.45703e-05
-5.44382e-05
-5.43065e-05
-5.4175e-05
-5.4044e-05
-5.39132e-05
-5.37829e-05
-5.36529e-05
-5.35233e-05
-5.3394e-05
-5.32651e-05
-5.31366e-05
-5.30084e-05
-5.28805e-05
-5.2753e-05
-5.26259e-05
-5.24991e-05
-5.23726e-05
-5.22465e-05
-5.21207e-05
-5.19953e-05
-5.18702e-05
-5.17455e-05
-5.16211e-05
-5.1497e-05
-5.13733e-05
-5.12499e-05
-5.11269e-05
-5.10041e-05
-5.08817e-05
-5.07597e-05
-5.0638e-05
-5.05166e-05
-5.03955e-05
-5.02748e-05
-5.01544e-05
-5.00343e-05
-4.99145e-05
-4.97951e-05
-4.96759e-05
-4.95571e-05
-4.94387e-05
-4.93205e-05
-4.92027e-05
-4.90851e-05
-4.89679e-05
-4.8851e-05
-4.87344e-05
-4.86182e-05
-4.85022e-05
-4.83866e-05
-4.82712e-05
-4.81562e-05
-4.80415e-05
-4.79271e-05
-4.78129e-05
-4.76991e-05
-4.75856e-05
-4.74724e-05
-4.73596e-05
-4.7247e-05
-4.71347e-05
-4.70227e-05
-4.6911e-05
-4.67996e-05
-4.66885e-05
-4.65777e-05
-4.64672e-05
-4.6357e-05
-4.6247e-05
-4.61374e-05
-4.6028e-05
-4.5919e-05
-4.58102e-05
-4.57017e-05
-4.55936e-05
-4.54857e-05
-4.53779e-05
-4.52706e-05
-4.51636e-05
-4.50568e-05
-4.49504e-05
-4.48442e-05
-4.47382e-05
-4.46326e-05
-4.45272e-05
-4.44221e-05
-4.43173e-05
-4.42128e-05
-4.41085e-05
-4.40045e-05
-4.39009e-05
-4.37974e-05
-4.36942e-05
-4.35913e-05
-4.34886e-05
-4.33862e-05
-4.32841e-05
-4.31823e-05
-4.30807e-05
-4.29794e-05
-4.28784e-05
-4.27776e-05
-4.26771e-05
-4.25769e-05
-4.24769e-05
-4.23772e-05
-4.22777e-05
-4.21785e-05
-4.20796e-05
-4.19809e-05
-4.18824e-05
-4.17843e-05
-4.16863e-05
-4.15887e-05
-4.14901e-05
-4.13923e-05
-4.1295e-05
-4.11982e-05
-4.1102e-05
-4.10063e-05
-4.09108e-05
-4.08155e-05
-4.07204e-05
-4.06255e-05
-4.05307e-05
-4.04362e-05
-4.03418e-05
-4.02477e-05
-4.01538e-05
-4.00601e-05
-3.99667e-05
-3.98734e-05
-3.97805e-05
-3.96877e-05
-3.95953e-05
-3.9503e-05
-3.94109e-05
-3.93191e-05
-3.92275e-05
-3.91361e-05
-3.9045e-05
-3.89542e-05
-3.88636e-05
-3.87732e-05
-3.8683e-05
-3.85931e-05
-3.85034e-05
-3.84139e-05
-3.83247e-05
-3.82357e-05
-3.81469e-05
-3.80584e-05
-3.797e-05
-3.78819e-05
-3.77941e-05
-3.77064e-05
-3.7619e-05
-3.75318e-05
-3.74448e-05
-3.7358e-05
-3.72715e-05
-3.71852e-05
-3.70991e-05
-3.70132e-05
-3.69275e-05
-3.68421e-05
-3.67568e-05
-3.66718e-05
-3.6587e-05
-3.65025e-05
-3.64181e-05
-3.6334e-05
-3.625e-05
-3.61663e-05
-3.60828e-05
-3.59995e-05
-3.59164e-05
-3.58335e-05
-3.57508e-05
-3.56684e-05
-3.55862e-05
-3.55041e-05
-3.54222e-05
-3.53406e-05
-3.52591e-05
-3.51779e-05
-3.50969e-05
-3.5016e-05
-3.49354e-05
-3.4855e-05
-3.47748e-05
-3.46948e-05
-3.4615e-05
-3.45354e-05
-3.4456e-05
-3.43768e-05
-3.42978e-05
-3.4219e-05
-3.41404e-05
-3.4062e-05
-3.39838e-05
-3.39054e-05
-3.38277e-05
-3.37501e-05
-3.36728e-05
-3.35956e-05
-3.35185e-05
-3.34417e-05
-3.3365e-05
-3.32886e-05
-3.32123e-05
-3.31362e-05
-3.30603e-05
-3.29846e-05
-3.29091e-05
-3.28338e-05
-3.27586e-05
-3.26836e-05
-3.26089e-05
-3.25343e-05
-3.24599e-05
-3.23857e-05
-3.23117e-05
-3.22378e-05
-3.21642e-05
-3.20907e-05
-3.20174e-05
-3.19443e-05
-3.18713e-05
-3.17986e-05
-3.1726e-05
-3.16536e-05
-3.15814e-05
-3.15093e-05
-3.14375e-05
-3.13658e-05
-3.12943e-05
-3.12229e-05
-3.11518e-05
-3.10808e-05
-3.101e-05
-3.09394e-05
-3.08689e-05
-3.07986e-05
-3.07285e-05
-3.06586e-05
-3.05888e-05
-3.05193e-05
-3.04499e-05
-3.03739e-05
-3.03112e-05
-3.02376e-05
-3.01758e-05
-3.0102e-05
-3.00402e-05
-2.99662e-05
-2.99043e-05
-2.98303e-05
-2.97687e-05
-2.9695e-05
-2.96337e-05
-2.95603e-05
-2.94993e-05
-2.94262e-05
-2.93656e-05
-2.92929e-05
-2.92248e-05
-2.9159e-05
-2.90941e-05
-2.90293e-05
-2.89645e-05
-2.88996e-05
-2.88346e-05
-2.87696e-05
-2.87046e-05
-2.86396e-05
-2.85748e-05
-2.85101e-05
-2.84456e-05
-2.83812e-05
-2.8317e-05
-2.82529e-05
-2.8189e-05
-2.81252e-05
-2.80616e-05
-2.79982e-05
-2.79349e-05
-2.78718e-05
-2.78088e-05
-2.7746e-05
-2.76833e-05
-2.76209e-05
-2.75585e-05
-2.74964e-05
-2.74344e-05
-2.73725e-05
-2.73107e-05
-2.72491e-05
-2.71877e-05
-2.71264e-05
-2.70654e-05
-2.70044e-05
-2.69435e-05
-2.68828e-05
-2.68222e-05
-2.67619e-05
-2.67016e-05
-2.66415e-05
-2.65815e-05
-2.65217e-05
-2.6462e-05
-2.64025e-05
-2.63431e-05
-2.62839e-05
-2.62248e-05
-2.61658e-05
-2.6107e-05
-2.60483e-05
-2.59898e-05
-2.59314e-05
-2.58732e-05
-2.58151e-05
-2.57571e-05
-2.56993e-05
-2.56416e-05
-2.5584e-05
-2.55266e-05
-2.54693e-05
-2.54122e-05
-2.53552e-05
-2.52984e-05
-2.52416e-05
-2.51851e-05
-2.51286e-05
-2.50723e-05
-2.50161e-05
-2.49601e-05
-2.49042e-05
-2.48484e-05
-2.47927e-05
-2.47372e-05
-2.46818e-05
-2.46266e-05
-2.45715e-05
-2.45165e-05
-2.44617e-05
-2.44069e-05
-2.43524e-05
-2.42979e-05
-2.42436e-05
-2.41894e-05
-2.41353e-05
-2.40814e-05
-2.40276e-05
-2.39739e-05
-2.39203e-05
-2.38669e-05
-2.38136e-05
-2.37604e-05
-2.37074e-05
-2.36545e-05
-2.36017e-05
-2.3549e-05
-2.34965e-05
-2.34441e-05
-2.33918e-05
-2.33396e-05
-2.32876e-05
-2.32357e-05
-2.31839e-05
-2.31322e-05
-2.30806e-05
-2.30292e-05
-2.29779e-05
-2.29267e-05
-2.28757e-05
-2.28247e-05
-2.27739e-05
-2.27232e-05
-2.26726e-05
-2.26222e-05
-2.25718e-05
-2.25216e-05
-2.24715e-05
-2.24216e-05
-2.23717e-05
-2.23219e-05
-2.22723e-05
-2.22228e-05
-2.21734e-05
-2.21241e-05
-2.2075e-05
-2.20259e-05
-2.1977e-05
-2.19282e-05
-2.18795e-05
-2.18309e-05
-2.17824e-05
-2.17341e-05
-2.16858e-05
-2.16377e-05
-2.15897e-05
-2.15418e-05
-2.1494e-05
-2.14463e-05
-2.13988e-05
-2.13513e-05
-2.1304e-05
-2.12567e-05
-2.12096e-05
-2.11626e-05
-2.11157e-05
-2.10689e-05
-2.10223e-05
-2.09757e-05
-2.09292e-05
-2.08829e-05
-2.08366e-05
-2.07905e-05
-2.07445e-05
-2.06986e-05
-2.06528e-05
-2.06072e-05
-2.05615e-05
-2.0516e-05
-2.04706e-05
-2.04253e-05
-2.03802e-05
-2.03351e-05
-2.02901e-05
-2.02453e-05
-2.02006e-05
-2.01559e-05
-2.01111e-05
-2.00667e-05
-2.00225e-05
-1.99783e-05
-1.99342e-05
-1.98902e-05
-1.98463e-05
-1.98025e-05
-1.97588e-05
-1.97152e-05
-1.96717e-05
-1.96283e-05
-1.9585e-05
-1.95418e-05
-1.94987e-05
-1.94557e-05
-1.94128e-05
-1.937e-05
-1.93273e-05
-1.92847e-05
-1.92422e-05
-1.91998e-05
-1.91575e-05
-1.91153e-05
-1.90732e-05
-1.90311e-05
-1.89892e-05
-1.89474e-05
-1.89057e-05
-1.88641e-05
-1.88225e-05
-1.87811e-05
-1.87398e-05
-1.86985e-05
-1.86574e-05
-1.86163e-05
-1.85754e-05
-1.85345e-05
-1.84938e-05
-1.84531e-05
-1.84125e-05
-1.83708e-05
-1.83301e-05
-1.82897e-05
-1.82495e-05
-1.82095e-05
-1.81698e-05
-1.81302e-05
-1.80907e-05
-1.80512e-05
-1.80117e-05
-1.79723e-05
-1.79329e-05
-1.78936e-05
-1.78544e-05
-1.78152e-05
-1.77762e-05
-1.77372e-05
-1.76983e-05
-1.76595e-05
-1.76208e-05
-1.75821e-05
-1.75436e-05
-1.75051e-05
-1.74667e-05
-1.74284e-05
-1.73902e-05
-1.7352e-05
-1.7314e-05
-1.7276e-05
-1.72382e-05
-1.72004e-05
-1.71627e-05
-1.7125e-05
-1.70875e-05
-1.70501e-05
-1.70127e-05
-1.69754e-05
-1.69382e-05
-1.69011e-05
-1.68641e-05
-1.68272e-05
-1.67904e-05
-1.67536e-05
-1.6717e-05
-1.66804e-05
-1.66439e-05
-1.66076e-05
-1.65712e-05
-1.6535e-05
-1.64989e-05
-1.64628e-05
-1.64268e-05
-1.63909e-05
-1.63551e-05
-1.63193e-05
-1.62837e-05
-1.62481e-05
-1.62126e-05
-1.61772e-05
-1.61419e-05
-1.61066e-05
-1.60714e-05
-1.60363e-05
-1.60013e-05
-1.59663e-05
-1.59315e-05
-1.58967e-05
-1.5862e-05
-1.58274e-05
-1.57929e-05
-1.57584e-05
-1.57241e-05
-1.56898e-05
-1.56556e-05
-1.56214e-05
-1.55874e-05
-1.55534e-05
-1.55195e-05
-1.54856e-05
-1.54519e-05
-1.54182e-05
-1.53846e-05
-1.53511e-05
-1.53176e-05
-1.52843e-05
-1.5251e-05
-1.52178e-05
-1.51846e-05
-1.51515e-05
-1.51186e-05
-1.50856e-05
-1.50528e-05
-1.502e-05
-1.49873e-05
-1.49547e-05
-1.49222e-05
-1.48897e-05
-1.48573e-05
-1.4825e-05
-1.47927e-05
-1.47605e-05
-1.47284e-05
-1.46964e-05
-1.46644e-05
-1.46325e-05
-1.46007e-05
-1.4569e-05
-1.45373e-05
-1.45057e-05
-1.44742e-05
-1.44427e-05
-1.44114e-05
-1.43801e-05
-1.43488e-05
-1.43176e-05
-1.42865e-05
-1.42555e-05
-1.42245e-05
-1.41937e-05
-1.41628e-05
-1.41321e-05
-1.41014e-05
-1.40708e-05
-1.40402e-05
-1.40097e-05
-1.39793e-05
-1.3949e-05
-1.39187e-05
-1.38885e-05
-1.38584e-05
-1.38283e-05
-1.37983e-05
-1.37684e-05
-1.37385e-05
-1.37087e-05
-1.3679e-05
-1.36494e-05
-1.36198e-05
-1.35902e-05
-1.35608e-05
-1.35314e-05
-1.35021e-05
-1.34728e-05
-1.34436e-05
-1.34145e-05
-1.33854e-05
-1.33564e-05
-1.33275e-05
-1.32986e-05
-1.32698e-05
-1.32411e-05
-1.32124e-05
-1.31838e-05
-1.31552e-05
-1.31268e-05
-1.30983e-05
-1.307e-05
-1.30417e-05
-1.30135e-05
-1.29853e-05
-1.29572e-05
-1.29292e-05
-1.29012e-05
-1.28733e-05
-1.28454e-05
-1.28177e-05
-1.27899e-05
-1.27623e-05
-1.27347e-05
-1.27072e-05
-1.26797e-05
-1.26523e-05
-1.26249e-05
-1.25976e-05
-1.25704e-05
-1.25432e-05
-1.25161e-05
-1.24891e-05
-1.24621e-05
-1.24352e-05
-1.24083e-05
-1.23815e-05
-1.23548e-05
-1.23281e-05
-1.23015e-05
-1.22749e-05
-1.22484e-05
-1.2222e-05
-1.21956e-05
-1.21693e-05
-1.2143e-05
-1.21168e-05
-1.20907e-05
-1.20646e-05
-1.20385e-05
-1.20125e-05
-1.19866e-05
-1.19608e-05
-1.1935e-05
-1.19092e-05
-1.18835e-05
-1.18579e-05
-1.18323e-05
-1.18068e-05
-1.17814e-05
-1.1756e-05
-1.17306e-05
-1.17053e-05
-1.16801e-05
-1.16549e-05
-1.16298e-05
-1.16048e-05
-1.15798e-05
-1.15548e-05
-1.15299e-05
-1.15051e-05
-1.14803e-05
-1.14556e-05
-1.14309e-05
-1.14063e-05
-1.13817e-05
-1.13572e-05
-1.13327e-05
-1.13083e-05
-1.1284e-05
-1.12597e-05
-1.12355e-05
-1.12113e-05
-1.11872e-05
-1.11631e-05
-1.11391e-05
-1.11151e-05
-1.10912e-05
-1.10673e-05
-1.10435e-05
-1.10198e-05
-1.09961e-05
-1.09724e-05
-1.09488e-05
-1.09253e-05
-1.09018e-05
-1.08783e-05
-1.08549e-05
-1.08316e-05
-1.08083e-05
-1.07851e-05
-1.07619e-05
-1.07388e-05
-1.07157e-05
-1.06927e-05
-1.06697e-05
-1.06468e-05
-1.06239e-05
-1.06011e-05
-1.05783e-05
-1.05556e-05
-1.05329e-05
-1.05103e-05
-1.04877e-05
-1.04652e-05
-1.04427e-05
-1.04203e-05
-1.03979e-05
-1.03756e-05
-1.03533e-05
-1.03311e-05
-1.03089e-05
-1.02868e-05
-1.02647e-05
-1.02427e-05
-1.02207e-05
-1.01988e-05
-1.01769e-05
-1.01551e-05
-1.01333e-05
-1.01116e-05
-1.00899e-05
-1.00682e-05
-1.00466e-05
-1.00251e-05
-1.00036e-05
-9.98213e-06
-9.96073e-06
-9.93937e-06
-9.91806e-06
-9.8968e-06
-9.87559e-06
-9.85442e-06
-9.8333e-06
-9.81223e-06
-9.7912e-06
-9.77022e-06
-9.74928e-06
-9.7284e-06
-9.70755e-06
-9.68676e-06
-9.66601e-06
-9.6453e-06
-9.62464e-06
-9.60403e-06
-9.58346e-06
-9.56293e-06
-9.54246e-06
-9.52203e-06
-9.50164e-06
-9.4813e-06
-9.461e-06
-9.44075e-06
-9.42054e-06
-9.40038e-06
-9.38026e-06
-9.36018e-06
-9.34015e-06
-9.32016e-06
-9.30022e-06
-9.28032e-06
-9.26046e-06
-9.24065e-06
-9.22088e-06
-9.20116e-06
-9.18148e-06
-9.16184e-06
-9.14225e-06
-9.12269e-06
-9.10318e-06
-9.08372e-06
-9.06429e-06
-9.04491e-06
-9.02558e-06
-9.00628e-06
-8.98703e-06
-8.96782e-06
-8.94865e-06
-8.92952e-06
-8.91044e-06
-8.89139e-06
-8.87239e-06
-8.85343e-06
-8.83452e-06
-8.81564e-06
-8.7968e-06
-8.77801e-06
-8.75925e-06
-8.74055e-06
-8.72188e-06
-8.70325e-06
-8.68467e-06
-8.66612e-06
-8.64762e-06
-8.62915e-06
-8.61073e-06
-8.59234e-06
-8.57399e-06
-8.55569e-06
-8.53742e-06
-8.5192e-06
-8.50101e-06
-8.48286e-06
-8.46476e-06
-8.44669e-06
-8.42866e-06
-8.41067e-06
-8.39272e-06
-8.37482e-06
-8.35695e-06
-8.33912e-06
-8.32134e-06
-8.30359e-06
-8.28588e-06
-8.26821e-06
-8.25058e-06
-8.23298e-06
-8.21543e-06
-8.19764e-06
-8.17976e-06
-8.16215e-06
-8.14468e-06
-8.12732e-06
-8.11006e-06
-8.09289e-06
-8.07579e-06
-8.05872e-06
-8.04167e-06
-8.02461e-06
-8.00757e-06
-7.99054e-06
-7.97353e-06
-7.95656e-06
-7.93962e-06
-7.92271e-06
-7.90585e-06
-7.88902e-06
-7.87224e-06
-7.85549e-06
-7.83877e-06
-7.82209e-06
-7.80544e-06
-7.78883e-06
-7.77225e-06
-7.7557e-06
-7.73919e-06
-7.72271e-06
-7.70626e-06
-7.68985e-06
-7.67348e-06
-7.65714e-06
-7.64083e-06
-7.62456e-06
-7.60832e-06
-7.59213e-06
-7.57596e-06
-7.55984e-06
-7.54375e-06
-7.52769e-06
-7.51167e-06
-7.49569e-06
-7.47974e-06
-7.46383e-06
-7.44796e-06
-7.43211e-06
-7.4163e-06
-7.40052e-06
-7.38477e-06
-7.36906e-06
-7.35337e-06
-7.33773e-06
-7.32211e-06
-7.30654e-06
-7.29099e-06
-7.27547e-06
-7.25999e-06
-7.24455e-06
-7.22914e-06
-7.21377e-06
-7.19843e-06
-7.18313e-06
-7.16786e-06
-7.15264e-06
-7.13745e-06
-7.12229e-06
-7.10716e-06
-7.09207e-06
-7.07702e-06
-7.06199e-06
-7.047e-06
-7.03203e-06
-7.01709e-06
-7.00219e-06
-6.98732e-06
-6.97247e-06
-6.95765e-06
-6.94286e-06
-6.9281e-06
-6.91337e-06
-6.89868e-06
-6.88401e-06
-6.86938e-06
-6.85478e-06
-6.84022e-06
-6.82569e-06
-6.81119e-06
-6.79673e-06
-6.7823e-06
-6.7679e-06
-6.75354e-06
-6.73921e-06
-6.72491e-06
-6.71064e-06
-6.6964e-06
-6.68219e-06
-6.668e-06
-6.65385e-06
-6.63973e-06
-6.62564e-06
-6.61159e-06
-6.59756e-06
-6.58356e-06
-6.56959e-06
-6.55566e-06
-6.54175e-06
-6.52787e-06
-6.51403e-06
-6.50021e-06
-6.48642e-06
-6.47266e-06
-6.45894e-06
-6.44524e-06
-6.43157e-06
-6.41792e-06
-6.40431e-06
-6.39073e-06
-6.37717e-06
-6.36365e-06
-6.35015e-06
-6.33669e-06
-6.32325e-06
-6.30985e-06
-6.29647e-06
-6.28312e-06
-6.2698e-06
-6.25652e-06
-6.24325e-06
-6.23002e-06
-6.21682e-06
-6.20365e-06
-6.1905e-06
-6.17738e-06
-6.16429e-06
-6.15123e-06
-6.1382e-06
-6.12519e-06
-6.11221e-06
-6.09927e-06
-6.08634e-06
-6.07345e-06
-6.06058e-06
-6.04775e-06
-6.03493e-06
-6.02215e-06
-6.0094e-06
-5.99667e-06
-5.98397e-06
-5.9713e-06
-5.95865e-06
-5.94603e-06
-5.93344e-06
-5.92088e-06
-5.90834e-06
-5.89583e-06
-5.88335e-06
-5.87089e-06
-5.85846e-06
-5.84606e-06
-5.83369e-06
-5.82134e-06
-5.80902e-06
-5.79672e-06
-5.78445e-06
-5.77221e-06
-5.75999e-06
-5.7478e-06
-5.73564e-06
-5.7235e-06
-5.71139e-06
-5.6993e-06
-5.68724e-06
-5.67521e-06
-5.6632e-06
-5.65122e-06
-5.63926e-06
-5.62733e-06
-5.61543e-06
-5.60355e-06
-5.5917e-06
-5.57987e-06
-5.56807e-06
-5.55629e-06
-5.54454e-06
-5.53281e-06
-5.52111e-06
-5.50944e-06
-5.49779e-06
-5.48616e-06
-5.47456e-06
-5.46298e-06
-5.45143e-06
-5.43991e-06
-5.42841e-06
-5.41693e-06
-5.40548e-06
-5.39405e-06
-5.38265e-06
-5.37127e-06
-5.35992e-06
-5.34859e-06
-5.33728e-06
-5.326e-06
-5.31475e-06
-5.30351e-06
-5.29231e-06
-5.28112e-06
-5.26996e-06
-5.25883e-06
-5.24772e-06
-5.23663e-06
-5.22556e-06
-5.21452e-06
-5.20351e-06
-5.19251e-06
-5.18154e-06
-5.1706e-06
-5.15967e-06
-5.14878e-06
-5.1379e-06
-5.12705e-06
-5.11622e-06
-5.10541e-06
-5.09463e-06
-5.08387e-06
-5.07313e-06
-5.06242e-06
-5.05173e-06
-5.04106e-06
-5.03042e-06
-5.0198e-06
-5.0092e-06
-4.99862e-06
-4.98807e-06
-4.97754e-06
-4.96703e-06
-4.95654e-06
-4.94608e-06
-4.93564e-06
-4.92522e-06
-4.91482e-06
-4.90445e-06
-4.89409e-06
-4.88376e-06
-4.87346e-06
-4.86317e-06
-4.85291e-06
-4.84267e-06
-4.83245e-06
-4.82225e-06
-4.81208e-06
-4.80192e-06
-4.79179e-06
-4.78168e-06
-4.77159e-06
-4.76152e-06
-4.75148e-06
-4.74145e-06
-4.73145e-06
-4.72147e-06
-4.71151e-06
-4.70157e-06
-4.69166e-06
-4.68176e-06
-4.67189e-06
-4.66203e-06
-4.6522e-06
-4.64239e-06
-4.6326e-06
-4.62283e-06
-4.61308e-06
-4.60336e-06
-4.59365e-06
-4.58396e-06
-4.5743e-06
-4.56466e-06
-4.55503e-06
-4.54544e-06
-4.53586e-06
-4.5263e-06
-4.51677e-06
-4.50725e-06
-4.49775e-06
-4.48827e-06
-4.47881e-06
-4.46937e-06
-4.45995e-06
-4.45054e-06
-4.44116e-06
-4.4318e-06
-4.42245e-06
-4.41313e-06
-4.40383e-06
-4.39455e-06
-4.38528e-06
-4.37604e-06
-4.36682e-06
-4.35762e-06
-4.34843e-06
-4.33927e-06
-4.33013e-06
-4.321e-06
-4.3119e-06
-4.30282e-06
-4.29375e-06
-4.28471e-06
-4.27568e-06
-4.26667e-06
-4.25769e-06
-4.24872e-06
-4.23977e-06
-4.23084e-06
-4.22193e-06
-4.21304e-06
-4.20417e-06
-4.19531e-06
-4.18648e-06
-4.17766e-06
-4.16886e-06
-4.16008e-06
-4.15132e-06
-4.14257e-06
-4.13385e-06
-4.12514e-06
-4.11646e-06
-4.10776e-06
-4.09875e-06
-4.08998e-06
-4.08123e-06
-4.07251e-06
-4.06386e-06
-4.05531e-06
-4.04685e-06
-4.03845e-06
-4.03009e-06
-4.02172e-06
-4.01334e-06
-4.00494e-06
-3.99653e-06
-3.98812e-06
-3.97971e-06
-3.97131e-06
-3.96294e-06
-3.9546e-06
-3.94628e-06
-3.93798e-06
-3.92972e-06
-3.92148e-06
-3.91326e-06
-3.90506e-06
-3.89687e-06
-3.88871e-06
-3.88056e-06
-3.87242e-06
-3.8643e-06
-3.8562e-06
-3.8481e-06
-3.84003e-06
-3.83196e-06
-3.82391e-06
-3.81588e-06
-3.80011e-06
-3.7941e-06
-3.78756e-06
-3.78062e-06
-3.77344e-06
-3.76611e-06
-3.75866e-06
-3.75111e-06
-3.7435e-06
-3.73583e-06
-3.72812e-06
-3.72039e-06
-3.71264e-06
-3.70488e-06
-3.69712e-06
-3.68936e-06
-3.68162e-06
-3.67388e-06
-3.66616e-06
-3.65845e-06
-3.65075e-06
-3.64306e-06
-3.63543e-06
-3.62777e-06
-3.62012e-06
-3.6125e-06
-3.60489e-06
-3.59731e-06
-3.58975e-06
-3.58221e-06
-3.57468e-06
-3.56717e-06
-3.55968e-06
-3.5522e-06
-3.54474e-06
-3.53729e-06
-3.52986e-06
-3.52245e-06
-3.51504e-06
-3.50766e-06
-3.50029e-06
-3.49293e-06
-3.48559e-06
-3.47827e-06
-3.47096e-06
-3.46366e-06
-3.45639e-06
-3.44913e-06
-3.44188e-06
-3.43465e-06
-3.42743e-06
-3.42023e-06
-3.41305e-06
-3.40588e-06
-3.39872e-06
-3.39158e-06
-3.38446e-06
-3.37735e-06
-3.37025e-06
-3.36318e-06
-3.35611e-06
-3.34907e-06
-3.34204e-06
-3.33502e-06
-3.32802e-06
-3.32103e-06
-3.31406e-06
-3.3071e-06
-3.30016e-06
-3.29323e-06
-3.28631e-06
-3.27941e-06
-3.27253e-06
-3.26566e-06
-3.2588e-06
-3.25196e-06
-3.24514e-06
-3.23832e-06
-3.23153e-06
-3.22474e-06
-3.21798e-06
-3.21122e-06
-3.20448e-06
-3.19776e-06
-3.19104e-06
-3.18435e-06
-3.17766e-06
-3.171e-06
-3.16434e-06
-3.1577e-06
-3.15107e-06
-3.14446e-06
-3.13786e-06
-3.13128e-06
-3.12471e-06
-3.11815e-06
-3.11161e-06
-3.10508e-06
-3.09856e-06
-3.09206e-06
-3.08557e-06
-3.0791e-06
-3.07264e-06
-3.06619e-06
-3.05976e-06
-3.05334e-06
-3.04693e-06
-3.04054e-06
-3.03416e-06
-3.0278e-06
-3.02145e-06
-3.01511e-06
-3.00879e-06
-3.00247e-06
-2.99618e-06
-2.98989e-06
-2.98362e-06
-2.97736e-06
-2.97111e-06
-2.96488e-06
-2.95866e-06
-2.95245e-06
-2.94626e-06
-2.94007e-06
-2.93391e-06
-2.92775e-06
-2.92161e-06
-2.91549e-06
-2.90937e-06
-2.90327e-06
-2.89718e-06
-2.89111e-06
-2.88505e-06
-2.879e-06
-2.87296e-06
-2.86694e-06
-2.86093e-06
-2.85493e-06
-2.84894e-06
-2.84297e-06
-2.83701e-06
-2.83106e-06
-2.82513e-06
-2.8192e-06
-2.81329e-06
-2.80739e-06
-2.80151e-06
-2.79564e-06
-2.78978e-06
-2.78393e-06
-2.77809e-06
-2.77227e-06
-2.76646e-06
-2.76066e-06
-2.75487e-06
-2.74909e-06
-2.74333e-06
-2.73758e-06
-2.73184e-06
-2.72612e-06
-2.7204e-06
-2.7147e-06
-2.70901e-06
-2.70333e-06
-2.69767e-06
-2.69201e-06
-2.68637e-06
-2.68074e-06
-2.67512e-06
-2.66952e-06
-2.66392e-06
-2.65834e-06
-2.65277e-06
-2.64721e-06
-2.64166e-06
-2.63613e-06
-2.6306e-06
-2.62509e-06
-2.61959e-06
-2.6141e-06
-2.60862e-06
-2.60316e-06
-2.5977e-06
-2.59226e-06
-2.58683e-06
-2.58141e-06
-2.576e-06
-2.5706e-06
-2.56522e-06
-2.55985e-06
-2.55448e-06
-2.54913e-06
-2.54379e-06
-2.53846e-06
-2.53314e-06
-2.52784e-06
-2.52254e-06
-2.51726e-06
-2.51199e-06
-2.50672e-06
-2.50147e-06
-2.49623e-06
-2.49101e-06
-2.48579e-06
-2.48058e-06
-2.47539e-06
-2.4702e-06
-2.46503e-06
-2.45987e-06
-2.45471e-06
-2.44957e-06
-2.44444e-06
-2.43932e-06
-2.43421e-06
-2.42912e-06
-2.42403e-06
-2.41895e-06
-2.41389e-06
-2.40883e-06
-2.40379e-06
-2.39876e-06
-2.39376e-06
-2.38875e-06
-2.38374e-06
-2.37874e-06
-2.37375e-06
-2.36878e-06
-2.36382e-06
-2.35887e-06
-2.35393e-06
-2.349e-06
-2.34408e-06
-2.33918e-06
-2.33428e-06
-2.32939e-06
-2.32452e-06
-2.31965e-06
-2.31479e-06
-2.30995e-06
-2.30511e-06
-2.30029e-06
-2.29547e-06
-2.29067e-06
-2.28587e-06
-2.28109e-06
-2.27631e-06
-2.27155e-06
-2.26679e-06
-2.26205e-06
-2.25731e-06
-2.25259e-06
-2.24787e-06
-2.24317e-06
-2.23848e-06
-2.23379e-06
-2.22912e-06
-2.22445e-06
-2.2198e-06
-2.21515e-06
-2.21051e-06
-2.20589e-06
-2.20127e-06
-2.19667e-06
-2.19207e-06
-2.18748e-06
-2.1829e-06
-2.17834e-06
-2.17378e-06
-2.16923e-06
-2.16469e-06
-2.16016e-06
-2.15564e-06
-2.15113e-06
-2.14663e-06
-2.14214e-06
-2.13766e-06
-2.13319e-06
-2.12872e-06
-2.12427e-06
-2.11982e-06
-2.11539e-06
-2.11096e-06
-2.10655e-06
-2.10214e-06
-2.09774e-06
-2.09336e-06
-2.08898e-06
-2.08461e-06
-2.08025e-06
-2.07589e-06
-2.07155e-06
-2.06722e-06
-2.06289e-06
-2.05858e-06
-2.05427e-06
-2.04998e-06
-2.04569e-06
-2.04141e-06
-2.03714e-06
-2.03288e-06
-2.02863e-06
-2.02438e-06
-2.02015e-06
-2.01593e-06
-2.01171e-06
-2.0075e-06
-2.0033e-06
-1.99911e-06
-1.99493e-06
-1.99076e-06
-1.9866e-06
-1.98244e-06
-1.9783e-06
-1.97416e-06
-1.97003e-06
-1.96591e-06
-1.9618e-06
-1.9577e-06
-1.95361e-06
-1.94952e-06
-1.94544e-06
-1.94137e-06
-1.93731e-06
-1.93326e-06
-1.92922e-06
-1.92518e-06
-1.92116e-06
-1.91627e-06
-1.91259e-06
-1.90878e-06
-1.90482e-06
-1.90076e-06
-1.89668e-06
-1.89263e-06
-1.88864e-06
-1.88473e-06
-1.88088e-06
-1.87705e-06
-1.87324e-06
-1.86942e-06
-1.86559e-06
-1.86173e-06
-1.85786e-06
-1.85398e-06
-1.85009e-06
-1.8462e-06
-1.84232e-06
-1.83844e-06
-1.83458e-06
-1.83073e-06
-1.82689e-06
-1.82306e-06
-1.81925e-06
-1.81545e-06
-1.81166e-06
-1.80788e-06
-1.80411e-06
-1.80034e-06
-1.79659e-06
-1.79285e-06
-1.78911e-06
-1.78538e-06
-1.78166e-06
-1.77795e-06
-1.77424e-06
-1.77054e-06
-1.76684e-06
-1.76316e-06
-1.75948e-06
-1.75581e-06
-1.75214e-06
-1.74849e-06
-1.74484e-06
-1.74119e-06
-1.73756e-06
-1.73393e-06
-1.73031e-06
-1.7267e-06
-1.72309e-06
-1.71949e-06
-1.7159e-06
-1.71232e-06
-1.70874e-06
-1.70517e-06
-1.70161e-06
-1.69806e-06
-1.69451e-06
-1.69097e-06
-1.68744e-06
-1.68391e-06
-1.6804e-06
-1.67689e-06
-1.67338e-06
-1.66989e-06
-1.6664e-06
-1.66292e-06
-1.65945e-06
-1.65598e-06
-1.65252e-06
-1.64907e-06
-1.64563e-06
-1.64219e-06
-1.63876e-06
-1.63534e-06
-1.63192e-06
-1.62851e-06
-1.62511e-06
-1.62172e-06
-1.61833e-06
-1.61495e-06
-1.61158e-06
-1.60821e-06
-1.60486e-06
-1.6015e-06
-1.59816e-06
-1.59482e-06
-1.59149e-06
-1.58817e-06
-1.58485e-06
-1.58154e-06
-1.57824e-06
-1.57494e-06
-1.57166e-06
-1.56837e-06
-1.5651e-06
-1.56183e-06
-1.55857e-06
-1.55531e-06
-1.55207e-06
-1.54882e-06
-1.54559e-06
-1.54236e-06
-1.53914e-06
-1.53593e-06
-1.53272e-06
-1.52952e-06
-1.52633e-06
-1.52314e-06
-1.51996e-06
-1.51678e-06
-1.51362e-06
-1.51046e-06
-1.5073e-06
-1.50416e-06
-1.50102e-06
-1.49788e-06
-1.49476e-06
-1.49164e-06
-1.48853e-06
-1.48542e-06
-1.48232e-06
-1.47923e-06
-1.47614e-06
-1.47306e-06
-1.46998e-06
-1.46691e-06
-1.46385e-06
-1.46079e-06
-1.45774e-06
-1.4547e-06
-1.45166e-06
-1.44863e-06
-1.4456e-06
-1.44259e-06
-1.43957e-06
-1.43657e-06
-1.43357e-06
-1.43058e-06
-1.42759e-06
-1.42461e-06
-1.42164e-06
-1.41867e-06
-1.41571e-06
-1.41276e-06
-1.40981e-06
-1.40686e-06
-1.40393e-06
-1.401e-06
-1.39807e-06
-1.39516e-06
-1.39224e-06
-1.38934e-06
-1.38644e-06
-1.38354e-06
-1.38065e-06
-1.37777e-06
-1.3749e-06
-1.37203e-06
-1.36916e-06
-1.36631e-06
-1.36345e-06
-1.36061e-06
-1.35777e-06
-1.35493e-06
-1.35211e-06
-1.34928e-06
-1.34647e-06
-1.34366e-06
-1.34085e-06
-1.33806e-06
-1.33526e-06
-1.33248e-06
-1.3297e-06
-1.32692e-06
-1.32415e-06
-1.32139e-06
-1.31863e-06
-1.31588e-06
-1.31313e-06
-1.31039e-06
-1.30766e-06
-1.30493e-06
-1.30221e-06
-1.29949e-06
-1.29678e-06
-1.29407e-06
-1.29137e-06
-1.28868e-06
-1.28599e-06
-1.28331e-06
-1.28063e-06
-1.27796e-06
-1.27529e-06
-1.27263e-06
-1.26998e-06
-1.26733e-06
-1.26468e-06
-1.26204e-06
-1.25941e-06
-1.25678e-06
-1.25416e-06
-1.25154e-06
-1.24893e-06
-1.24633e-06
-1.24373e-06
-1.24113e-06
-1.23854e-06
-1.23596e-06
-1.23338e-06
-1.23081e-06
-1.22824e-06
-1.22568e-06
-1.22312e-06
-1.22057e-06
-1.21802e-06
-1.21548e-06
-1.21295e-06
-1.21042e-06
-1.20789e-06
-1.20537e-06
-1.20286e-06
-1.20035e-06
-1.19784e-06
-1.19535e-06
-1.19285e-06
-1.19036e-06
-1.18788e-06
-1.1854e-06
-1.18293e-06
-1.18046e-06
-1.178e-06
-1.17554e-06
-1.17309e-06
-1.17065e-06
-1.1682e-06
-1.16577e-06
-1.16334e-06
-1.16091e-06
-1.15849e-06
-1.15607e-06
-1.15366e-06
-1.15125e-06
-1.14885e-06
-1.14646e-06
-1.14407e-06
-1.14168e-06
-1.1393e-06
-1.13692e-06
-1.13455e-06
-1.13219e-06
-1.12983e-06
-1.12747e-06
-1.12512e-06
-1.12277e-06
-1.12043e-06
-1.11809e-06
-1.11576e-06
-1.11343e-06
-1.11111e-06
-1.1088e-06
-1.10648e-06
-1.10418e-06
-1.10187e-06
-1.09958e-06
-1.09728e-06
-1.095e-06
-1.09271e-06
-1.09043e-06
-1.08816e-06
-1.08589e-06
-1.08363e-06
-1.08137e-06
-1.07911e-06
-1.07686e-06
-1.07462e-06
-1.07238e-06
-1.07014e-06
-1.06791e-06
-1.06568e-06
-1.06346e-06
-1.06124e-06
-1.05903e-06
-1.05682e-06
-1.05462e-06
-1.05242e-06
-1.05023e-06
-1.04804e-06
-1.04585e-06
-1.04367e-06
-1.04149e-06
-1.03932e-06
-1.03716e-06
-1.03499e-06
-1.03284e-06
-1.03068e-06
-1.02853e-06
-1.02639e-06
-1.02425e-06
-1.02211e-06
-1.01998e-06
-1.01786e-06
-1.01573e-06
-1.01408e-06
-1.01187e-06
-1.00964e-06
-1.00745e-06
-1.00529e-06
-1.00311e-06
-1.00094e-06
-9.98771e-07
-9.96642e-07
-9.94557e-07
-9.92516e-07
-9.90509e-07
-9.88523e-07
-9.86546e-07
-9.84568e-07
-9.82581e-07
-9.80581e-07
-9.78568e-07
-9.76543e-07
-9.74507e-07
-9.72464e-07
-9.70416e-07
-9.68366e-07
-9.66317e-07
-9.64271e-07
-9.62229e-07
-9.60193e-07
-9.58163e-07
-9.56139e-07
-9.54123e-07
-9.52114e-07
-9.50113e-07
-9.48118e-07
-9.46129e-07
-9.44148e-07
-9.42172e-07
-9.40202e-07
-9.38237e-07
-9.36278e-07
-9.34324e-07
-9.32375e-07
-9.3043e-07
-9.2849e-07
-9.26555e-07
-9.24624e-07
-9.22697e-07
-9.20775e-07
-9.18857e-07
-9.16943e-07
-9.15033e-07
-9.13127e-07
-9.11226e-07
-9.09328e-07
-9.07434e-07
-9.05545e-07
-9.03659e-07
-9.01777e-07
-8.999e-07
-8.98026e-07
-8.96156e-07
-8.9429e-07
-8.92428e-07
-8.9057e-07
-8.88715e-07
-8.86865e-07
-8.85018e-07
-8.83175e-07
-8.81336e-07
-8.79501e-07
-8.7767e-07
-8.75842e-07
-8.74018e-07
-8.72198e-07
-8.70382e-07
-8.6857e-07
-8.66761e-07
-8.64956e-07
-8.63154e-07
-8.61357e-07
-8.59563e-07
-8.57773e-07
-8.55986e-07
-8.54204e-07
-8.52425e-07
-8.50649e-07
-8.48878e-07
-8.4711e-07
-8.45345e-07
-8.43585e-07
-8.41828e-07
-8.40074e-07
-8.38324e-07
-8.36578e-07
-8.34836e-07
-8.33097e-07
-8.31362e-07
-8.2963e-07
-8.27902e-07
-8.26178e-07
-8.24457e-07
-8.2274e-07
-8.21026e-07
-8.19316e-07
-8.17609e-07
-8.15906e-07
-8.14207e-07
-8.12511e-07
-8.10819e-07
-8.0913e-07
-8.07445e-07
-8.05764e-07
-8.04086e-07
-8.02411e-07
-8.00739e-07
-7.9907e-07
-7.97405e-07
-7.95743e-07
-7.94084e-07
-7.92429e-07
-7.90777e-07
-7.89129e-07
-7.87484e-07
-7.85843e-07
-7.84205e-07
-7.82571e-07
-7.8094e-07
-7.79313e-07
-7.77689e-07
-7.76068e-07
-7.74452e-07
-7.72838e-07
-7.71229e-07
-7.69623e-07
-7.68021e-07
-7.66422e-07
-7.64827e-07
-7.63235e-07
-7.61646e-07
-7.60061e-07
-7.58479e-07
-7.569e-07
-7.55325e-07
-7.53752e-07
-7.52183e-07
-7.50617e-07
-7.49054e-07
-7.47494e-07
-7.45938e-07
-7.44384e-07
-7.42834e-07
-7.41287e-07
-7.39743e-07
-7.38203e-07
-7.36665e-07
-7.35131e-07
-7.336e-07
-7.32072e-07
-7.30548e-07
-7.29026e-07
-7.27508e-07
-7.25935e-07
-7.24432e-07
-7.22942e-07
-7.21451e-07
-7.19959e-07
-7.18464e-07
-7.1697e-07
-7.15476e-07
-7.13986e-07
-7.12497e-07
-7.11013e-07
-7.09531e-07
-7.08053e-07
-7.06579e-07
-7.05108e-07
-7.0364e-07
-7.02175e-07
-7.00714e-07
-6.99256e-07
-6.97801e-07
-6.96349e-07
-6.949e-07
-6.93454e-07
-6.92011e-07
-6.9057e-07
-6.89132e-07
-6.87696e-07
-6.86264e-07
-6.84834e-07
-6.83408e-07
-6.81984e-07
-6.80563e-07
-6.79145e-07
-6.7773e-07
-6.76318e-07
-6.74909e-07
-6.73503e-07
-6.721e-07
-6.707e-07
-6.69302e-07
-6.67908e-07
-6.66516e-07
-6.65127e-07
-6.63741e-07
-6.62358e-07
-6.60978e-07
-6.59602e-07
-6.58228e-07
-6.56857e-07
-6.5549e-07
-6.54126e-07
-6.52764e-07
-6.51406e-07
-6.5005e-07
-6.48697e-07
-6.47347e-07
-6.46e-07
-6.44656e-07
-6.43314e-07
-6.41975e-07
-6.40639e-07
-6.39305e-07
-6.37974e-07
-6.36646e-07
-6.35321e-07
-6.33998e-07
-6.32678e-07
-6.31361e-07
-6.30046e-07
-6.28734e-07
-6.27425e-07
-6.26119e-07
-6.24815e-07
-6.23514e-07
-6.22216e-07
-6.2092e-07
-6.19629e-07
-6.18338e-07
-6.17049e-07
-6.15764e-07
-6.14482e-07
-6.13202e-07
-6.11926e-07
-6.10652e-07
-6.0938e-07
-6.08111e-07
-6.06843e-07
-6.05578e-07
-6.04315e-07
-6.03056e-07
-6.018e-07
-6.00547e-07
-5.99297e-07
-5.9805e-07
-5.96806e-07
-5.95565e-07
-5.94326e-07
-5.9309e-07
-5.91856e-07
-5.90625e-07
-5.89396e-07
-5.88169e-07
-5.86945e-07
-5.85723e-07
-5.84504e-07
-5.83287e-07
-5.82073e-07
-5.80861e-07
-5.79652e-07
-5.78445e-07
-5.77241e-07
-5.76039e-07
-5.7484e-07
-5.73643e-07
-5.72449e-07
-5.71257e-07
-5.70068e-07
-5.68881e-07
-5.67697e-07
-5.66516e-07
-5.65336e-07
-5.64159e-07
-5.62624e-07
-5.6141e-07
-5.6047e-07
-5.59282e-07
-5.58266e-07
-5.57266e-07
-5.56219e-07
-5.55109e-07
-5.5394e-07
-5.52732e-07
-5.5151e-07
-5.50297e-07
-5.49109e-07
-5.47951e-07
-5.46823e-07
-5.45718e-07
-5.44628e-07
-5.43544e-07
-5.42461e-07
-5.41375e-07
-5.40281e-07
-5.3918e-07
-5.38071e-07
-5.36956e-07
-5.35835e-07
-5.3471e-07
-5.33583e-07
-5.32455e-07
-5.31327e-07
-5.30201e-07
-5.29077e-07
-5.27956e-07
-5.26838e-07
-5.25724e-07
-5.24613e-07
-5.23507e-07
-5.22403e-07
-5.21304e-07
-5.20208e-07
-5.19116e-07
-5.18027e-07
-5.16941e-07
-5.15859e-07
-5.14779e-07
-5.13703e-07
-5.12629e-07
-5.11558e-07
-5.1049e-07
-5.09425e-07
-5.08362e-07
-5.07301e-07
-5.06244e-07
-5.05188e-07
-5.04135e-07
-5.03085e-07
-5.02037e-07
-5.00991e-07
-4.99947e-07
-4.98906e-07
-4.97867e-07
-4.9683e-07
-4.95795e-07
-4.94763e-07
-4.93733e-07
-4.92705e-07
-4.91679e-07
-4.90655e-07
-4.89633e-07
-4.88614e-07
-4.87597e-07
-4.86582e-07
-4.85569e-07
-4.84558e-07
-4.83549e-07
-4.82542e-07
-4.81538e-07
-4.80535e-07
-4.79535e-07
-4.78537e-07
-4.77541e-07
-4.76546e-07
-4.75555e-07
-4.74565e-07
-4.73577e-07
-4.72591e-07
-4.71607e-07
-4.70626e-07
-4.69646e-07
-4.68668e-07
-4.67693e-07
-4.66719e-07
-4.65748e-07
-4.64779e-07
-4.63811e-07
-4.62846e-07
-4.61883e-07
-4.60921e-07
-4.59962e-07
-4.59005e-07
-4.58049e-07
-4.57096e-07
-4.56145e-07
-4.55195e-07
-4.54248e-07
-4.53303e-07
-4.52359e-07
-4.51418e-07
-4.50479e-07
-4.49541e-07
-4.48606e-07
-4.47672e-07
-4.4674e-07
-4.45811e-07
-4.44883e-07
-4.43957e-07
-4.43033e-07
-4.42111e-07
-4.41191e-07
-4.40273e-07
-4.39357e-07
-4.38442e-07
-4.3753e-07
-4.3662e-07
-4.35711e-07
-4.34804e-07
-4.33899e-07
-4.32996e-07
-4.32095e-07
-4.31196e-07
-4.30299e-07
-4.29403e-07
-4.2851e-07
-4.27618e-07
-4.26728e-07
-4.2584e-07
-4.24954e-07
-4.2407e-07
-4.23187e-07
-4.22307e-07
-4.21428e-07
-4.20551e-07
-4.19676e-07
-4.18803e-07
-4.17931e-07
-4.17062e-07
-4.16194e-07
-4.15328e-07
-4.14464e-07
-4.13601e-07
-4.12741e-07
-4.11882e-07
-4.11025e-07
-4.1017e-07
-4.09316e-07
-4.08464e-07
-4.07614e-07
-4.06766e-07
-4.0592e-07
-4.05075e-07
-4.04233e-07
-4.03391e-07
-4.02552e-07
-4.01715e-07
-4.00879e-07
-4.00045e-07
-3.99212e-07
-3.98382e-07
-3.97553e-07
-3.96726e-07
-3.959e-07
-3.95076e-07
-3.94254e-07
-3.93434e-07
-3.92616e-07
-3.91799e-07
-3.90984e-07
-3.9017e-07
-3.89358e-07
-3.88548e-07
-3.8774e-07
-3.86933e-07
-3.86128e-07
-3.85325e-07
-3.84523e-07
-3.83723e-07
-3.82925e-07
-3.82128e-07
-3.81333e-07
-3.8054e-07
-3.79748e-07
-3.78958e-07
-3.7817e-07
-3.77383e-07
-3.76598e-07
-3.75814e-07
-3.75032e-07
-3.74252e-07
-3.73473e-07
-3.72696e-07
-3.71921e-07
-3.71147e-07
-3.70375e-07
-3.69605e-07
-3.68836e-07
-3.68068e-07
-3.67303e-07
-3.66539e-07
-3.65776e-07
-3.65015e-07
-3.64256e-07
-3.63498e-07
-3.62742e-07
-3.61987e-07
-3.61234e-07
-3.60482e-07
-3.59733e-07
-3.58984e-07
-3.58237e-07
-3.57492e-07
-3.56748e-07
-3.56006e-07
-3.55266e-07
-3.54527e-07
-3.53789e-07
-3.53053e-07
-3.52319e-07
-3.51586e-07
-3.50854e-07
-3.50124e-07
-3.49396e-07
-3.48669e-07
-3.47944e-07
-3.4722e-07
-3.46498e-07
-3.45777e-07
-3.45058e-07
-3.4434e-07
-3.43624e-07
-3.42909e-07
-3.42196e-07
-3.41484e-07
-3.40773e-07
-3.40064e-07
-3.39357e-07
-3.38651e-07
-3.37947e-07
-3.37244e-07
-3.36542e-07
-3.35842e-07
-3.35144e-07
-3.34446e-07
-3.33751e-07
-3.33056e-07
-3.32364e-07
-3.31672e-07
-3.30982e-07
-3.30294e-07
-3.29607e-07
-3.28921e-07
-3.28237e-07
-3.27554e-07
-3.26873e-07
-3.26193e-07
-3.25514e-07
-3.24837e-07
-3.24162e-07
-3.23487e-07
-3.22815e-07
-3.22143e-07
-3.21473e-07
-3.20804e-07
-3.20137e-07
-3.19471e-07
-3.18807e-07
-3.18143e-07
-3.17482e-07
-3.16821e-07
-3.16162e-07
-3.15505e-07
-3.14848e-07
-3.14194e-07
-3.1354e-07
-3.12888e-07
-3.12237e-07
-3.11588e-07
-3.1094e-07
-3.10293e-07
-3.09647e-07
-3.09003e-07
-3.08361e-07
-3.07719e-07
-3.07079e-07
-3.0644e-07
-3.05803e-07
-3.05167e-07
-3.04532e-07
-3.03899e-07
-3.03267e-07
-3.02636e-07
-3.02007e-07
-3.01379e-07
-3.00752e-07
-3.00126e-07
-2.99502e-07
-2.98879e-07
-2.98257e-07
-2.97637e-07
-2.97018e-07
-2.964e-07
-2.95784e-07
-2.95168e-07
-2.94554e-07
-2.93942e-07
-2.9333e-07
-2.9272e-07
-2.92112e-07
-2.91504e-07
-2.90898e-07
-2.90293e-07
-2.89689e-07
-2.89086e-07
-2.88485e-07
-2.87885e-07
-2.87286e-07
-2.86689e-07
-2.86093e-07
-2.85498e-07
-2.84904e-07
-2.84311e-07
-2.8372e-07
-2.8313e-07
-2.82541e-07
-2.81954e-07
-2.81367e-07
-2.80782e-07
-2.80198e-07
-2.79615e-07
-2.79034e-07
-2.78453e-07
-2.77874e-07
-2.77296e-07
-2.7672e-07
-2.76144e-07
-2.7557e-07
-2.74997e-07
-2.74425e-07
-2.73854e-07
-2.73285e-07
-2.72716e-07
-2.72149e-07
-2.71583e-07
-2.71018e-07
-2.70455e-07
-2.69892e-07
-2.69331e-07
-2.68771e-07
-2.68212e-07
-2.67654e-07
-2.67097e-07
-2.66542e-07
-2.65987e-07
-2.65434e-07
-2.64882e-07
-2.64331e-07
-2.63782e-07
-2.63233e-07
-2.62686e-07
-2.62139e-07
-2.61594e-07
-2.6105e-07
-2.60507e-07
-2.59966e-07
-2.59425e-07
-2.58885e-07
-2.58347e-07
-2.57985e-07
-2.57782e-07
-2.57067e-07
-2.56074e-07
-2.56609e-07
-2.5484e-07
-2.5568e-07
-2.53948e-07
-2.54705e-07
-2.5294e-07
-2.522e-07
-2.5165e-07
-2.51186e-07
-2.50807e-07
-2.50448e-07
-2.50059e-07
-2.49612e-07
-2.49097e-07
-2.48531e-07
-2.47937e-07
-2.47337e-07
-2.46746e-07
-2.46173e-07
-2.4562e-07
-2.45087e-07
-2.44572e-07
-2.4407e-07
-2.43578e-07
-2.43093e-07
-2.42613e-07
-2.42135e-07
-2.41657e-07
-2.4118e-07
-2.40702e-07
-2.40222e-07
-2.39741e-07
-2.39258e-07
-2.38773e-07
-2.38288e-07
-2.37801e-07
-2.37313e-07
-2.36825e-07
-2.36336e-07
-2.35847e-07
-2.35357e-07
-2.34868e-07
-2.3438e-07
-2.33892e-07
-2.33404e-07
-2.32917e-07
-2.32431e-07
-2.31945e-07
-2.3146e-07
-2.30977e-07
-2.30494e-07
-2.30012e-07
-2.29531e-07
-2.29051e-07
-2.28572e-07
-2.28095e-07
-2.27618e-07
-2.27142e-07
-2.26667e-07
-2.26193e-07
-2.25721e-07
-2.25249e-07
-2.24778e-07
-2.24309e-07
-2.2384e-07
-2.23372e-07
-2.22906e-07
-2.2244e-07
-2.21976e-07
-2.21513e-07
-2.2105e-07
-2.20589e-07
-2.20128e-07
-2.19669e-07
-2.19211e-07
-2.18753e-07
-2.18297e-07
-2.17842e-07
-2.17387e-07
-2.16934e-07
-2.16482e-07
-2.1603e-07
-2.1558e-07
-2.15131e-07
-2.14682e-07
-2.14235e-07
-2.13789e-07
-2.13343e-07
-2.12899e-07
-2.12455e-07
-2.12012e-07
-2.11571e-07
-2.1113e-07
-2.1069e-07
-2.10252e-07
-2.09814e-07
-2.09377e-07
-2.08941e-07
-2.08506e-07
-2.08072e-07
-2.07638e-07
-2.07206e-07
-2.06775e-07
-2.06344e-07
-2.05915e-07
-2.05486e-07
-2.05058e-07
-2.04632e-07
-2.04206e-07
-2.03781e-07
-2.03357e-07
-2.02933e-07
-2.02511e-07
-2.0209e-07
-2.01669e-07
-2.01249e-07
-2.00831e-07
-2.00413e-07
-1.99996e-07
-1.99579e-07
-1.99164e-07
-1.9875e-07
-1.98336e-07
-1.97924e-07
-1.97512e-07
-1.97101e-07
-1.96691e-07
-1.96282e-07
-1.95873e-07
-1.95466e-07
-1.95059e-07
-1.94653e-07
-1.94248e-07
-1.93844e-07
-1.93441e-07
-1.93039e-07
-1.92637e-07
-1.92236e-07
-1.91837e-07
-1.91438e-07
-1.91039e-07
-1.90642e-07
-1.90245e-07
-1.8985e-07
-1.89455e-07
-1.89061e-07
-1.88668e-07
-1.88275e-07
-1.87883e-07
-1.87493e-07
-1.87103e-07
-1.86714e-07
-1.86325e-07
-1.85938e-07
-1.85551e-07
-1.85165e-07
-1.8478e-07
-1.84396e-07
-1.84012e-07
-1.8363e-07
-1.83248e-07
-1.82866e-07
-1.82486e-07
-1.82107e-07
-1.81728e-07
-1.8135e-07
-1.80973e-07
-1.80597e-07
-1.80221e-07
-1.79846e-07
-1.79472e-07
-1.79099e-07
-1.78726e-07
-1.78355e-07
-1.77984e-07
-1.77614e-07
-1.77244e-07
-1.76876e-07
-1.76508e-07
-1.76141e-07
-1.75775e-07
-1.75409e-07
-1.75044e-07
-1.7468e-07
-1.74317e-07
-1.73955e-07
-1.73593e-07
-1.73232e-07
-1.72872e-07
-1.72512e-07
-1.72154e-07
-1.71796e-07
-1.71438e-07
-1.71082e-07
-1.70726e-07
-1.70371e-07
-1.70017e-07
-1.69663e-07
-1.69311e-07
-1.68958e-07
-1.68607e-07
-1.68257e-07
-1.67907e-07
-1.67558e-07
-1.67209e-07
-1.66861e-07
-1.66515e-07
-1.66168e-07
-1.65823e-07
-1.65478e-07
-1.65134e-07
-1.64791e-07
-1.64448e-07
-1.64106e-07
-1.63765e-07
-1.63424e-07
-1.63084e-07
-1.62745e-07
-1.62407e-07
-1.62069e-07
-1.61732e-07
-1.61396e-07
-1.61061e-07
-1.60726e-07
-1.60391e-07
-1.60058e-07
-1.59725e-07
-1.59393e-07
-1.59062e-07
-1.58731e-07
-1.58401e-07
-1.58072e-07
-1.57743e-07
-1.57415e-07
-1.57088e-07
-1.56761e-07
-1.56435e-07
-1.5611e-07
-1.55785e-07
-1.55461e-07
-1.55138e-07
-1.54816e-07
-1.54494e-07
-1.54173e-07
-1.53852e-07
-1.53532e-07
-1.53213e-07
-1.52894e-07
-1.52577e-07
-1.52259e-07
-1.51943e-07
-1.51627e-07
-1.51312e-07
-1.50997e-07
-1.50683e-07
-1.5037e-07
-1.50057e-07
-1.49745e-07
-1.49434e-07
-1.49123e-07
-1.48813e-07
-1.48504e-07
-1.48195e-07
-1.47887e-07
-1.4758e-07
-1.47273e-07
-1.46967e-07
-1.46661e-07
-1.46356e-07
-1.46052e-07
-1.45748e-07
-1.45445e-07
-1.45143e-07
-1.44841e-07
-1.4454e-07
-1.4424e-07
-1.4394e-07
-1.4364e-07
-1.43342e-07
-1.43044e-07
-1.42746e-07
-1.4245e-07
-1.42154e-07
-1.41858e-07
-1.41563e-07
-1.41269e-07
-1.40975e-07
-1.40682e-07
-1.4039e-07
-1.40098e-07
-1.39806e-07
-1.39516e-07
