1.81835
1.28889
0.986351
-0.868349
-0.813181
-0.768471
-0.731449
-0.700222
-0.673448
-0.650157
-0.629634
-0.611347
-0.594892
-0.579955
-0.566294
-0.553715
-0.543544
-0.534873
-0.526293
-0.518209
-0.510152
-0.502545
-0.49516
-0.487933
-0.481012
-0.474295
-0.467747
-0.461408
-0.455268
-0.449296
-0.443484
-0.437832
-0.432336
-0.426983
-0.421765
-0.416675
-0.41171
-0.406863
-0.402128
-0.397499
-0.392972
-0.388542
-0.384205
-0.379957
-0.375794
-0.371713
-0.367708
-0.363779
-0.359921
-0.356133
-0.352412
-0.348754
-0.345159
-0.341624
-0.338147
-0.334732
-0.331369
-0.328061
-0.324806
-0.3216
-0.318446
-0.315339
-0.312281
-0.30927
-0.306305
-0.303386
-0.300513
-0.297683
-0.294898
-0.292157
-0.289461
-0.286805
-0.284192
-0.281621
-0.279092
-0.276604
-0.274157
-0.271752
-0.269386
-0.26706
-0.264774
-0.262528
-0.26032
-0.25815
-0.25602
-0.253926
-0.25187
-0.24985
-0.247868
-0.245921
-0.244011
-0.242136
-0.240299
-0.238496
-0.236726
-0.234989
-0.233286
-0.231614
-0.229974
-0.228366
-0.226788
-0.22524
-0.223722
-0.222233
-0.220772
-0.219339
-0.217934
-0.216556
-0.215204
-0.213877
-0.212576
-0.2113
-0.210048
-0.20882
-0.207616
-0.206437
-0.20528
-0.204146
-0.203033
-0.20194
-0.200868
-0.199817
-0.198784
-0.197771
-0.196776
-0.1958
-0.194842
-0.193901
-0.192977
-0.19207
-0.19118
-0.190305
-0.189446
-0.188603
-0.187774
-0.18696
-0.186161
-0.185376
-0.184604
-0.183846
-0.183101
-0.182369
-0.18165
-0.180943
-0.180248
-0.179565
-0.178894
-0.178234
-0.177586
-0.176948
-0.176321
-0.175705
-0.175099
-0.174503
-0.173917
-0.173341
-0.172774
-0.172216
-0.171668
-0.171128
-0.170598
-0.170075
-0.169562
-0.169057
-0.16856
-0.168073
-0.167593
-0.16712
-0.166673
-0.166251
-0.165862
-0.165302
-0.164867
-0.164439
-0.164034
-0.163721
-0.163252
-0.162804
-0.162385
-0.161994
-0.16161
-0.161231
-0.160859
-0.160495
-0.160138
-0.159787
-0.159438
-0.159083
-0.158744
-0.15841
-0.15808
-0.157878
-0.157473
-0.157117
-0.156805
-0.156497
-0.156192
-0.155892
-0.155595
-0.155301
-0.155011
-0.154724
-0.154441
-0.154162
-0.153883
-0.153609
-0.153337
-0.153068
-0.152802
-0.152538
-0.152402
-0.152113
-0.151768
-0.151505
-0.151252
-0.151001
-0.150753
-0.150506
-0.150265
-0.150036
-0.149806
-0.149573
-0.149338
-0.149102
-0.148868
-0.148632
-0.1484
-0.148175
-0.147888
-0.147657
-0.147741
-0.147366
-0.147039
-0.146775
-0.146543
-0.146331
-0.146124
-0.14592
-0.145714
-0.145502
-0.145286
-0.145069
-0.144848
-0.144625
-0.144403
-0.144182
-0.14396
-0.143739
-0.143517
-0.143297
-0.143119
-0.14273
-0.142508
-0.142638
-0.142279
-0.141968
-0.141713
-0.141487
-0.141275
-0.141068
-0.140859
-0.140646
-0.140429
-0.140205
-0.139978
-0.139748
-0.139519
-0.139287
-0.139055
-0.138823
-0.138589
-0.138358
-0.138124
-0.137891
-0.137654
-0.137419
-0.137184
-0.136946
-0.136708
-0.136471
-0.136231
-0.135991
-0.135751
-0.135509
-0.135268
-0.135025
-0.134781
-0.134537
-0.134292
-0.134047
-0.1338
-0.133553
-0.133306
-0.133058
-0.132809
-0.13256
-0.132309
-0.132059
-0.131808
-0.131557
-0.131304
-0.131052
-0.130799
-0.130545
-0.130291
-0.130037
-0.129783
-0.129528
-0.129273
-0.129018
-0.128761
-0.128505
-0.128249
-0.127993
-0.127737
-0.12748
-0.127222
-0.126967
-0.126709
-0.126453
-0.126196
-0.12594
-0.125682
-0.125426
-0.12517
-0.124914
-0.124657
-0.124401
-0.124145
-0.123891
-0.123634
-0.123381
-0.123126
-0.122872
-0.122617
-0.122364
-0.122111
-0.121859
-0.121608
-0.121356
-0.121104
-0.120854
-0.120605
-0.120356
-0.120107
-0.119859
-0.119611
-0.119365
-0.11912
-0.118874
-0.118629
-0.118386
-0.118144
-0.1179
-0.11766
-0.117419
-0.117179
-0.11694
-0.116702
-0.116464
-0.11623
-0.115993
-0.115759
-0.115525
-0.115293
-0.115062
-0.11483
-0.114601
-0.114373
-0.114145
-0.113919
-0.113692
-0.113468
-0.113244
-0.113021
-0.1128
-0.11258
-0.11236
-0.112142
-0.111924
-0.111708
-0.111494
-0.111279
-0.111067
-0.110854
-0.110643
-0.110434
-0.110226
-0.110017
-0.109811
-0.109605
-0.109402
-0.109199
-0.108996
-0.108796
-0.108595
-0.108398
-0.108199
-0.108004
-0.107808
-0.107614
-0.107421
-0.107228
-0.107038
-0.106848
-0.10666
-0.106471
-0.106285
-0.1061
-0.105916
-0.105732
-0.105551
-0.105369
-0.105189
-0.10501
-0.104832
-0.104655
-0.10448
-0.104305
-0.104132
-0.103959
-0.103787
-0.103617
-0.103448
-0.10328
-0.103113
-0.102947
-0.102782
-0.102617
-0.102454
-0.102292
-0.102131
-0.101971
-0.101812
-0.101654
-0.101497
-0.10134
-0.101185
-0.101031
-0.100877
-0.100725
-0.100573
-0.100422
-0.100273
-0.100124
-0.0999763
-0.0998293
-0.0996832
-0.0995382
-0.0993937
-0.0992504
-0.0991081
-0.0989662
-0.0988255
-0.0986856
-0.0985464
-0.0984083
-0.0982709
-0.0981343
-0.0979985
-0.0978637
-0.0977297
-0.0975962
-0.0974638
-0.097332
-0.0972012
-0.097071
-0.0969418
-0.096813
-0.0966854
-0.0965582
-0.0964321
-0.0963064
-0.0961817
-0.0960577
-0.0959341
-0.0958118
-0.0956898
-0.0955686
-0.0954482
-0.0953284
-0.0952094
-0.095091
-0.0949734
-0.0948563
-0.09474
-0.0946245
-0.0945094
-0.0943954
-0.0942817
-0.0941687
-0.0940565
-0.0939448
-0.0938339
-0.0937234
-0.0936135
-0.0935045
-0.0933959
-0.0932881
-0.0931807
-0.0930738
-0.0929678
-0.0928622
-0.0927574
-0.0926529
-0.092549
-0.0924456
-0.092343
-0.0922409
-0.0921394
-0.0920383
-0.0919378
-0.091838
-0.0917382
-0.0916397
-0.0915411
-0.0914434
-0.091346
-0.0912491
-0.091153
-0.0910572
-0.0909618
-0.0908669
-0.0907728
-0.090679
-0.0905856
-0.0904929
-0.0904003
-0.0903085
-0.0902173
-0.0901261
-0.0900358
-0.0899457
-0.0898561
-0.0897669
-0.0896784
-0.0895901
-0.0895023
-0.0894149
-0.0893281
-0.0892414
-0.0891555
-0.0890698
-0.0889848
-0.0888997
-0.0888155
-0.0887315
-0.0886479
-0.0885647
-0.0884821
-0.0883995
-0.0883177
-0.0882361
-0.0881548
-0.0880743
-0.0879936
-0.0879137
-0.087834
-0.0877547
-0.0876757
-0.0875971
-0.0875189
-0.0874413
-0.0873638
-0.0872867
-0.0872099
-0.0871335
-0.0870574
-0.0869819
-0.0869063
-0.0868314
-0.0867567
-0.0866824
-0.0866083
-0.0865346
-0.0864615
-0.0863882
-0.0863157
-0.0862434
-0.086171
-0.0860994
-0.086028
-0.0859572
-0.0858861
-0.0858155
-0.0857456
-0.0856757
-0.0856059
-0.0855368
-0.0854678
-0.0853991
-0.0853307
-0.0852628
-0.0851948
-0.0851272
-0.0850602
-0.0849932
-0.0849263
-0.0848601
-0.084794
-0.0847281
-0.0846625
-0.0845972
-0.0845322
-0.0844676
-0.0844029
-0.0843389
-0.0842747
-0.0842112
-0.0841478
-0.0840846
-0.0840217
-0.083959
-0.0838965
-0.0838343
-0.0837724
-0.0837107
-0.0836493
-0.0835883
-0.0835272
-0.0834667
-0.083406
-0.083346
-0.083286
-0.083226
-0.0831667
-0.0831075
-0.0830484
-0.0829896
-0.082931
-0.0828726
-0.0828145
-0.0827566
-0.0826991
-0.0826415
-0.0825841
-0.0825274
-0.0824706
-0.0824138
-0.0823576
-0.0823015
-0.0822455
-0.0821895
-0.0821341
-0.0820789
-0.0820238
-0.0819688
-0.0819141
-0.0818596
-0.0818053
-0.0817512
-0.0816973
-0.0816436
-0.0815901
-0.0815368
-0.0814837
-0.081431
-0.0813781
-0.0813258
-0.0812735
-0.0812214
-0.0811692
-0.0811176
-0.0810661
-0.0810147
-0.0809635
-0.0809125
-0.0808616
-0.080811
-0.0807605
-0.0807102
-0.08066
-0.0806101
-0.0805603
-0.0805107
-0.0804613
-0.0804121
-0.080363
-0.0803141
-0.0802654
-0.0802168
-0.0801684
-0.0801202
-0.0800722
-0.0800243
-0.0799766
-0.079929
-0.0798817
-0.0798347
-0.0797878
-0.0797409
-0.0796942
-0.0796474
-0.0796012
-0.079555
-0.0795089
-0.079463
-0.0794172
-0.0793716
-0.0793261
-0.0792808
-0.0792357
-0.0791906
-0.0791458
-0.0791011
-0.0790565
-0.0790121
-0.0789679
-0.0789238
-0.0788798
-0.078836
-0.0787923
-0.0787488
-0.0787054
-0.0786622
-0.0786191
-0.0785762
-0.0785334
-0.0784907
-0.0784482
-0.0784058
-0.0783636
-0.0783215
-0.0782795
-0.0782377
-0.078196
-0.0781544
-0.078113
-0.0780717
-0.0780306
-0.0779896
-0.0779487
-0.0779079
-0.0778676
-0.0778272
-0.0777869
-0.0777467
-0.0777066
-0.0776667
-0.0776269
-0.0775872
-0.0775476
-0.0775081
-0.0774688
-0.0774296
-0.0773905
-0.0773515
-0.0773127
-0.077274
-0.0772354
-0.0771969
-0.0771586
-0.0771204
-0.0770823
-0.0770443
-0.0770064
-0.0769687
-0.0769311
-0.0768936
-0.0768562
-0.0768189
-0.0767818
-0.0767447
-0.0767078
-0.076671
-0.0766343
-0.0765977
-0.0765613
-0.0765249
-0.0764887
-0.0764526
-0.0764165
-0.0763806
-0.0763448
-0.0763092
-0.0762736
-0.0762381
-0.0762028
-0.0761675
-0.0761324
-0.0760974
-0.0760625
-0.0760276
-0.0759929
-0.0759583
-0.0759238
-0.0758895
-0.0758552
-0.075821
-0.0757869
-0.0757529
-0.0757191
-0.0756853
-0.0756516
-0.0756181
-0.0755846
-0.0755512
-0.075518
-0.0754848
-0.0754518
-0.0754188
-0.0753859
-0.0753532
-0.0753205
-0.0752879
-0.0752555
-0.0752231
-0.0751911
-0.075159
-0.075127
-0.075095
-0.0750631
-0.0750313
-0.0749997
-0.074968
-0.0749365
-0.0749051
-0.0748738
-0.0748425
-0.0748114
-0.0747803
-0.0747494
-0.0747185
-0.0746877
-0.074657
-0.0746264
-0.0745959
-0.0745655
-0.0745351
-0.0745049
-0.0744747
-0.0744446
-0.0744147
-0.0743848
-0.074355
-0.0743252
-0.0742956
-0.0742661
-0.0742366
-0.0742072
-0.0741779
-0.0741487
-0.0741196
-0.0740906
-0.0740616
-0.0740328
-0.074004
-0.0739753
-0.0739467
-0.0739181
-0.0738897
-0.0738613
-0.073833
-0.0738048
-0.0737767
-0.0737486
-0.0737207
-0.0736928
-0.073665
-0.0736373
-0.0736096
-0.073582
-0.0735545
-0.0735271
-0.0734998
-0.0734725
-0.0734454
-0.0734183
-0.0733912
-0.0733643
-0.0733374
-0.0733106
-0.0732839
-0.0732573
-0.0732307
-0.0732042
-0.0731778
-0.0731514
-0.0731252
-0.073099
-0.0730729
-0.0730468
-0.0730208
-0.0729949
-0.0729691
-0.0729434
-0.0729177
-0.0728921
-0.0728665
-0.072841
-0.0728157
-0.0727903
-0.0727651
-0.0727399
-0.0727148
-0.0726897
-0.0726648
-0.0726398
-0.072615
-0.0725902
-0.0725655
-0.0725409
-0.0725164
-0.0724919
-0.0724674
-0.0724431
-0.0724188
-0.0723946
-0.0723704
-0.0723463
-0.0723223
-0.0722983
-0.0722744
-0.0722506
-0.0722269
-0.0722032
-0.0721795
-0.072156
-0.0721325
-0.072109
-0.0720857
-0.0720624
-0.0720391
-0.0720159
-0.0719928
-0.0719698
-0.0719468
-0.0719239
-0.071901
-0.0718782
-0.0718555
-0.0718328
-0.0718102
-0.0717876
-0.0717651
-0.0717427
-0.0717203
-0.071698
-0.0716758
-0.0716536
-0.0716314
-0.0716094
-0.0715874
-0.0715654
-0.0715435
-0.0715217
-0.0714999
-0.0714782
-0.0714565
-0.0714349
-0.0714134
-0.0713919
-0.0713705
-0.0713491
-0.0713278
-0.0713066
-0.0712854
-0.0712643
-0.0712432
-0.0712221
-0.0712012
-0.0711803
-0.0711594
-0.0711386
-0.0711179
-0.0710972
-0.0710766
-0.071056
-0.0710355
-0.071015
-0.0709946
-0.0709743
-0.070954
-0.0709337
-0.0709135
-0.0708934
-0.0708733
-0.0708533
-0.0708333
-0.0708134
-0.0707935
-0.0707737
-0.0707539
-0.0707342
-0.0707145
-0.0706949
-0.0706753
-0.0706558
-0.0706364
-0.070617
-0.0705976
-0.0705783
-0.0705591
-0.0705399
-0.0705207
-0.0705016
-0.0704826
-0.0704636
-0.0704446
-0.0704257
-0.0704068
-0.070388
-0.0703693
-0.0703506
-0.0703319
-0.0703133
-0.0702948
-0.0702763
-0.0702578
-0.0702394
-0.070221
-0.0702027
-0.0701844
-0.0701662
-0.070148
-0.0701299
-0.0701118
-0.0700938
-0.0700758
-0.0700579
-0.07004
-0.0700222
-0.0700044
-0.0699866
-0.0699689
-0.0699512
-0.0699336
-0.069916
-0.0698985
-0.069881
-0.0698636
-0.0698462
-0.0698289
-0.0698116
-0.0697943
-0.0697771
-0.06976
-0.0697428
-0.0697258
-0.0697087
-0.0696917
-0.0696748
-0.0696579
-0.069641
-0.0696242
-0.0696074
-0.0695907
-0.069574
-0.0695574
-0.0695408
-0.0695242
-0.0695077
-0.0694912
-0.0694748
-0.0694584
-0.0694421
-0.0694258
-0.0694095
-0.0693933
-0.0693771
-0.069361
-0.0693449
-0.0693288
-0.0693128
-0.0692968
-0.0692809
-0.069265
-0.0692491
-0.0692333
-0.0692176
-0.0692018
-0.0691861
-0.0691705
-0.0691549
-0.0691393
-0.0691237
-0.0691083
-0.0690928
-0.0690774
-0.069062
-0.0690467
-0.0690314
-0.0690161
-0.0690009
-0.0689857
-0.0689705
-0.0689554
-0.0689404
-0.0689253
-0.0689103
-0.0688954
-0.0688805
-0.0688656
-0.0688507
-0.0688359
-0.0688212
-0.0688064
-0.0687917
-0.0687771
-0.0687625
-0.0687479
-0.0687333
-0.0687188
-0.0687043
-0.0686899
-0.0686755
-0.0686611
-0.0686468
-0.0686325
-0.0686183
-0.068604
-0.0685898
-0.0685757
-0.0685616
-0.0685475
-0.0685334
-0.0685194
-0.0685055
-0.0684915
-0.0684776
-0.0684637
-0.0684499
-0.0684361
-0.0684223
-0.0684086
-0.0683949
-0.0683812
-0.0683676
-0.068354
-0.0683404
-0.0683269
-0.0683134
-0.0682999
-0.0682865
-0.0682731
-0.0682597
-0.0682464
-0.0682331
-0.0682198
-0.0682066
-0.0681934
-0.0681802
-0.0681671
-0.068154
-0.0681409
-0.0681279
-0.0681149
-0.0681019
-0.068089
-0.0680761
-0.0680632
-0.0680503
-0.0680375
-0.0680247
-0.068012
-0.0679993
-0.0679866
-0.0679739
-0.0679613
-0.0679487
-0.0679361
-0.0679236
-0.0679111
-0.0678986
-0.0678862
-0.0678738
-0.0678614
-0.067849
-0.0678367
-0.0678244
-0.0678122
-0.0677999
-0.0677877
-0.0677756
-0.0677634
-0.0677513
-0.0677393
-0.0677272
-0.0677152
-0.0677032
-0.0676912
-0.0676793
-0.0676674
-0.0676555
-0.0676437
-0.0676318
-0.0676201
-0.0676083
-0.0675966
-0.0675848
-0.0675732
-0.0675615
-0.0675499
-0.0675383
-0.0675267
-0.0675152
-0.0675037
-0.0674922
-0.0674807
-0.0674693
-0.0674579
-0.0674465
-0.0674352
-0.0674239
-0.0674126
-0.0674013
-0.0673901
-0.0673789
-0.0673677
-0.0673566
-0.0673454
-0.0673343
-0.0673233
-0.0673122
-0.0673012
-0.0672902
-0.0672792
-0.0672683
-0.0672574
-0.0672465
-0.0672356
-0.0672248
-0.067214
-0.0672032
-0.0671925
-0.0671817
-0.067171
-0.0671603
-0.0671497
-0.0671391
-0.0671285
-0.0671179
-0.0671073
-0.0670968
-0.0670863
-0.0670758
-0.0670654
-0.0670549
-0.0670445
-0.0670342
-0.0670238
-0.0670135
-0.0670032
-0.0669929
-0.0669827
-0.0669724
-0.0669622
-0.066952
-0.0669419
-0.0669318
-0.0669216
-0.0669116
-0.0669015
-0.0668915
-0.0668815
-0.0668715
-0.0668615
-0.0668516
-0.0668416
-0.0668318
-0.0668219
-0.066812
-0.0668022
-0.0667924
-0.0667826
-0.0667729
-0.0667632
-0.0667535
-0.0667438
-0.0667341
-0.0667245
-0.0667149
-0.0667053
-0.0666957
-0.0666862
-0.0666766
-0.0666671
-0.0666577
-0.0666482
-0.0666388
-0.0666294
-0.06662
-0.0666106
-0.0666013
-0.0665919
-0.0665826
-0.0665733
-0.0665641
-0.0665549
-0.0665456
-0.0665365
-0.0665273
-0.0665181
-0.066509
-0.0664999
-0.0664908
-0.0664818
-0.0664727
-0.0664637
-0.0664547
-0.0664457
-0.0664368
-0.0664278
-0.0664189
-0.06641
-0.0664011
-0.0663923
-0.0663835
-0.0663747
-0.0663659
-0.0663571
-0.0663483
-0.0663396
-0.0663309
-0.0663222
-0.0663136
-0.0663049
-0.0662963
-0.0662877
-0.0662791
-0.0662705
-0.066262
-0.0662535
-0.066245
-0.0662365
-0.066228
-0.0662196
-0.0662111
-0.0662027
-0.0661943
-0.066186
-0.0661776
-0.0661693
-0.066161
-0.0661527
-0.0661444
-0.0661362
-0.0661279
-0.0661197
-0.0661115
-0.0661034
-0.0660952
-0.0660871
-0.066079
-0.0660709
-0.0660628
-0.0660547
-0.0660467
-0.0660386
-0.0660306
-0.0660227
-0.0660147
-0.0660067
-0.0659988
-0.0659909
-0.065983
-0.0659751
-0.0659673
-0.0659594
-0.0659516
-0.0659438
-0.065936
-0.0659283
-0.0659205
-0.0659128
-0.0659051
-0.0658974
-0.0658897
-0.065882
-0.0658744
-0.0658668
-0.0658592
-0.0658516
-0.065844
-0.0658364
-0.0658289
-0.0658214
-0.0658139
-0.0658064
-0.0657989
-0.0657915
-0.0657841
-0.0657766
-0.0657692
-0.0657619
-0.0657545
-0.0657471
-0.0657398
-0.0657325
-0.0657252
-0.0657179
-0.0657107
-0.0657034
-0.0656962
-0.065689
-0.0656818
-0.0656746
-0.0656674
-0.0656603
-0.0656532
-0.065646
-0.0656389
-0.0656319
-0.0656248
-0.0656178
-0.0656107
-0.0656037
-0.0655967
-0.0655897
-0.0655827
-0.0655758
-0.0655689
-0.0655619
-0.065555
-0.0655481
-0.0655413
-0.0655344
-0.0655276
-0.0655207
-0.0655139
-0.0655071
-0.0655004
-0.0654936
-0.0654869
-0.0654801
-0.0654734
-0.0654667
-0.06546
-0.0654533
-0.0654467
-0.06544
-0.0654334
-0.0654268
-0.0654202
-0.0654136
-0.0654071
-0.0654005
-0.065394
-0.0653875
-0.065381
-0.0653745
-0.065368
-0.0653615
-0.0653551
-0.0653486
-0.0653422
-0.0653358
-0.0653294
-0.0653231
-0.0653167
-0.0653104
-0.065304
-0.0652977
-0.0652914
-0.0652851
-0.0652789
-0.0652726
-0.0652664
-0.0652601
-0.0652539
-0.0652477
-0.0652415
-0.0652354
-0.0652292
-0.0652231
-0.0652169
-0.0652108
-0.0652047
-0.0651986
-0.0651925
-0.0651865
-0.0651804
-0.0651744
-0.0651684
-0.0651624
-0.0651564
-0.0651504
-0.0651444
-0.0651385
-0.0651325
-0.0651266
-0.0651207
-0.0651148
-0.0651089
-0.065103
-0.0650972
-0.0650913
-0.0650855
-0.0650797
-0.0650739
-0.0650681
-0.0650623
-0.0650565
-0.0650508
-0.065045
-0.0650393
-0.0650336
-0.0650279
-0.0650222
-0.0650165
-0.0650108
-0.0650052
-0.0649995
-0.0649939
-0.0649883
-0.0649827
-0.0649771
-0.0649715
-0.064966
-0.0649604
-0.0649549
-0.0649494
-0.0649438
-0.0649383
-0.0649329
-0.0649274
-0.0649219
-0.0649165
-0.064911
-0.0649056
-0.0649002
-0.0648948
-0.0648894
-0.064884
-0.0648786
-0.0648733
-0.0648679
-0.0648626
-0.0648573
-0.064852
-0.0648467
-0.0648414
-0.0648361
-0.0648309
-0.0648256
-0.0648204
-0.0648152
-0.0648099
-0.0648047
-0.0647996
-0.0647944
-0.0647892
-0.0647841
-0.0647789
-0.0647738
-0.0647687
-0.0647636
-0.0647585
-0.0647534
-0.0647483
-0.0647432
-0.0647382
-0.0647331
-0.0647281
-0.0647231
-0.0647181
-0.0647131
-0.0647081
-0.0647031
-0.0646982
-0.0646932
-0.0646883
-0.0646834
-0.0646784
-0.0646735
-0.0646686
-0.0646638
-0.0646589
-0.064654
-0.0646492
-0.0646443
-0.0646395
-0.0646347
-0.0646299
-0.0646251
-0.0646203
-0.0646155
-0.0646107
-0.064606
-0.0646012
-0.0645965
-0.0645918
-0.0645871
-0.0645824
-0.0645777
-0.064573
-0.0645683
-0.0645637
-0.064559
-0.0645544
-0.0645497
-0.0645451
-0.0645405
-0.0645359
-0.0645313
-0.0645267
-0.0645222
-0.0645176
-0.0645131
-0.0645085
-0.064504
-0.0644995
-0.064495
-0.0644905
-0.064486
-0.0644815
-0.064477
-0.0644726
-0.0644681
-0.0644637
-0.0644593
-0.0644548
-0.0644504
-0.064446
-0.0644416
-0.0644373
-0.0644329
-0.0644285
-0.0644242
-0.0644198
-0.0644155
-0.0644112
-0.0644069
-0.0644026
-0.0643983
-0.064394
-0.0643897
-0.0643854
-0.0643812
-0.0643769
-0.0643727
-0.0643685
-0.0643643
-0.06436
-0.0643559
-0.0643517
-0.0643475
-0.0643433
-0.0643391
-0.064335
-0.0643308
-0.0643267
-0.0643226
-0.0643185
-0.0643144
-0.0643103
-0.0643062
-0.0643021
-0.064298
-0.064294
-0.0642899
-0.0642859
-0.0642818
-0.0642778
-0.0642738
-0.0642698
-0.0642658
-0.0642618
-0.0642578
-0.0642538
-0.0642499
-0.0642459
-0.064242
-0.064238
-0.0642341
-0.0642302
-0.0642262
-0.0642223
-0.0642184
-0.0642146
-0.0642107
-0.0642068
-0.064203
-0.0641991
-0.0641953
-0.0641914
-0.0641876
-0.0641838
-0.06418
-0.0641762
-0.0641724
-0.0641686
-0.0641648
-0.064161
-0.0641573
-0.0641535
-0.0641498
-0.064146
-0.0641423
-0.0641386
-0.0641349
-0.0641312
-0.0641275
-0.0641238
-0.0641201
-0.0641164
-0.0641128
-0.0641091
-0.0641055
-0.0641018
-0.0640982
-0.0640946
-0.064091
-0.0640874
-0.0640838
-0.0640802
-0.0640766
-0.064073
-0.0640694
-0.0640659
-0.0640623
-0.0640588
-0.0640552
-0.0640517
-0.0640482
-0.0640447
-0.0640412
-0.0640377
-0.0640342
-0.0640307
-0.0640272
-0.0640238
-0.0640203
-0.0640169
-0.0640134
-0.06401
-0.0640065
-0.0640031
-0.0639997
-0.0639963
-0.0639929
-0.0639895
-0.0639861
-0.0639827
-0.0639794
-0.063976
-0.0639726
-0.0639693
-0.063966
-0.0639626
-0.0639593
-0.063956
-0.0639527
-0.0639494
-0.0639461
-0.0639428
-0.0639395
-0.0639362
-0.0639329
-0.0639297
-0.0639264
-0.0639232
-0.0639199
-0.0639167
-0.0639135
-0.0639103
-0.0639071
-0.0639038
-0.0639007
-0.0638975
-0.0638943
-0.0638911
-0.0638879
-0.0638848
-0.0638816
-0.0638785
-0.0638753
-0.0638722
-0.063869
-0.0638659
-0.0638628
-0.0638597
-0.0638566
-0.0638535
-0.0638504
-0.0638473
-0.0638443
-0.0638412
-0.0638381
-0.0638351
-0.063832
-0.063829
-0.0638259
-0.0638229
-0.0638199
-0.0638169
-0.0638139
-0.0638109
-0.0638079
-0.0638049
-0.0638019
-0.0637989
-0.063796
-0.063793
-0.06379
-0.0637871
-0.0637841
-0.0637812
-0.0637783
-0.0637753
-0.0637724
-0.0637695
-0.0637666
-0.0637637
-0.0637608
-0.0637579
-0.063755
-0.0637522
-0.0637493
-0.0637464
-0.0637436
-0.0637407
-0.0637379
-0.0637351
-0.0637322
-0.0637294
-0.0637266
-0.0637238
-0.063721
-0.0637182
-0.0637154
-0.0637126
-0.0637098
-0.063707
-0.0637042
-0.0637015
-0.0636987
-0.063696
-0.0636932
-0.0636905
-0.0636877
-0.063685
-0.0636823
-0.0636796
-0.0636769
-0.0636742
-0.0636715
-0.0636688
-0.0636661
-0.0636634
-0.0636607
-0.0636581
-0.0636554
-0.0636527
-0.0636501
-0.0636474
-0.0636448
-0.0636422
-0.0636395
-0.0636369
-0.0636343
-0.0636317
-0.0636291
-0.0636265
-0.0636239
-0.0636213
-0.0636187
-0.0636161
-0.0636135
-0.063611
-0.0636084
-0.0636058
-0.0636033
-0.0636007
-0.0635982
-0.0635957
-0.0635931
-0.0635906
-0.0635881
-0.0635856
-0.0635831
-0.0635806
-0.0635781
-0.0635756
-0.0635731
-0.0635706
-0.0635681
-0.0635657
-0.0635632
-0.0635607
-0.0635583
-0.0635558
-0.0635534
-0.063551
-0.0635485
-0.0635461
-0.0635437
-0.0635413
-0.0635388
-0.0635364
-0.063534
-0.0635316
-0.0635292
-0.0635269
-0.0635245
-0.0635221
-0.0635197
-0.0635174
-0.063515
-0.0635126
-0.0635103
-0.0635079
-0.0635056
-0.0635033
-0.0635009
-0.0634986
-0.0634963
-0.063494
-0.0634917
-0.0634894
-0.0634871
-0.0634848
-0.0634825
-0.0634802
-0.0634779
-0.0634756
-0.0634734
-0.0634711
-0.0634688
-0.0634666
-0.0634643
-0.0634621
-0.0634598
-0.0634576
-0.0634554
-0.0634531
-0.0634509
-0.0634487
-0.0634465
-0.0634443
-0.0634421
-0.0634399
-0.0634377
-0.0634355
-0.0634333
-0.0634311
-0.0634289
-0.0634268
-0.0634246
-0.0634224
-0.0634203
-0.0634181
-0.063416
-0.0634138
-0.0634117
-0.0634096
-0.0634074
-0.0634053
-0.0634032
-0.0634011
-0.063399
-0.0633969
-0.0633948
-0.0633927
-0.0633906
-0.0633885
-0.0633864
-0.0633843
-0.0633822
-0.0633802
-0.0633781
-0.063376
-0.063374
-0.0633719
-0.0633699
-0.0633678
-0.0633658
-0.0633638
-0.0633617
-0.0633597
-0.0633577
-0.0633557
-0.0633537
-0.0633516
-0.0633496
-0.0633476
-0.0633456
-0.0633436
-0.0633417
-0.0633397
-0.0633377
-0.0633357
-0.0633338
-0.0633318
-0.0633298
-0.0633279
-0.0633259
-0.063324
-0.063322
-0.0633201
-0.0633181
-0.0633162
-0.0633143
-0.0633123
-0.0633104
-0.0633085
-0.0633066
-0.0633047
-0.0633028
-0.0633009
-0.063299
-0.0632971
-0.0632952
-0.0632933
-0.0632914
-0.0632896
-0.0632877
-0.0632858
-0.063284
-0.0632821
-0.0632802
-0.0632784
-0.0632765
-0.0632747
-0.0632729
-0.063271
-0.0632692
-0.0632674
-0.0632655
-0.0632637
-0.0632619
-0.0632601
-0.0632583
-0.0632565
-0.0632547
-0.0632529
-0.0632511
-0.0632493
-0.0632475
-0.0632457
-0.0632439
-0.0632422
-0.0632404
-0.0632386
-0.0632369
-0.0632351
-0.0632333
-0.0632316
-0.0632298
-0.0632281
-0.0632264
-0.0632246
-0.0632229
-0.0632212
-0.0632194
-0.0632177
-0.063216
-0.0632143
-0.0632126
-0.0632109
-0.0632091
-0.0632074
-0.0632057
-0.0632041
-0.0632024
-0.0632007
-0.063199
-0.0631973
-0.0631956
-0.063194
-0.0631923
-0.0631906
-0.063189
-0.0631873
-0.0631857
-0.063184
-0.0631824
-0.0631807
-0.0631791
-0.0631774
-0.0631758
-0.0631742
-0.0631726
-0.0631709
-0.0631693
-0.0631677
-0.0631661
-0.0631645
-0.0631629
-0.0631613
-0.0631597
-0.0631581
-0.0631565
-0.0631549
-0.0631533
-0.0631517
-0.0631502
-0.0631486
-0.063147
-0.0631454
-0.0631439
-0.0631423
-0.0631408
-0.0631392
-0.0631376
-0.0631361
-0.0631346
-0.063133
-0.0631315
-0.0631299
-0.0631284
-0.0631269
-0.0631254
-0.0631238
-0.0631223
-0.0631208
-0.0631193
-0.0631178
-0.0631163
-0.0631148
-0.0631133
-0.0631118
-0.0631103
-0.0631088
-0.0631073
-0.0631058
-0.0631043
-0.0631029
-0.0631014
-0.0630999
-0.0630984
-0.063097
-0.0630955
-0.0630941
-0.0630926
-0.0630911
-0.0630897
-0.0630883
-0.0630868
-0.0630854
-0.0630839
-0.0630825
-0.0630811
-0.0630796
-0.0630782
-0.0630768
-0.0630754
-0.063074
-0.0630725
-0.0630711
-0.0630697
-0.0630683
-0.0630669
-0.0630655
-0.0630641
-0.0630627
-0.0630613
-0.06306
-0.0630586
-0.0630572
-0.0630558
-0.0630544
-0.0630531
-0.0630517
-0.0630503
-0.063049
-0.0630476
-0.0630463
-0.0630449
-0.0630436
-0.0630422
-0.0630409
-0.0630395
-0.0630382
-0.0630368
-0.0630355
-0.0630342
-0.0630328
-0.0630315
-0.0630302
-0.0630289
-0.0630276
-0.0630262
-0.0630249
-0.0630236
-0.0630223
-0.063021
-0.0630197
-0.0630184
-0.0630171
-0.0630158
-0.0630145
-0.0630133
-0.063012
-0.0630107
-0.0630094
-0.0630081
-0.0630069
-0.0630056
-0.0630043
-0.0630031
-0.0630018
-0.0630005
-0.0629993
-0.062998
-0.0629968
-0.0629955
-0.0629943
-0.062993
-0.0629918
-0.0629905
-0.0629893
-0.0629881
-0.0629868
-0.0629856
-0.0629844
-0.0629832
-0.062982
-0.0629807
-0.0629795
-0.0629783
-0.0629771
-0.0629759
-0.0629747
-0.0629735
-0.0629723
-0.0629711
-0.0629699
-0.0629687
-0.0629675
-0.0629663
-0.0629651
-0.062964
-0.0629628
-0.0629616
-0.0629604
-0.0629592
-0.0629581
-0.0629569
-0.0629557
-0.0629546
-0.0629534
-0.0629523
-0.0629511
-0.06295
-0.0629488
-0.0629477
-0.0629465
-0.0629454
-0.0629442
-0.0629431
-0.062942
-0.0629408
-0.0629397
-0.0629386
-0.0629374
-0.0629363
-0.0629352
-0.0629341
-0.062933
-0.0629318
-0.0629307
-0.0629296
-0.0629285
-0.0629274
-0.0629263
-0.0629252
-0.0629241
-0.062923
-0.0629219
-0.0629208
-0.0629197
-0.0629187
-0.0629176
-0.0629165
-0.0629154
-0.0629143
-0.0629133
-0.0629122
-0.0629111
-0.06291
-0.062909
-0.0629079
-0.0629069
-0.0629058
-0.0629047
-0.0629037
-0.0629026
-0.0629016
-0.0629005
-0.0628995
-0.0628984
-0.0628974
-0.0628964
-0.0628953
-0.0628943
-0.0628933
-0.0628922
-0.0628912
-0.0628902
-0.0628892
-0.0628881
-0.0628871
-0.0628861
-0.0628851
-0.0628841
-0.0628831
-0.062882
-0.062881
-0.06288
-0.062879
-0.062878
-0.062877
-0.062876
-0.062875
-0.0628741
-0.0628731
-0.0628721
-0.0628711
-0.0628701
-0.0628691
-0.0628681
-0.0628672
-0.0628662
-0.0628652
-0.0628642
-0.0628633
-0.0628623
-0.0628613
-0.0628604
-0.0628594
-0.0628585
-0.0628575
-0.0628565
-0.0628556
-0.0628546
-0.0628537
-0.0628528
-0.0628518
-0.0628509
-0.0628499
-0.062849
-0.062848
-0.0628471
-0.0628462
-0.0628452
-0.0628443
-0.0628434
-0.0628425
-0.0628415
-0.0628406
-0.0628397
-0.0628388
-0.0628379
-0.062837
-0.062836
-0.0628351
-0.0628342
-0.0628333
-0.0628324
-0.0628315
-0.0628306
-0.0628297
-0.0628288
-0.0628279
-0.062827
-0.0628261
-0.0628253
-0.0628244
-0.0628235
-0.0628226
-0.0628217
-0.0628208
-0.06282
-0.0628191
-0.0628182
-0.0628173
-0.0628165
-0.0628156
-0.0628147
-0.0628139
-0.062813
-0.0628121
-0.0628113
-0.0628104
-0.0628096
-0.0628087
-0.0628079
-0.062807
-0.0628062
-0.0628053
-0.0628045
-0.0628036
-0.0628028
-0.0628019
-0.0628011
-0.0628003
-0.0627994
-0.0627986
-0.0627978
-0.0627969
-0.0627961
-0.0627953
-0.0627945
-0.0627936
-0.0627928
-0.062792
-0.0627912
-0.0627904
-0.0627896
-0.0627888
-0.0627879
-0.0627871
-0.0627863
-0.0627855
-0.0627847
-0.0627839
-0.0627831
-0.0627823
-0.0627815
-0.0627807
-0.0627799
-0.0627791
-0.0627784
-0.0627776
-0.0627768
-0.062776
-0.0627752
-0.0627744
-0.0627737
-0.0627729
-0.0627721
-0.0627713
-0.0627706
-0.0627698
-0.062769
-0.0627682
-0.0627675
-0.0627667
-0.062766
-0.0627652
-0.0627644
-0.0627637
-0.0627629
-0.0627622
-0.0627614
-0.0627606
-0.0627599
-0.0627591
-0.0627584
-0.0627577
-0.0627569
-0.0627562
-0.0627554
-0.0627547
-0.0627539
-0.0627532
-0.0627525
-0.0627517
-0.062751
-0.0627503
-0.0627495
-0.0627488
-0.0627481
-0.0627474
-0.0627466
-0.0627459
-0.0627452
-0.0627445
-0.0627438
-0.062743
-0.0627423
-0.0627416
-0.0627409
-0.0627402
-0.0627395
-0.0627388
-0.0627381
-0.0627374
-0.0627367
-0.062736
-0.0627353
-0.0627346
-0.0627339
-0.0627332
-0.0627325
-0.0627318
-0.0627311
-0.0627304
-0.0627297
-0.062729
-0.0627284
-0.0627277
-0.062727
-0.0627263
-0.0627256
-0.062725
-0.0627243
-0.0627236
-0.0627229
-0.0627223
-0.0627216
-0.0627209
-0.0627203
-0.0627196
-0.0627189
-0.0627183
-0.0627176
-0.0627169
-0.0627163
-0.0627156
-0.062715
-0.0627143
-0.0627137
-0.062713
-0.0627124
-0.0627117
-0.0627111
-0.0627104
-0.0627098
-0.0627091
-0.0627085
-0.0627078
-0.0627072
-0.0627066
-0.0627059
-0.0627053
-0.0627046
-0.062704
-0.0627034
-0.0627028
-0.0627021
-0.0627015
-0.0627009
-0.0627002
-0.0626996
-0.062699
-0.0626984
-0.0626978
-0.0626971
-0.0626965
-0.0626959
-0.0626953
-0.0626947
-0.0626941
-0.0626934
-0.0626928
-0.0626922
-0.0626916
-0.062691
-0.0626904
-0.0626898
-0.0626892
-0.0626886
-0.062688
-0.0626874
-0.0626868
-0.0626862
-0.0626856
-0.062685
-0.0626844
-0.0626838
-0.0626833
-0.0626827
-0.0626821
-0.0626815
-0.0626809
-0.0626803
-0.0626797
-0.0626792
-0.0626786
-0.062678
-0.0626774
-0.0626768
-0.0626763
-0.0626757
-0.0626751
-0.0626746
-0.062674
-0.0626734
-0.0626728
-0.0626723
-0.0626717
-0.0626711
-0.0626706
-0.06267
-0.0626695
-0.0626689
-0.0626683
-0.0626678
-0.0626672
-0.0626667
-0.0626661
-0.0626656
-0.062665
-0.0626645
-0.0626639
-0.0626634
-0.0626628
-0.0626623
-0.0626617
-0.0626612
-0.0626606
-0.0626601
-0.0626596
-0.062659
-0.0626585
-0.062658
-0.0626574
-0.0626569
-0.0626563
-0.0626558
-0.0626553
-0.0626548
-0.0626542
-0.0626537
-0.0626532
-0.0626526
-0.0626521
-0.0626516
-0.0626511
-0.0626506
-0.06265
-0.0626495
-0.062649
-0.0626485
-0.062648
-0.0626475
-0.0626469
-0.0626464
-0.0626459
-0.0626454
-0.0626449
-0.0626444
-0.0626439
-0.0626434
-0.0626429
-0.0626424
-0.0626419
-0.0626414
-0.0626409
-0.0626404
-0.0626399
-0.0626394
-0.0626389
-0.0626384
-0.0626379
-0.0626374
-0.0626369
-0.0626364
-0.0626359
-0.0626354
-0.0626349
-0.0626344
-0.062634
-0.0626335
-0.062633
-0.0626325
-0.062632
-0.0626315
-0.0626311
-0.0626306
-0.0626301
-0.0626296
-0.0626291
-0.0626287
-0.0626282
-0.0626277
-0.0626273
-0.0626268
-0.0626263
-0.0626258
-0.0626254
-0.0626249
-0.0626244
-0.062624
-0.0626235
-0.062623
-0.0626226
-0.0626221
-0.0626217
-0.0626212
-0.0626207
-0.0626203
-0.0626198
-0.0626194
-0.0626189
-0.0626185
-0.062618
-0.0626176
-0.0626171
-0.0626167
-0.0626162
-0.0626158
-0.0626153
-0.0626149
-0.0626144
-0.062614
-0.0626135
-0.0626131
-0.0626127
-0.0626122
-0.0626118
-0.0626113
-0.0626109
-0.0626105
-0.06261
-0.0626096
-0.0626092
-0.0626087
-0.0626083
-0.0626079
-0.0626074
-0.062607
-0.0626066
-0.0626061
-0.0626057
-0.0626053
-0.0626049
-0.0626044
-0.062604
-0.0626036
-0.0626032
-0.0626027
-0.0626023
-0.0626019
-0.0626015
-0.0626011
-0.0626007
-0.0626002
-0.0625998
-0.0625994
-0.062599
-0.0625986
-0.0625982
-0.0625978
-0.0625974
-0.0625969
-0.0625965
-0.0625961
-0.0625957
-0.0625953
-0.0625949
-0.0625945
-0.0625941
-0.0625937
-0.0625933
-0.0625929
-0.0625925
-0.0625921
-0.0625917
-0.0625913
-0.0625909
-0.0625905
-0.0625901
-0.0625897
-0.0625893
-0.0625889
-0.0625886
-0.0625882
-0.0625878
-0.0625874
-0.062587
-0.0625866
-0.0625862
-0.0625858
-0.0625855
-0.0625851
-0.0625847
-0.0625843
-0.0625839
-0.0625835
-0.0625832
-0.0625828
-0.0625824
-0.062582
-0.0625817
-0.0625813
-0.0625809
-0.0625805
-0.0625802
-0.0625798
-0.0625794
-0.062579
-0.0625787
-0.0625783
-0.0625779
-0.0625776
-0.0625772
-0.0625768
-0.0625765
-0.0625761
-0.0625757
-0.0625754
-0.062575
-0.0625746
-0.0625743
-0.0625739
-0.0625736
-0.0625732
-0.0625728
-0.0625725
-0.0625721
-0.0625718
-0.0625714
-0.0625711
-0.0625707
-0.0625704
-0.06257
-0.0625697
-0.0625693
-0.062569
-0.0625686
-0.0625683
-0.0625679
-0.0625676
-0.0625672
-0.0625669
-0.0625665
-0.0625662
-0.0625658
-0.0625655
-0.0625652
-0.0625648
-0.0625645
-0.0625641
-0.0625638
-0.0625635
-0.0625631
-0.0625628
-0.0625624
-0.0625621
-0.0625618
-0.0625614
-0.0625611
-0.0625608
-0.0625604
-0.0625601
-0.0625598
-0.0625594
-0.0625591
-0.0625588
-0.0625585
-0.0625581
-0.0625578
-0.0625575
-0.0625572
-0.0625568
-0.0625565
-0.0625562
-0.0625559
-0.0625555
-0.0625552
-0.0625549
-0.0625546
-0.0625543
-0.0625539
-0.0625536
-0.0625533
-0.062553
-0.0625527
-0.0625524
-0.062552
-0.0625517
-0.0625514
-0.0625511
-0.0625508
-0.0625505
-0.0625502
-0.0625499
-0.0625495
-0.0625492
-0.0625489
-0.0625486
-0.0625483
-0.062548
-0.0625477
-0.0625474
-0.0625471
-0.0625468
-0.0625465
-0.0625462
-0.0625459
-0.0625456
-0.0625453
-0.062545
-0.0625447
-0.0625444
-0.0625441
-0.0625438
-0.0625435
-0.0625432
-0.0625429
-0.0625426
-0.0625423
-0.062542
-0.0625417
-0.0625414
-0.0625411
-0.0625408
-0.0625406
-0.0625403
-0.06254
-0.0625397
-0.0625394
-0.0625391
-0.0625388
-0.0625385
-0.0625383
-0.062538
-0.0625377
-0.0625374
-0.0625371
-0.0625368
-0.0625366
-0.0625363
-0.062536
-0.0625357
-0.0625354
-0.0625351
-0.0625349
-0.0625346
-0.0625343
-0.062534
-0.0625338
-0.0625335
-0.0625332
-0.0625329
-0.0625327
-0.0625324
-0.0625321
-0.0625318
-0.0625316
-0.0625313
-0.062531
-0.0625308
-0.0625305
-0.0625302
-0.06253
-0.0625297
-0.0625294
-0.0625291
-0.0625289
-0.0625286
-0.0625284
-0.0625281
-0.0625278
-0.0625276
-0.0625273
-0.062527
-0.0625268
-0.0625265
-0.0625263
-0.062526
-0.0625257
-0.0625255
-0.0625252
-0.062525
-0.0625247
-0.0625244
-0.0625242
-0.0625239
-0.0625237
-0.0625234
-0.0625232
-0.0625229
-0.0625227
-0.0625224
-0.0625222
-0.0625219
-0.0625217
-0.0625214
-0.0625211
-0.0625209
-0.0625207
-0.0625204
-0.0625202
-0.0625199
-0.0625197
-0.0625194
-0.0625192
-0.0625189
-0.0625187
-0.0625184
-0.0625182
-0.0625179
-0.0625177
-0.0625175
-0.0625172
-0.062517
-0.0625167
-0.0625165
-0.0625163
-0.062516
-0.0625158
-0.0625155
-0.0625153
-0.0625151
-0.0625148
-0.0625146
-0.0625144
-0.0625141
-0.0625139
-0.0625137
-0.0625134
-0.0625132
-0.062513
-0.0625127
-0.0625125
-0.0625123
-0.062512
-0.0625118
-0.0625116
-0.0625113
-0.0625111
-0.0625109
-0.0625106
-0.0625104
-0.0625102
-0.06251
-0.0625097
-0.0625095
-0.0625093
-0.0625091
-0.0625088
-0.0625086
-0.0625084
-0.0625082
-0.0625079
-0.0625077
-0.0625075
-0.0625073
-0.0625071
-0.0625068
-0.0625066
-0.0625064
-0.0625062
-0.062506
-0.0625057
-0.0625055
-0.0625053
-0.0625051
-0.0625049
-0.0625047
-0.0625045
-0.0625042
-0.062504
-0.0625038
-0.0625036
-0.0625034
-0.0625032
-0.062503
-0.0625027
-0.0625025
-0.0625023
-0.0625021
-0.0625019
-0.0625017
-0.0625015
-0.0625013
-0.0625011
-0.0625009
-0.0625007
-0.0625004
-0.0625002
-0.0625
-0.0624998
-0.0624996
-0.0624994
-0.0624992
-0.062499
-0.0624988
-0.0624986
-0.0624984
-0.0624982
-0.062498
-0.0624978
-0.0624976
-0.0624974
-0.0624972
-0.062497
-0.0624968
-0.0624966
-0.0624964
-0.0624962
-0.062496
-0.0624958
-0.0624956
-0.0624954
-0.0624952
-0.062495
-0.0624948
-0.0624946
-0.0624944
-0.0624942
-0.0624941
-0.0624939
-0.0624937
-0.0624935
-0.0624933
-0.0624931
-0.0624929
-0.0624927
-0.0624925
-0.0624923
-0.0624921
-0.062492
-0.0624918
-0.0624916
-0.0624914
-0.0624912
-0.062491
-0.0624908
-0.0624906
-0.0624905
-0.0624903
-0.0624901
-0.0624899
-0.0624897
-0.0624895
-0.0624893
-0.0624892
-0.062489
-0.0624888
-0.0624886
-0.0624884
-0.0624883
-0.0624881
-0.0624879
-0.0624877
-0.0624875
-0.0624874
-0.0624872
-0.062487
-0.0624868
-0.0624866
-0.0624865
-0.0624863
-0.0624861
-0.0624859
-0.0624858
-0.0624856
-0.0624854
-0.0624852
-0.0624851
-0.0624849
-0.0624847
-0.0624845
-0.0624844
-0.0624842
-0.062484
-0.0624838
-0.0624837
-0.0624835
-0.0624833
-0.0624832
-0.062483
-0.0624828
-0.0624826
-0.0624825
-0.0624823
-0.0624821
-0.062482
-0.0624818
-0.0624816
-0.0624815
-0.0624813
-0.0624811
-0.062481
-0.0624808
-0.0624806
-0.0624805
-0.0624803
-0.0624801
-0.06248
-0.0624798
-0.0624797
-0.0624795
-0.0624793
-0.0624792
-0.062479
-0.0624788
-0.0624787
-0.0624785
-0.0624784
-0.0624782
-0.062478
-0.0624779
-0.0624777
-0.0624776
-0.0624774
-0.0624772
-0.0624771
-0.0624769
-0.0624768
-0.0624766
-0.0624765
-0.0624763
-0.0624761
-0.062476
-0.0624758
-0.0624757
-0.0624755
-0.0624754
-0.0624752
-0.0624751
-0.0624749
-0.0624748
-0.0624746
-0.0624744
-0.0624743
-0.0624741
-0.062474
-0.0624738
-0.0624737
-0.0624735
-0.0624734
-0.0624732
-0.0624731
-0.0624729
-0.0624728
-0.0624726
-0.0624725
-0.0624723
-0.0624722
-0.062472
-0.0624719
-0.0624718
-0.0624716
-0.0624715
-0.0624713
-0.0624712
-0.062471
-0.0624709
-0.0624707
-0.0624706
-0.0624704
-0.0624703
-0.0624702
-0.06247
-0.0624699
-0.0624697
-0.0624696
-0.0624694
-0.0624693
-0.0624692
-0.062469
-0.0624689
-0.0624687
-0.0624686
-0.0624685
-0.0624683
-0.0624682
-0.062468
-0.0624679
-0.0624678
-0.0624676
-0.0624675
-0.0624674
-0.0624672
-0.0624671
-0.0624669
-0.0624668
-0.0624667
-0.0624665
-0.0624664
-0.0624663
-0.0624661
-0.062466
-0.0624659
-0.0624657
-0.0624656
-0.0624655
-0.0624653
-0.0624652
-0.0624651
-0.0624649
-0.0624648
-0.0624647
-0.0624645
-0.0624644
-0.0624643
-0.0624641
-0.062464
-0.0624639
-0.0624637
-0.0624636
-0.0624635
-0.0624634
-0.0624632
-0.0624631
-0.062463
-0.0624628
-0.0624627
-0.0624626
-0.0624625
-0.0624623
-0.0624622
-0.0624621
-0.0624619
-0.0624618
-0.0624617
-0.0624616
-0.0624614
-0.0624613
-0.0624612
-0.0624611
-0.0624609
-0.0624608
-0.0624607
-0.0624606
-0.0624604
-0.0624603
-0.0624602
-0.0624601
-0.06246
-0.0624598
-0.0624597
-0.0624596
-0.0624595
-0.0624594
-0.0624592
-0.0624591
-0.062459
-0.0624589
-0.0624587
-0.0624586
-0.0624585
-0.0624584
-0.0624583
-0.0624582
-0.062458
-0.0624579
-0.0624578
-0.0624577
-0.0624576
-0.0624574
-0.0624573
-0.0624572
-0.0624571
-0.062457
-0.0624569
-0.0624568
-0.0624566
-0.0624565
-0.0624564
-0.0624563
-0.0624562
-0.0624561
-0.0624559
-0.0624558
-0.0624557
-0.0624556
-0.0624555
-0.0624554
-0.0624553
-0.0624552
-0.062455
-0.0624549
-0.0624548
-0.0624547
-0.0624546
-0.0624545
-0.0624544
-0.0624543
-0.0624542
-0.062454
-0.0624539
-0.0624538
-0.0624537
-0.0624536
-0.0624535
-0.0624534
-0.0624533
-0.0624532
-0.0624531
-0.062453
-0.0624529
-0.0624527
-0.0624526
-0.0624525
-0.0624524
-0.0624523
-0.0624522
-0.0624521
-0.062452
-0.0624519
-0.0624518
-0.0624517
-0.0624516
-0.0624515
-0.0624514
-0.0624513
-0.0624512
-0.0624511
-0.062451
-0.0624509
-0.0624508
-0.0624506
-0.0624505
-0.0624504
-0.0624503
-0.0624502
-0.0624501
-0.06245
-0.0624499
-0.0624498
-0.0624497
-0.0624496
-0.0624495
-0.0624494
-0.0624493
-0.0624492
-0.0624491
-0.062449
-0.0624489
-0.0624488
-0.0624487
-0.0624486
-0.0624485
-0.0624484
-0.0624483
-0.0624482
-0.0624481
-0.062448
-0.062448
-0.0624479
-0.0624478
-0.0624477
-0.0624476
-0.0624475
-0.0624474
-0.0624473
-0.0624472
-0.0624471
-0.062447
-0.0624469
-0.0624468
-0.0624467
-0.0624466
-0.0624465
-0.0624464
-0.0624463
-0.0624462
-0.0624461
-0.062446
-0.062446
-0.0624459
-0.0624458
-0.0624457
-0.0624456
-0.0624455
-0.0624454
-0.0624453
-0.0624452
-0.0624451
-0.062445
-0.0624449
-0.0624449
-0.0624448
-0.0624447
-0.0624446
-0.0624445
-0.0624444
-0.0624443
-0.0624442
-0.0624441
-0.062444
-0.062444
-0.0624439
-0.0624438
-0.0624437
-0.0624436
-0.0624435
-0.0624434
-0.0624433
-0.0624433
-0.0624432
-0.0624431
-0.062443
-0.0624429
-0.0624428
-0.0624427
-0.0624426
-0.0624426
-0.0624425
-0.0624424
-0.0624423
-0.0624422
-0.0624421
-0.062442
-0.062442
-0.0624419
-0.0624418
-0.0624417
-0.0624416
-0.0624415
-0.0624415
-0.0624414
-0.0624413
-0.0624412
-0.0624411
-0.062441
-0.062441
-0.0624409
-0.0624408
-0.0624407
-0.0624406
-0.0624405
-0.0624405
-0.0624404
-0.0624403
-0.0624402
-0.0624401
-0.0624401
-0.06244
-0.0624399
-0.0624398
-0.0624397
-0.0624397
-0.0624396
-0.0624395
-0.0624394
-0.0624393
-0.0624393
-0.0624392
-0.0624391
-0.062439
-0.0624389
-0.0624389
-0.0624388
-0.0624387
-0.0624386
-0.0624386
-0.0624385
-0.0624384
-0.0624383
-0.0624382
-0.0624382
-0.0624381
-0.062438
-0.0624379
-0.0624379
-0.0624378
-0.0624377
-0.0624376
-0.0624376
-0.0624375
-0.0624374
-0.0624373
-0.0624373
-0.0624372
-0.0624371
-0.062437
-0.062437
-0.0624369
-0.0624368
-0.0624367
-0.0624367
-0.0624366
-0.0624365
-0.0624364
-0.0624364
-0.0624363
-0.0624362
-0.0624362
-0.0624361
-0.062436
-0.0624359
-0.0624359
-0.0624358
-0.0624357
-0.0624357
-0.0624356
-0.0624355
-0.0624354
-0.0624354
-0.0624353
-0.0624352
-0.0624352
-0.0624351
-0.062435
-0.0624349
-0.0624349
-0.0624348
-0.0624347
-0.0624347
-0.0624346
-0.0624345
-0.0624345
-0.0624344
-0.0624343
-0.0624343
-0.0624342
-0.0624341
-0.062434
-0.062434
-0.0624339
-0.0624338
-0.0624338
-0.0624337
-0.0624336
-0.0624336
-0.0624335
-0.0624334
-0.0624334
-0.0624333
-0.0624332
-0.0624332
-0.0624331
-0.062433
-0.062433
-0.0624329
-0.0624328
-0.0624328
-0.0624327
-0.0624326
-0.0624326
-0.0624325
-0.0624325
-0.0624324
-0.0624323
-0.0624323
-0.0624322
-0.0624321
-0.0624321
-0.062432
-0.0624319
-0.0624319
-0.0624318
-0.0624317
-0.0624317
-0.0624316
-0.0624316
-0.0624315
-0.0624314
-0.0624314
-0.0624313
-0.0624312
-0.0624312
-0.0624311
-0.0624311
-0.062431
-0.0624309
-0.0624309
-0.0624308
-0.0624307
-0.0624307
-0.0624306
-0.0624306
-0.0624305
-0.0624304
-0.0624304
-0.0624303
-0.0624303
-0.0624302
-0.0624301
-0.0624301
-0.06243
-0.06243
-0.0624299
-0.0624298
-0.0624298
-0.0624297
-0.0624297
-0.0624296
-0.0624295
-0.0624295
-0.0624294
-0.0624294
-0.0624293
-0.0624293
-0.0624292
-0.0624291
-0.0624291
-0.062429
-0.062429
-0.0624289
-0.0624289
-0.0624288
-0.0624287
-0.0624287
-0.0624286
-0.0624286
-0.0624285
-0.0624285
-0.0624284
-0.0624283
-0.0624283
-0.0624282
-0.0624282
-0.0624281
-0.0624281
-0.062428
-0.0624279
-0.0624279
-0.0624278
-0.0624278
-0.0624277
-0.0624277
-0.0624276
-0.0624276
-0.0624275
-0.0624275
-0.0624274
-0.0624273
-0.0624273
-0.0624272
-0.0624272
-0.0624271
-0.0624271
-0.062427
-0.062427
-0.0624269
-0.0624269
-0.0624268
-0.0624268
-0.0624267
-0.0624266
-0.0624266
-0.0624265
-0.0624265
-0.0624264
-0.0624264
-0.0624263
-0.0624263
-0.0624262
-0.0624262
-0.0624261
-0.0624261
-0.062426
-0.062426
-0.0624259
-0.0624259
-0.0624258
-0.0624258
-0.0624257
-0.0624257
-0.0624256
-0.0624256
-0.0624255
-0.0624255
-0.0624254
-0.0624254
-0.0624253
-0.0624253
-0.0624252
-0.0624252
-0.0624251
-0.0624251
-0.062425
-0.062425
-0.0624249
-0.0624249
-0.0624248
-0.0624248
-0.0624247
-0.0624247
-0.0624246
-0.0624246
-0.0624245
-0.0624245
-0.0624244
-0.0624244
-0.0624243
-0.0624243
-0.0624242
-0.0624242
-0.0624241
-0.0624241
-0.062424
-0.062424
-0.062424
-0.0624239
-0.0624239
-0.0624238
-0.0624238
-0.0624237
-0.0624237
-0.0624236
-0.0624236
-0.0624235
-0.0624235
-0.0624234
-0.0624234
-0.0624233
-0.0624233
-0.0624233
-0.0624232
-0.0624232
-0.0624231
-0.0624231
-0.062423
-0.062423
-0.0624229
-0.0624229
-0.0624229
-0.0624228
-0.0624228
-0.0624227
-0.0624227
-0.0624226
-0.0624226
-0.0624225
-0.0624225
-0.0624225
-0.0624224
-0.0624224
-0.0624223
-0.0624223
-0.0624222
-0.0624222
-0.0624221
-0.0624221
-0.0624221
-0.062422
-0.062422
-0.0624219
-0.0624219
-0.0624218
-0.0624218
-0.0624218
-0.0624217
-0.0624217
-0.0624216
-0.0624216
-0.0624215
-0.0624215
-0.0624215
-0.0624214
-0.0624214
-0.0624213
-0.0624213
-0.0624213
-0.0624212
-0.0624212
-0.0624211
-0.0624211
-0.062421
-0.062421
-0.062421
-0.0624209
-0.0624209
-0.0624208
-0.0624208
-0.0624208
-0.0624207
-0.0624207
-0.0624206
-0.0624206
-0.0624206
-0.0624205
-0.0624205
-0.0624204
-0.0624204
-0.0624204
-0.0624203
-0.0624203
-0.0624202
-0.0624202
-0.0624202
-0.0624201
-0.0624201
-0.06242
-0.06242
-0.06242
-0.0624199
-0.0624199
-0.0624199
-0.0624198
-0.0624198
-0.0624197
-0.0624197
-0.0624197
-0.0624196
-0.0624196
-0.0624195
-0.0624195
-0.0624195
-0.0624194
-0.0624194
-0.0624194
-0.0624193
-0.0624193
-0.0624192
-0.0624192
-0.0624192
-0.0624191
-0.0624191
-0.0624191
-0.062419
-0.062419
-0.0624189
-0.0624189
-0.0624189
-0.0624188
-0.0624188
-0.0624188
-0.0624187
-0.0624187
-0.0624187
-0.0624186
-0.0624186
-0.0624185
-0.0624185
-0.0624185
-0.0624184
-0.0624184
-0.0624184
-0.0624183
-0.0624183
-0.0624183
-0.0624182
-0.0624182
-0.0624182
-0.0624181
-0.0624181
-0.0624181
-0.062418
-0.062418
-0.0624179
-0.0624179
-0.0624179
-0.0624178
-0.0624178
-0.0624178
-0.0624177
-0.0624177
-0.0624177
-0.0624176
-0.0624176
-0.0624176
-0.0624175
-0.0624175
-0.0624175
-0.0624174
-0.0624174
-0.0624174
-0.0624173
-0.0624173
-0.0624173
-0.0624172
-0.0624172
-0.0624172
-0.0624171
-0.0624171
-0.0624171
-0.062417
-0.062417
-0.062417
-0.0624169
-0.0624169
-0.0624169
-0.0624168
-0.0624168
-0.0624168
-0.0624167
-0.0624167
-0.0624167
-0.0624167
-0.0624166
-0.0624166
-0.0624166
-0.0624165
-0.0624165
-0.0624165
-0.0624164
-0.0624164
-0.0624164
-0.0624163
-0.0624163
-0.0624163
-0.0624162
-0.0624162
-0.0624162
-0.0624161
-0.0624161
-0.0624161
-0.0624161
-0.062416
-0.062416
-0.062416
-0.0624159
-0.0624159
-0.0624159
-0.0624158
-0.0624158
-0.0624158
-0.0624158
-0.0624157
-0.0624157
-0.0624157
-0.0624156
-0.0624156
-0.0624156
-0.0624155
-0.0624155
-0.0624155
-0.0624155
-0.0624154
-0.0624154
-0.0624154
-0.0624153
-0.0624153
-0.0624153
-0.0624152
-0.0624152
-0.0624152
