751.555
432.783
231.126
129.471
95.1919
314.413
60.7205
267.538
61.8871
233.916
59.7675
202.393
55.2718
171.835
31.325
160.093
32.706
129.836
34.3583
105.979
39.4385
75.8758
54.6432
50.9683
57.9682
48.2438
44.932
46.771
44.5949
41.2071
39.7525
39.2224
38.0894
36.5075
35.2276
34.2371
33.5502
32.6319
31.7272
30.8876
30.1634
29.5326
28.8446
28.2998
27.7346
27.183
26.5875
26.1598
25.6382
25.1645
24.7819
24.3533
23.9952
23.5483
23.1963
22.8994
22.4841
22.2708
21.8798
21.5501
21.3255
20.9821
20.7735
20.484
20.181
19.9875
19.7848
19.4839
19.362
19.0695
18.8569
18.5608
18.4368
18.2003
18.0881
17.8609
17.7329
17.5198
17.287
17.1525
17.0286
16.8004
16.6564
16.5396
16.383
16.1731
16.1081
15.9426
15.9006
15.6606
15.6099
15.4076
15.4026
15.182
15.1289
14.9829
14.9131
14.7511
14.7463
14.6026
14.5453
14.4779
14.3268
14.3333
14.1938
14.2006
14.0581
14.0484
13.9093
13.9238
13.834
13.8374
13.7436
13.7706
13.6845
13.6406
13.6309
13.6334
13.5589
13.5546
13.5668
13.49
13.4866
13.4885
13.5669
13.4977
13.4896
13.4936
13.5504
13.4919
13.5693
13.4903
13.5625
13.5439
13.5422
13.6497
13.6344
13.7122
13.7155
13.77
13.7923
13.8716
13.8531
13.9106
13.9398
13.9283
13.9919
14.0862
14.0732
14.2273
14.2957
14.4567
14.5308
14.6089
14.5335
14.538
14.3657
14.305
14.3136
14.5258
15.0438
15.712
16.5132
16.8234
16.0775
14.3046
12.0069
9.53276
12.7624
13.783
16.0049
51.1698
26.8712
8.88325
1.60779
17.6917
18.1396
14.5529
13.1967
12.7724
12.7761
12.9168
13.2114
13.593
13.9352
14.2357
14.6066
14.7435
100.116
12.9102
1.82914
19.1545
20.1896
15.3191
14.0204
13.7292
13.8627
14.2966
14.9774
15.4758
16.1477
16.5018
16.9718
17.0983
17.2488
17.2523
17.2507
17.1891
97.1279
10.4211
2.19387
27.5623
19.6671
16.3744
15.5553
15.546
16.0951
16.8192
17.4672
18.1349
18.5554
18.925
19.084
19.0863
19.0092
19.0071
18.8651
18.8122
91.1229
7.25725
2.47817
33.2829
20.0295
17.4538
17.0331
17.2412
17.9743
18.7058
19.4577
19.9631
20.2648
20.333
20.402
20.3262
20.2028
20.1072
20.0012
19.9638
19.9757
19.8795
19.8985
84.5867
2.33465
11.2128
31.5752
20.597
18.4279
18.117
18.4904
19.152
19.8907
20.49
20.8317
21.0624
21.069
21.0085
20.8103
20.7571
20.6308
20.5496
20.4897
20.3319
20.3161
20.2376
20.2518
20.1062
20.0989
20.1037
20.0125
19.9639
19.9691
19.8813
19.8211
19.8213
19.7472
19.7482
19.6894
19.5981
19.5694
19.5037
19.5312
19.4352
19.3526
19.3725
19.2968
19.2322
19.2268
19.0829
19.0697
18.9998
19.0045
18.8768
18.864
18.7939
18.7059
18.6356
18.562
18.4894
18.4246
18.3607
18.3362
18.183
18.1369
18.063
17.9775
17.8928
17.8599
17.6818
17.6972
17.537
17.4503
17.4042
17.3198
17.1645
17.1196
17.0195
16.9285
16.7962
16.731
16.5785
16.5799
16.3482
16.3549
16.2182
16.1502
16.0139
15.9286
15.7669
15.695
15.6426
15.4914
15.3364
15.2641
15.191
15.0218
14.9561
14.8226
14.6811
14.5992
14.5244
14.3832
14.2314
14.1574
14.0936
13.8589
13.8705
13.7034
13.5759
13.4943
13.3582
13.1856
13.2115
12.983
12.911
12.7729
12.675
12.6142
12.3936
12.3188
12.2282
12.0935
12.0256
11.8819
11.8087
11.6532
11.4803
11.4187
11.3502
11.2094
11.1379
10.9883
10.8539
10.8473
10.6229
10.6201
10.4755
10.3321
10.2572
10.1943
10.0317
9.95937
9.81516
9.75177
9.67174
9.51177
9.44472
9.30177
9.30566
9.07296
9.07989
8.92255
8.85668
8.78801
8.63733
8.56112
8.49726
8.42149
8.26269
8.19962
8.11601
8.04997
7.91721
7.89904
7.76322
7.69397
7.60974
7.53571
7.40136
7.39767
7.24113
7.25047
7.10104
7.01807
6.94029
6.86982
6.80539
6.72429
6.65534
6.57031
6.49828
6.42341
6.43489
6.28058
6.20934
6.13535
6.04885
6.07166
5.91549
5.91028
5.83373
5.69225
5.69579
5.68896
5.54217
5.47487
5.47222
5.39718
5.31906
5.25674
5.25274
5.10937
5.11758
5.1179
4.96322
4.94885
4.8818
4.80589
4.81588
4.73504
4.66335
4.58741
4.57916
4.57932
4.43655
4.43961
4.36284
4.3697
4.29425
4.30555
4.14568
4.24367
4.08198
4.14736
4.00048
4.0034
3.99922
3.85179
3.92993
3.85242
3.77434
3.78717
3.6979
3.70845
3.62741
3.62121
3.55511
3.55986
3.54971
3.48234
3.41148
3.40795
3.40528
3.33286
3.3376
3.26097
3.25712
3.26393
3.18544
3.20369
3.11349
3.11116
3.11461
3.05451
3.05498
2.97277
2.97689
2.96648
2.96068
2.88749
2.90523
2.82059
2.81213
2.81414
2.74955
2.81801
2.67149
2.73841
2.68612
2.68255
2.67589
2.60294
2.61246
2.6217
2.60409
2.52079
2.52341
2.52329
2.45579
2.52142
2.45643
2.37011
2.45187
2.37372
2.37191
2.3801
2.3683
2.3039
2.29651
2.29128
2.30332
2.2334
2.29949
2.2314
2.22187
2.16351
2.22533
2.15196
2.16212
2.15318
2.15719
2.08185
2.15836
2.08447
2.07594
2.08526
2.00179
2.07813
2.00745
1.99695
2.01126
2.01107
2.01477
2.00772
1.93851
1.92875
1.93159
1.93706
1.93387
1.9424
1.85411
1.93122
1.86176
1.8602
1.86425
1.85692
1.85587
1.77988
1.84777
1.7798
1.77709
1.85346
1.77658
1.78353
1.70066
1.77886
1.77921
1.70805
1.70674
1.78321
1.70799
1.70028
1.71022
1.70494
1.63768
1.70402
1.71178
1.61988
1.63429
1.70647
1.62668
1.62489
1.63822
1.64048
1.62881
1.62526
1.5654
1.63084
1.55742
1.63072
1.56226
1.56531
1.55559
1.56474
1.56151
1.55989
1.56186
1.55447
1.56611
1.54763
1.48465
1.55216
1.47637
1.55784
1.48598
1.48101
1.54447
1.48695
1.47527
1.48705
1.47914
1.48807
1.47229
1.47954
1.48712
1.40219
1.47282
1.49009
1.40311
1.40081
1.47921
1.40817
1.41082
1.39969
1.50701
1.42093
1.40757
1.41425
1.40514
1.40821
1.40426
1.40307
1.39636
1.40742
1.4069
1.40135
1.40954
1.40724
1.34058
1.4086
1.34233
1.32942
1.34398
1.40021
1.33351
1.33343
1.33075
1.33841
1.3392
1.33203
1.33362
1.32977
1.33803
1.32995
1.32973
1.32712
1.32722
1.32651
1.32912
1.32659
1.33083
1.32714
1.32559
1.32043
1.3297
1.32657
1.32563
1.33034
1.32631
1.33143
1.2535
1.25246
1.2419
1.25085
1.32137
1.24695
1.25193
1.24785
1.25183
1.24853
1.24733
1.24709
1.25663
1.25333
1.25232
1.25902
1.25279
1.25718
1.25398
1.25204
1.24794
1.25679
1.25361
1.25199
1.2538
1.24765
1.2525
1.24816
1.24787
1.24291
1.25023
1.25308
1.25211
1.25636
1.25375
1.25695
1.25344
1.25193
1.24118
1.25047
1.24733
1.24618
1.25097
1.24737
1.25409
1.1742
1.174
1.16815
1.17692
1.17381
1.17235
1.17894
1.17433
1.17927
1.17747
1.17286
1.1677
1.1769
1.17429
1.17211
1.1774
1.17377
1.17803
1.17494
1.1741
1.16915
1.17807
1.17377
1.17238
1.17875
1.17361
1.1787
1.17453
1.17466
1.16839
1.17629
1.17414
1.17271
1.1791
1.17424
1.17868
1.17505
1.17316
1.16888
1.17796
1.174
1.17215
1.17723
1.17435
1.17829
1.17473
1.17365
1.16838
1.17756
1.17786
1.17462
1.17743
1.17395
1.17808
1.17462
1.17861
1.17329
1.18213
1.17878
1.17853
1.18467
1.17954
1.18433
1.18006
1.17302
1.16864
1.17692
1.1733
1.17202
1.17774
1.1746
1.17852
1.17499
1.17469
1.09437
1.10415
1.10157
1.0995
1.10502
1.10015
1.1052
1.10121
1.09912
1.08909
1.09784
1.09537
1.09367
1.09844
1.09574
1.09922
1.09572
1.09669
1.08969
1.10047
1.09554
1.09323
1.0993
1.09516
1.09936
1.09641
1.09562
1.09046
1.09961
1.09873
1.09475
1.09844
1.09488
1.09963
1.09591
1.09416
1.08897
1.0995
1.09534
1.09371
1.09853
1.09572
1.09933
1.0964
1.09586
1.08972
1.09859
1.09564
1.09444
1.09932
1.0958
1.09908
1.09553
1.09489
1.08882
1.0982
1.09515
1.09438
1.09886
1.09498
1.09918
1.09807
1.0952
1.08851
1.09906
1.09546
1.09364
1.09837
1.09549
1.09972
1.09652
1.09496
1.09067
1.09854
1.0954
1.09372
1.09941
1.09544
1.09967
1.09614
1.0944
1.08865
1.09844
1.09512
1.0938
1.09825
1.09532
1.09933
1.09556
1.09526
1.09025
1.09859
1.09494
1.09386
1.09995
1.0952
1.09968
1.09585
1.09499
1.08928
1.0978
1.0951
1.09367
1.09894
1.09512
1.10327
1.09661
1.09576
1.08975
1.09862
1.09513
1.09306
1.09862
1.09536
1.09955
1.09556
1.09581
1.08936
1.09815
1.09539
1.09392
1.09933
1.09473
1.10035
1.09557
1.09458
1.08913
1.09834
1.09539
1.09325
1.09988
1.09523
1.09896
1.09577
1.09497
1.08867
1.09882
1.09593
1.09359
1.0993
1.09491
1.09949
1.09574
1.09511
1.08932
1.09785
1.09494
1.09376
1.09907
1.09821
1.10028
1.09629
1.09375
1.08938
1.0982
1.09514
1.09412
1.09895
1.09533
1.09947
1.09677
1.0954
1.08886
1.09872
1.09575
1.09316
1.09973
1.0952
1.10014
1.09606
1.09542
1.09034
1.09853
1.09513
1.09455
1.09988
1.09531
1.09964
1.09585
1.09508
1.08988
1.09884
1.09542
1.09398
1.09826
1.09585
1.09935
1.09612
1.09465
1.08926
1.09812
1.09529
1.09441
1.10204
1.09555
1.09965
1.09609
1.09485
1.08878
1.0983
1.09501
1.09335
1.0985
1.09561
1.10052
1.09655
1.09475
1.08881
1.09819
1.09608
1.09385
1.09891
1.09554
1.09895
1.09573
1.09701
1.08995
1.09884
1.09554
1.09355
1.09995
1.09477
1.0997
1.09642
1.09475
1.08909
1.09844
1.09546
1.09378
1.09934
1.09455
1.09944
1.09589
1.09491
1.08935
1.09855
1.09561
1.09566
1.0948
1.0894
1.0939
1.09013
1.08929
1.08389
1.09267
1.08951
1.08835
1.09344
1.09116
1.09409
1.09093
1.08896
1.0831
1.09291
1.08969
1.08772
1.09291
1.08967
1.09363
1.09109
1.08983
1.08386
1.09342
1.08929
1.08806
1.09376
1.08933
1.09316
1.0904
1.08931
1.08455
1.09282
1.08974
1.08891
1.09352
1.09043
1.0947
1.09074
1.08828
1.08311
1.09316
1.09352
1.08831
1.09325
1.08955
1.09434
1.09046
1.08932
1.0834
1.09353
1.09024
1.08805
1.09645
1.08973
1.0938
1.09114
1.08857
1.08443
1.09316
1.0904
1.08783
1.09317
1.08958
1.0942
1.09055
1.0892
1.08364
1.09429
1.09026
1.08827
1.09386
1.08988
1.09366
1.09085
1.09028
1.08511
1.09265
1.09027
1.08944
1.09445
1.09027
1.09434
1.09092
1.08844
1.08361
1.09604
1.08954
1.08794
1.09285
1.09005
1.09412
1.09143
1.0889
1.08324
1.09328
1.09052
1.08959
1.0944
1.0902
1.09417
1.09015
1.08875
1.0843
1.09327
1.09043
1.08804
1.09328
1.09071
1.0948
1.09034
1.08974
1.08404
1.09317
1.08996
1.08772
1.09268
1.08932
1.09394
1.09157
1.09097
1.08446
1.09308
1.0902
1.01453
1.09508
1.01627
1.09428
1.01742
1.08866
1.01076
1.02296
1.01723
1.0145
1.02085
1.01624
1.02034
1.0172
1.01629
1.01171
1.01983
1.01631
1.01512
1.02172
1.01646
1.02145
1.0171
1.01609
1.01099
1.01878
1.01642
1.01543
1.02079
1.01622
1.02139
1.01759
1.01582
1.01085
1.01996
1.01609
1.01489
1.02005
1.01626
1.02036
1.01704
1.01589
1.01029
1.01997
1.01737
1.01505
1.0206
1.01636
1.02049
1.01683
1.01513
1.0099
1.01905
1.01674
1.01883
1.02004
1.01623
1.02096
1.01645
1.01499
1.01008
1.02026
1.0166
1.01429
1.01964
1.01592
1.02107
1.01703
1.01673
1.01073
1.01982
1.0163
1.01533
1.02107
1.01628
1.02044
1.0176
1.01564
1.01095
1.01961
1.01761
1.01479
1.02031
1.01612
1.02069
1.01665
1.01642
1.01043
1.0199
1.01698
1.01481
1.02081
1.01652
1.02027
1.01703
1.01608
1.01145
1.01895
1.01624
1.01537
1.02047
1.01989
1.02134
1.01779
1.01536
1.01056
1.02012
1.01621
1.01443
1.0206
1.01691
1.02032
1.01769
1.01692
1.01046
1.01938
1.01698
1.01484
1.0204
1.0164
1.02064
1.01697
1.01526
1.01035
1.01971
1.01627
1.01426
1.02073
1.01663
1.02109
1.0168
1.01563
1.01019
1.01897
1.01629
1.01409
1.02012
1.01672
1.02047
1.01696
1.01574
1.00997
1.01919
1.01753
1.01397
1.02031
1.01639
1.02053
1.0117
1.01297
1.0044
1.01406
1.01108
1.00856
1.01431
1.01085
1.01524
1.01162
1.01036
1.00473
1.01557
1.01223
1.00853
1.01452
1.01085
1.01501
1.01148
1.01072
1.00462
1.01358
1.0108
1.0098
1.01655
1.01034
1.01523
1.01181
1.01112
1.00497
1.01449
1.01078
1.00959
1.0154
1.0114
1.01482
1.01169
1.01064
1.00408
1.01418
1.01104
1.00961
1.0144
1.01063
1.015
1.01151
1.0099
1.00528
1.01767
1.01218
1.00918
1.01487
1.01066
1.01489
1.0126
1.00987
1.00519
1.0147
1.01137
1.00929
1.01616
1.01089
1.01489
1.01195
1.01051
1.00465
1.01763
1.01104
1.0096
1.01518
1.01092
1.015
1.01217
1.01029
1.00525
1.01414
1.0115
1.01029
1.01482
1.0112
1.01464
1.01162
1.01009
1.00447
1.01717
1.0105
1.0094
1.01418
1.01104
1.01525
1.01124
1.01097
1.00465
1.01416
1.01121
1.00996
1.01813
1.01085
1.01518
1.01131
1.01028
1.00459
1.01375
1.01143
1.00945
1.01372
1.01104
1.01483
1.01138
1.00994
1.00493
1.01464
1.0106
1.00986
1.01436
1.0111
1.01508
1.01154
1.01097
1.00534
1.01371
1.01126
1.00896
1.01496
1.01097
1.01498
1.01162
1.00975
1.00442
1.0142
1.01149
1.00886
1.01432
1.01098
1.0149
0.93747
1.01098
0.931658
1.01395
0.937713
1.00911
0.942121
1.01116
0.943311
1.014
0.936342
1.00446
0.940574
1.0114
0.935039
1.01418
0.937148
0.94193
0.938097
0.936837
0.931979
0.941885
0.937448
0.935324
0.941126
0.937203
0.941593
0.937968
0.93712
0.931516
0.940757
0.938025
0.936795
0.941188
0.937535
0.941654
0.937842
0.935943
0.930335
0.940433
0.937776
0.935665
0.940627
0.937271
0.941501
0.938045
0.936868
0.931318
0.941642
0.938015
0.935808
0.941928
0.937271
0.941609
0.938998
0.937446
0.931529
0.940876
0.937067
0.937041
0.944145
0.937354
0.941003
0.93829
0.936012
0.930964
0.941195
0.937995
0.935591
0.940821
0.937688
0.941549
0.938775
0.938377
0.931932
0.940915
0.93808
0.936994
0.942071
0.937749
0.941485
0.937919
0.936367
0.931358
0.940038
0.938072
0.936489
0.940655
0.93767
0.941172
0.937548
0.93632
0.931971
0.941463
0.937566
0.935422
0.941321
0.937409
0.94212
0.938264
0.937058
0.930899
0.940273
0.937467
0.936181
0.941817
0.937409
0.941383
0.937983
0.9378
0.931724
0.944155
0.937666
0.935799
0.940651
0.937337
0.941469
0.938166
0.937418
0.931418
0.940263
0.937625
0.935332
0.942433
0.938002
0.941714
0.938056
0.936277
0.931705
0.940095
0.937931
0.935662
0.94118
0.937684
0.941655
0.938227
0.937351
0.931341
0.941105
0.937699
0.935683
0.941118
0.937681
0.941258
0.937795
0.936937
0.931486
0.940652
0.937662
0.936211
0.941833
0.937308
0.941684
0.938055
0.936766
0.931103
0.941155
0.937447
0.93577
0.941043
0.937725
0.941503
0.940094
0.937739
0.931387
0.941922
0.938257
0.935624
0.941742
0.937274
0.942224
0.938083
0.937237
0.931182
0.940236
0.938402
0.936789
0.941664
0.937691
0.942037
0.937884
0.936869
0.931022
0.941248
0.937133
0.93543
0.940987
0.937237
0.941655
0.937921
0.936709
0.931735
0.940899
0.938043
0.936211
0.941662
0.937094
0.941311
0.937845
0.936571
0.931885
0.940409
0.937807
0.935627
0.94151
0.937367
0.94132
0.938083
0.93663
0.931075
0.940982
0.937947
0.936031
0.94177
0.940043
0.94149
0.937744
0.937151
0.931077
0.940401
0.937725
0.935699
0.941558
0.937424
0.941658
0.932918
0.932263
0.925758
0.934827
0.932494
0.930032
0.936042
0.93269
0.936899
0.932358
0.931521
0.925684
0.935035
0.932599
0.930164
0.935727
0.931929
0.935934
0.932573
0.931704
0.925459
0.934842
0.931669
0.930102
0.935891
0.931935
0.93616
0.933517
0.93133
0.925816
0.935123
0.93202
0.929902
0.935483
0.931666
0.935806
0.932368
0.931305
0.925359
0.936714
0.936091
0.929915
0.935739
0.931936
0.935652
0.932412
0.931436
0.925642
0.935391
0.932271
0.93017
0.936012
0.932679
0.93714
0.932993
0.931054
0.925045
0.935857
0.931774
0.92986
0.93586
0.932044
0.93608
0.932581
0.9319
0.926205
0.936393
0.932539
0.930215
0.936578
0.931805
0.936087
0.933137
0.930669
0.926181
0.935961
0.933476
0.930214
0.935315
0.932262
0.935606
0.932239
0.930937
0.92662
0.93511
0.932329
0.930537
0.936114
0.932164
0.93628
0.93244
0.93576
0.925765
0.936939
0.932504
0.930872
0.936693
0.932109
0.936282
0.932808
0.931417
0.925506
0.935769
0.932037
0.930793
0.93679
0.932437
0.93591
0.9328
0.931032
0.925621
0.935943
0.932946
0.930934
0.936302
0.932166
0.935971
0.932744
0.931577
0.926754
0.935469
0.93279
0.931292
0.936281
0.932863
0.93619
0.932554
0.931273
0.925142
0.934975
0.932547
0.930546
0.935425
0.931859
0.935872
0.932646
0.932497
0.925522
0.93542
0.932146
0.930172
0.93643
0.932446
0.938697
0.93364
0.930358
0.925099
0.935205
0.93284
0.930365
0.935445
0.93163
0.935942
0.932309
0.931787
0.926778
0.937372
0.932339
0.929914
0.936055
0.931799
0.935882
0.932638
0.933122
0.925806
0.934684
0.932444
0.930436
0.93666
0.931941
0.936404
0.932415
0.931334
0.925564
0.935566
0.932591
0.93019
0.935323
0.932082
0.935983
0.932787
0.931659
0.925924
0.935537
0.931738
0.930217
0.935899
0.931811
0.936258
0.932606
0.9314
0.925623
0.934967
0.932316
0.930743
0.939351
0.932207
0.936425
0.932704
0.931446
0.92613
0.935592
0.931866
0.930449
0.935347
0.931991
0.93602
0.932222
0.933075
0.925652
0.935702
0.931754
0.930653
0.940145
0.932028
0.936314
0.932766
0.930133
0.925307
0.934916
0.932852
0.930617
0.935857
0.932362
0.936211
0.932048
0.931194
0.926005
0.936256
0.932337
0.929823
0.936444
0.931712
0.936902
0.933532
0.932486
0.926927
0.935425
0.932229
0.931369
0.935568
0.931893
0.935857
0.93316
0.930751
0.925142
0.93899
0.932712
0.930265
0.936162
0.932639
0.935437
0.932691
0.932473
0.925984
0.936045
0.932441
0.931165
0.936604
0.93319
0.936177
0.932643
0.931363
0.925832
0.934792
0.931781
0.930606
0.93583
0.93192
0.935581
0.932783
0.931203
0.92566
0.936053
0.932828
0.929575
0.935521
0.932416
0.935559
0.932655
0.930798
0.926056
0.935615
0.932688
0.930177
0.936451
0.9321
0.935797
0.932687
0.930521
0.925009
0.935521
0.932005
0.929947
0.935389
0.932206
0.936268
0.932915
0.935687
0.926562
0.935631
0.932155
0.929873
0.936307
0.931974
0.936368
0.932259
0.931511
0.925398
0.935078
0.93279
0.931313
0.936044
0.931655
0.936707
0.932666
0.93214
0.926699
0.935436
0.932186
0.930318
0.935645
0.932131
0.936283
0.932964
0.93177
0.925744
0.93537
0.932905
0.931079
0.936475
0.931967
0.935795
0.932951
0.931017
0.926026
0.935565
0.932641
0.930987
0.935526
0.93192
0.935811
0.93322
0.931008
0.925207
0.936028
0.933746
0.929997
0.935434
0.937159
0.937741
0.932543
0.932189
0.925821
0.934966
0.931934
0.930536
0.936114
0.931711
0.936009
0.932802
0.930889
0.926563
0.93666
0.932686
0.930424
0.93563
0.931755
0.936048
0.932437
0.931805
0.9259
0.936303
0.927213
0.924956
0.930972
0.927307
0.930716
0.927718
0.926865
0.921251
0.930041
0.927049
0.925589
0.930193
0.92762
0.930735
0.927455
0.926848
0.920948
0.930584
0.927177
0.925572
0.929632
0.927216
0.93087
0.927266
0.925773
0.92002
0.930042
0.926422
0.928148
0.930453
0.927173
0.930493
0.927779
0.926128
0.920074
0.929879
0.926378
0.924743
0.930076
0.927313
0.930154
0.927926
0.926096
0.919922
0.929632
0.927685
0.924973
0.930563
0.9267
0.930523
0.926406
0.926755
0.920504
0.930776
0.926894
0.924793
0.931465
0.927254
0.930745
0.928473
0.926437
0.919903
0.929839
0.926516
0.925033
0.930509
0.926686
0.930929
0.927498
0.926755
0.92077
0.930432
0.927643
0.924614
0.930082
0.926706
0.930853
0.926866
0.926934
0.920139
0.933602
0.927196
0.925838
0.930691
0.927142
0.930969
0.927565
0.925684
0.919896
0.930532
0.926715
0.924622
0.931025
0.928157
0.930572
0.927329
0.926838
0.920881
0.933588
0.926788
0.925109
0.930854
0.926431
0.930734
0.926812
0.926766
0.920685
0.930298
0.926579
0.926128
0.930467
0.927744
0.93096
0.927285
0.9252
0.919952
0.929487
0.926559
0.924868
0.930389
0.926768
0.930765
0.9271
0.926965
0.920266
0.930682
0.926871
0.924906
0.931245
0.926677
0.930497
0.9273
0.92925
0.92131
0.930134
0.927041
0.925273
0.930349
0.927071
0.930343
0.927343
0.926002
0.920254
0.93068
0.926908
0.926336
0.930803
0.927245
0.930576
0.927263
0.928139
0.921118
0.929625
0.926842
0.926046
0.930937
0.927374
0.931078
0.928466
0.925997
0.920106
0.929848
0.926435
0.925124
0.930538
0.927051
0.930699
0.927174
0.926803
0.920284
0.930486
0.92739
0.924935
0.931018
0.927651
0.930415
0.927609
0.925735
0.920107
0.929553
0.926971
0.924495
0.930362
0.928448
0.932769
0.927706
0.925905
0.920416
0.930371
0.926974
0.924627
0.930086
0.926464
0.930675
0.927692
0.927501
0.9217
0.930403
0.927215
0.924922
0.931956
0.927381
0.930316
0.92728
0.925861
0.92005
0.931062
0.927468
0.924707
0.929952
0.926628
0.930445
0.926845
0.926974
0.921853
0.930889
0.926544
0.924728
0.930763
0.926765
0.930755
0.927501
0.9269
0.920966
0.930131
0.926529
0.925993
0.930948
0.926976
0.930847
0.927588
0.926647
0.92079
0.930323
0.926708
0.924772
0.933416
0.926789
0.930581
0.927012
0.926498
0.92044
0.930602
0.927779
0.925072
0.931216
0.926822
0.931377
0.927774
0.92671
0.91975
0.929863
0.927076
0.925307
0.930354
0.92658
0.930349
0.927261
0.92549
0.919986
0.931078
0.927441
0.924934
0.930935
0.926895
0.930865
0.927008
0.929327
0.921325
0.92989
0.926649
0.925258
0.931051
0.926719
0.931069
0.927727
0.925721
0.92104
0.930536
0.927674
0.924914
0.930292
0.926887
0.930299
0.927058
0.926445
0.920805
0.931452
0.930699
0.925677
0.930514
0.926961
0.930969
0.927406
0.926364
0.921147
0.929291
0.926462
0.925395
0.929869
0.927464
0.931067
0.927469
0.926358
0.919872
0.930478
0.926286
0.92452
0.930176
0.926926
0.931426
0.92755
0.928131
0.920416
0.930175
0.927893
0.924828
0.931241
0.926344
0.930379
0.926835
0.926305
0.920795
0.930312
0.92683
0.925101
0.925498
0.921659
0.925294
0.922257
0.921059
0.914359
0.924379
0.9214
0.919611
0.925117
0.921058
0.925223
0.921756
0.92109
0.915183
0.926731
0.921345
0.919168
0.925718
0.921875
0.925359
0.921552
0.920314
0.91409
0.924794
0.921188
0.918943
0.92563
0.921626
0.925012
0.925847
0.920735
0.914659
0.924813
0.921557
0.919569
0.851366
0.848323
0.851429
0.848699
0.848193
0.841075
0.851236
0.84781
0.846296
0.852378
0.847769
0.851794
0.848531
0.847367
0.840997
0.851932
0.848193
0.846465
0.851713
0.848263
0.851454
0.848138
0.847071
0.841024
0.85121
0.847984
0.846491
0.851772
0.848233
0.851827
0.847833
0.846767
0.841344
0.853943
0.848537
0.846102
0.851549
0.847873
0.85144
0.848657
0.84682
0.841665
0.851813
0.848527
0.846037
0.850945
0.84773
0.852321
0.848339
0.847649
0.841089
0.851217
0.848033
0.846254
0.852297
0.847695
0.85152
0.849354
0.847693
0.841939
0.851045
0.849468
0.847156
0.851355
0.848033
0.85137
0.84782
0.847387
0.841212
0.851066
0.847395
0.846218
0.851472
0.848286
0.851586
0.849489
0.847762
0.841067
0.850668
0.84747
0.846151
0.852112
0.848272
0.85161
0.848796
0.846927
0.841079
0.851242
0.84847
0.848279
0.851597
0.847573
0.85188
0.848334
0.847057
0.841547
0.851561
0.847251
0.845834
0.8509
0.848094
0.851464
0.848699
0.849482
0.841931
0.850511
0.84789
0.84633
0.852303
0.847714
0.851284
0.8482
0.847004
0.841292
0.850842
0.848563
0.846038
0.850936
0.847679
0.851468
0.847919
0.848006
0.841814
0.851509
0.847964
0.845821
0.852367
0.848152
0.852105
0.849086
0.84667
0.841442
0.850752
0.847783
0.845964
0.851279
0.851452
0.851701
0.848229
0.848092
0.842393
0.852564
0.847888
0.845681
0.852024
0.847302
0.854273
0.849122
0.847711
0.841949
0.850804
0.848212
0.846318
0.851282
0.847726
0.852105
0.848303
0.846891
0.841006
0.851191
0.849105
0.847185
0.85059
0.848233
0.851297
0.848534
0.847693
0.840968
0.851756
0.848612
0.846293
0.852419
0.847786
0.85177
0.847959
0.848066
0.841696
0.851065
0.847852
0.846376
0.85159
0.848187
0.851204
0.848577
0.846373
0.840957
0.851619
0.848308
0.846574
0.851436
0.847683
0.85127
0.847896
0.849096
0.842395
0.851204
0.848161
0.846964
0.852172
0.847871
0.851301
0.848419
0.847732
0.842542
0.853253
0.847858
0.846706
0.851319
0.848069
0.851716
0.848731
0.847147
0.841644
0.851231
0.847995
0.845829
0.851993
0.849131
0.851511
0.848357
0.84772
0.841225
0.850833
0.847973
0.846354
0.851902
0.848013
0.851595
0.848272
0.848248
0.84226
0.851764
0.84733
0.846062
0.851388
0.848104
0.851651
0.848491
0.848409
0.841243
0.850834
0.847683
0.845761
0.852193
0.847914
0.851934
0.848156
0.847084
0.840844
0.850197
0.847851
0.8459
0.851488
0.847934
0.851765
0.848145
0.84736
0.841336
0.850764
0.851074
0.846265
0.851121
0.8479
0.851414
0.848705
0.848131
0.841244
0.850832
0.847842
0.846118
0.851917
0.847678
0.851445
0.848526
0.847644
0.840837
0.851145
0.847833
0.847417
0.851682
0.848266
0.851492
0.848282
0.848099
0.841225
0.851533
0.848284
0.846442
0.851856
0.847978
0.852328
0.848628
0.848126
0.84153
0.850569
0.847836
0.846819
0.851877
0.847636
0.852191
0.849775
0.847075
0.841356
0.851742
0.848417
0.845523
0.850972
0.847513
0.851404
0.848229
0.847643
0.841504
0.851297
0.848125
0.846541
0.851729
0.851042
0.851783
0.848205
0.847098
0.841044
0.851128
0.847709
0.846222
0.851164
0.848515
0.851363
0.843257
0.842261
0.835548
0.84703
0.84361
0.840929
0.845988
0.84264
0.848372
0.842667
0.841839
0.835621
0.846021
0.842471
0.841014
0.847269
0.842825
0.846211
0.843846
0.841586
0.835223
0.845691
0.843079
0.840563
0.845765
0.842637
0.84561
0.842955
0.842059
0.836231
0.846069
0.843468
0.840271
0.845645
0.841926
0.845408
0.842335
0.841927
0.83514
0.845715
0.842375
0.840714
0.846204
0.842693
0.846425
0.84332
0.846305
0.835815
0.845627
0.84253
0.840271
0.846342
0.842674
0.845992
0.843195
0.842361
0.835179
0.845989
0.843041
0.839932
0.846164
0.842393
0.846149
0.842918
0.842551
0.835796
0.845873
0.842616
0.84033
0.846231
0.842457
0.846367
0.84305
0.84141
0.835561
0.845814
0.842916
0.840357
0.845708
0.842773
0.846771
0.842776
0.84245
0.836039
0.845975
0.843121
0.840496
0.847325
0.842171
0.846036
0.843025
0.842186
0.837596
0.846499
0.843176
0.840921
0.845429
0.842626
0.845931
0.843404
0.841596
0.835378
0.845955
0.846349
0.840621
0.845884
0.842841
0.84575
0.842993
0.842461
0.835633
0.845477
0.842686
0.840439
0.847051
0.842212
0.84607
0.843505
0.842234
0.836132
0.846342
0.8425
0.840604
0.845886
0.842822
0.845572
0.84313
0.841973
0.835726
0.84624
0.843053
0.840373
0.846908
0.842107
0.845859
0.843172
0.842672
0.83657
0.845518
0.842391
0.841294
0.845892
0.842942
0.845695
0.842528
0.841538
0.835332
0.845725
0.842267
0.840497
0.846002
0.844973
0.845804
0.843059
0.842677
0.835132
0.845988
0.841951
0.840163
0.846489
0.847027
0.84644
0.843319
0.841396
0.83527
0.845371
0.843302
0.840262
0.845719
0.842303
0.845745
0.842381
0.842439
0.836734
0.848186
0.843276
0.840126
0.846054
0.842861
0.845623
0.842793
0.843513
0.835522
0.844756
0.842611
0.840209
0.847965
0.842428
0.846122
0.843045
0.8417
0.835687
0.846297
0.842953
0.840234
0.84542
0.842325
0.845518
0.842536
0.841823
0.835912
0.845923
0.842199
0.841012
0.846331
0.84258
0.846226
0.843139
0.842119
0.83541
0.845125
0.842455
0.840734
0.845771
0.84269
0.846308
0.842721
0.845222
0.836662
0.845761
0.842661
0.840575
0.846039
0.84236
0.846117
0.84264
0.84287
0.835685
0.846273
0.842556
0.840826
0.847058
0.843082
0.846116
0.843312
0.846025
0.836108
0.845948
0.842602
0.84081
0.845667
0.842781
0.84631
0.842369
0.842164
0.835973
0.847122
0.843077
0.840017
0.846041
0.84233
0.845986
0.843146
0.843521
0.837371
0.845291
0.842761
0.840733
0.847796
0.84262
0.846024
0.843352
0.841868
0.835676
0.846575
0.842804
0.840335
0.845082
0.842721
0.845979
0.843297
0.842862
0.836284
0.846311
0.846308
0.841455
0.846231
0.842429
0.8457
0.842376
0.841574
0.835385
0.845203
0.841963
0.841272
0.845851
0.843014
0.84619
0.843251
0.842546
0.835449
0.846293
0.842741
0.843558
0.845839
0.842832
0.845762
0.84326
0.842305
0.835797
0.845442
0.842941
0.840924
0.846505
0.8426
0.840913
0.836757
0.836205
0.829861
0.840719
0.836974
0.834744
0.839702
0.837321
0.840589
0.837356
0.837108
0.831179
0.840262
0.837282
0.834669
0.84089
0.83717
0.840584
0.837098
0.836828
0.829638
0.8402
0.837438
0.836781
0.8407
0.837444
0.842815
0.838024
0.837213
0.830769
0.840503
0.836411
0.834775
0.84044
0.837563
0.840301
0.837717
0.836486
0.830171
0.840297
0.839015
0.836309
0.841176
0.837104
0.840268
0.837193
0.836335
0.830073
0.839805
0.836949
0.834698
0.840411
0.837035
0.840792
0.837916
0.836367
0.829731
0.840683
0.837521
0.83654
0.840057
0.836663
0.840453
0.837506
0.837185
0.8301
0.840432
0.836728
0.835536
0.841474
0.837036
0.840448
0.838838
0.835917
0.830365
0.840515
0.837661
0.835511
0.84078
0.836953
0.840226
0.837654
0.836776
0.83109
0.843658
0.837321
0.834962
0.840653
0.837726
0.840831
0.838108
0.837306
0.830937
0.840251
0.837278
0.836332
0.840867
0.838463
0.841502
0.837721
0.836376
0.830961
0.840765
0.8379
0.835399
0.840619
0.837559
0.840288
0.837669
0.836463
0.829948
0.840636
0.837842
0.835148
0.840417
0.837383
0.840068
0.837609
0.836026
0.830323
0.839919
0.836814
0.834573
0.840503
0.837384
0.840186
0.838131
0.836338
0.830123
0.83984
0.837426
0.834852
0.840253
0.836857
0.840864
0.836998
0.837192
0.830554
0.840943
0.83694
0.835513
0.844659
0.836962
0.840625
0.837552
0.837071
0.830017
0.840168
0.837002
0.834977
0.840454
0.837099
0.839956
0.837305
0.836875
0.831622
0.840522
0.837528
0.83449
0.840266
0.836407
0.840468
0.837343
0.836596
0.829901
0.840524
0.837242
0.835653
0.840735
0.837415
0.840991
0.838059
0.836433
0.829904
0.84056
0.837404
0.834811
0.84062
0.837382
0.840526
0.837367
0.836554
0.830097
0.841319
0.836959
0.835084
0.84132
0.836705
0.840313
0.837738
0.836061
0.830053
0.840451
0.837112
0.835893
0.840597
0.836593
0.840642
0.84041
0.836633
0.829486
0.839885
0.837843
0.835305
0.840253
0.836699
0.841265
0.837285
0.836988
0.830515
0.840889
0.837534
0.835459
0.841759
0.836762
0.840535
0.838008
0.836338
0.831254
0.840485
0.837785
0.835012
0.840714
0.8374
0.839831
0.837662
0.836506
0.830118
0.841373
0.837424
0.835287
0.840763
0.837346
0.840473
0.837561
0.837964
0.830714
0.840272
0.837683
0.835358
0.840925
0.837904
0.840798
0.837397
0.836081
0.829957
0.840089
0.836744
0.835334
0.83997
0.837337
0.840441
0.837286
0.836756
0.829756
0.841129
0.840297
0.834707
0.841139
0.837461
0.840275
0.83717
0.836626
0.829417
0.839657
0.837602
0.834634
0.840562
0.837102
0.841059
0.837087
0.836279
0.83048
0.84075
0.839153
0.835407
0.840389
0.837156
0.840956
0.83715
0.837879
0.825714
0.84024
0.831737
0.829355
0.836135
0.831425
0.834772
0.831905
0.830876
0.824289
0.834887
0.832575
0.829629
0.834353
0.831357
0.835074
0.831335
0.832145
0.825989
0.835655
0.831317
0.829437
0.835822
0.831357
0.834887
0.831985
0.831663
0.825344
0.834693
0.832234
0.830285
0.835204
0.834924
0.835732
0.831977
0.830913
0.824827
0.835276
0.831377
0.829092
0.835034
0.832923
0.835853
0.832482
0.831348
0.824512
0.837122
0.833503
0.829666
0.835927
0.831677
0.834683
0.831757
0.830476
0.824166
0.834343
0.831186
0.829606
0.834979
0.832017
0.834989
0.831644
0.83031
0.824374
0.835862
0.83259
0.829114
0.835162
0.83157
0.834599
0.831598
0.83227
0.825347
0.835268
0.831543
0.829964
0.836135
0.83204
0.835074
0.832436
0.830582
0.824984
0.835378
0.832346
0.829659
0.834736
0.831416
0.834525
0.831776
0.831483
0.825553
0.837831
0.832521
0.829753
0.835193
0.831617
0.83541
0.831719
0.831439
0.825082
0.834607
0.8324
0.831438
0.834528
0.833132
0.835396
0.831986
0.831081
0.824484
0.835132
0.831446
0.829153
0.834595
0.83204
0.834553
0.83232
0.831283
0.824599
0.834585
0.833058
0.829107
0.835696
0.830999
0.834599
0.831548
0.83081
0.824911
0.834712
0.831115
0.828958
0.835169
0.831864
0.835217
0.832435
0.831518
0.824342
0.834616
0.832275
0.829132
0.835143
0.831244
0.835204
0.831809
0.831004
0.824507
0.835267
0.831705
0.829157
0.838824
0.831446
0.835165
0.831224
0.830792
0.824274
0.835421
0.831435
0.82947
0.834677
0.831762
0.834898
0.831709
0.830769
0.826224
0.83542
0.831558
0.829227
0.835515
0.831932
0.834917
0.831718
0.831339
0.824373
0.835175
0.831797
0.830344
0.836371
0.831165
0.835604
0.832468
0.831358
0.824201
0.835572
0.832007
0.829643
0.834434
0.831784
0.835151
0.831872
0.830899
0.824328
0.834926
0.832192
0.829798
0.835343
0.831166
0.836098
0.831495
0.830372
0.824261
0.835278
0.831395
0.829544
0.835209
0.831794
0.835528
0.832394
0.83435
0.824811
0.835734
0.83192
0.830329
0.83485
0.831986
0.834718
0.831776
0.831053
0.824994
0.835295
0.831623
0.829871
0.837527
0.832145
0.8352
0.832539
0.831181
0.825313
0.835057
0.832151
0.830397
0.834887
0.831832
0.835017
0.831635
0.830636
0.825162
0.835441
0.831471
0.829649
0.834933
0.831809
0.835141
0.831941
0.83211
0.824477
0.8345
0.831947
0.829398
0.835988
0.831665
0.835485
0.832057
0.830656
0.824838
0.834551
0.832387
0.829299
0.83454
0.831538
0.834667
0.831547
0.830784
0.825008
0.835346
0.833123
0.830779
0.835641
0.831948
0.834488
0.832425
0.831871
0.824926
0.834459
0.831665
0.829593
0.835792
0.831366
0.83493
0.832178
0.831731
0.824581
0.8351
0.831927
0.829593
0.834545
0.831468
0.834685
0.831859
0.831338
0.825192
0.835494
0.831791
0.829124
0.836742
0.831813
0.835414
0.832477
0.830671
0.824403
0.834546
0.831491
0.829913
0.835191
0.83157
0.834822
0.831878
0.831381
0.82558
0.835834
0.831614
0.829185
0.835586
0.831113
0.835594
0.831777
0.831709
0.825164
0.834821
0.832129
0.831474
0.834763
0.831716
0.837488
0.832506
0.830713
0.824416
0.834952
0.831191
0.829405
0.834188
0.831486
0.834994
0.83213
0.830792
0.824633
0.835653
0.832886
0.830756
0.835825
0.83154
0.834869
0.831682
0.831775
0.825186
0.835234
0.83192
0.829498
0.835842
0.831455
0.834713
0.83187
0.831201
0.824559
0.835822
0.832585
0.829594
0.835191
0.832264
0.834507
0.831516
0.832042
0.825752
0.835095
0.832307
0.830219
0.835913
0.831921
0.836624
0.832167
0.830938
0.824986
0.834657
0.832267
0.829537
0.834687
0.831536
0.82955
0.831711
0.83153
0.819871
0.838928
0.826718
0.829496
0.829898
0.831308
0.829423
0.826359
0.826348
0.819041
0.829352
0.826656
0.824741
0.830185
0.825961
0.830174
0.826437
0.8258
0.81914
0.829688
0.825735
0.823519
0.829496
0.826069
0.829789
0.826688
0.82634
0.81882
0.829326
0.826248
0.823812
0.830661
0.825947
0.82926
0.826087
0.825845
0.818942
0.829566
0.826531
0.823959
0.82922
0.826149
0.829425
0.826236
0.825413
0.819303
0.829649
0.82596
0.82384
0.829351
0.826318
0.829369
0.826316
0.826519
0.819403
0.829707
0.826353
0.823893
0.830135
0.829732
0.829929
0.826569
0.825328
0.81908
0.829904
0.826544
0.823738
0.829388
0.825822
0.829235
0.826375
0.825939
0.818953
0.831042
0.827807
0.825031
0.829643
0.825816
0.829752
0.826403
0.826376
0.819293
0.829276
0.82601
0.824646
0.831656
0.826335
0.829331
0.826121
0.825975
0.819319
0.830434
0.826347
0.823629
0.829365
0.825819
0.829364
0.826415
0.82609
0.820236
0.830233
0.827276
0.82448
0.830169
0.826205
0.82907
0.826581
0.825532
0.818986
0.829599
0.826119
0.824134
0.82943
0.826562
0.829229
0.826824
0.825584
0.819593
0.832602
0.827295
0.824669
0.829695
0.826358
0.830925
0.826039
0.826148
0.819017
0.829679
0.82556
0.824118
0.83008
0.82638
0.831064
0.827979
0.82541
0.818659
0.82987
0.826822
0.823765
0.829258
0.826532
0.82935
0.826196
0.82603
0.819465
0.829145
0.826786
0.823608
0.829491
0.825725
0.829215
0.82619
0.825278
0.819046
0.829328
0.826003
0.823694
0.82972
0.826576
0.829492
0.826819
0.826332
0.820056
0.82934
0.826008
0.823735
0.829255
0.826351
0.829269
0.825946
0.82546
0.818715
0.829458
0.826824
0.823455
0.830283
0.828181
0.829877
0.825722
0.826247
0.819732
0.829741
0.826341
0.824135
0.829962
0.826411
0.829902
0.826599
0.825309
0.818231
0.831184
0.82695
0.823988
0.829388
0.828299
0.829256
0.826432
0.826647
0.81934
0.83029
0.826661
0.824206
0.830203
0.825691
0.829281
0.826605
0.825777
0.819531
0.829826
0.826687
0.823997
0.829421
0.825688
0.829333
0.826384
0.825108
0.819263
0.829488
0.82615
0.824297
0.829696
0.826103
0.829477
0.826006
0.825979
0.819476
0.829691
0.826379
0.824522
0.830045
0.826147
0.829161
0.826633
0.825968
0.820312
0.832229
0.826759
0.823955
0.829565
0.826004
0.829224
0.826845
0.825804
0.818878
0.830784
0.826892
0.824187
0.829877
0.826442
0.829994
0.826362
0.826431
0.819973
0.829444
0.826502
0.82467
0.82925
0.826252
0.82986
0.826746
0.824806
0.818627
0.829274
0.82676
0.824311
0.829364
0.825683
0.830076
0.826474
0.826081
0.818996
0.829681
0.825926
0.823559
0.83028
0.82637
0.829472
0.826844
0.826021
0.818386
0.829243
0.826988
0.823919
0.829051
0.825718
0.829282
0.826452
0.82609
0.820212
0.830581
0.825782
0.823491
0.833716
0.826319
