0.774229
0.785888
0.779187
0.756601
0.74509
0.745889
0.741408
0.727588
0.721622
0.733404
0.730163
0.726733
0.722263
0.735284
0.726063
0.725274
0.724749
0.717813
0.72463
0.718551
0.716927
0.726314
0.736953
0.725887
0.720484
0.717537
0.71676
0.722668
0.722186
0.719659
0.717929
0.727493
0.727243
0.719808
0.739244
0.7376
0.732514
0.73377
0.727607
0.732002
0.728646
0.720296
0.723767
0.72717
0.718565
0.739329
0.742852
0.726134
0.725316
0.730879
0.728731
0.725806
0.731363
0.723289
0.726712
0.721723
0.732366
0.730304
0.723666
0.718689
0.726065
0.721042
0.728667
0.717257
0.721712
0.722195
0.725385
0.717523
0.73575
0.718372
0.725594
0.722412
0.731729
0.723185
0.723375
0.71845
0.724003
0.731104
0.71628
0.728437
0.721274
0.72225
0.718489
0.728969
0.722916
0.729795
0.728064
0.725281
0.727883
0.720121
0.720577
0.7245
0.731227
0.724452
0.733509
0.735038
0.727116
0.724064
0.721645
0.72455
0.721878
0.7178
0.716239
0.717566
0.72158
0.726563
0.724472
0.721466
0.722158
0.727573
0.726886
0.718134
0.719084
0.719768
0.727681
0.730705
0.723709
0.721466
0.723024
0.723706
0.725482
0.725817
0.724388
0.723028
0.719153
0.730401
0.724049
0.726043
0.715682
0.727076
0.721311
0.732596
0.717793
0.71208
0.721423
0.729635
0.712873
0.719513
0.722167
0.714338
0.721465
0.731917
0.715796
0.724347
0.719554
0.707908
0.718257
0.725869
0.708109
0.714278
0.716106
0.719809
0.717924
0.717253
0.723977
0.722539
0.716431
0.714821
0.728157
0.718101
0.715063
0.725534
0.71421
0.724692
0.724341
0.709982
0.712334
0.720148
0.715154
0.715896
0.717975
0.727476
0.710255
0.727585
0.726406
0.716076
0.726557
0.72219
0.707276
0.718885
0.721418
0.720808
0.716919
0.730138
0.712416
0.719118
0.720439
0.7109
0.716787
0.716865
0.726708
0.718381
0.727394
0.716067
0.723274
0.72136
0.711232
0.707823
0.720651
0.713812
0.717275
0.722884
0.722238
0.717149
0.71844
0.719215
0.724903
0.721284
0.723584
0.717921
0.725621
0.723526
0.716277
0.72699
0.714469
0.721544
0.72543
0.722611
0.713918
0.726398
0.706692
0.714739
0.71754
0.710732
0.710719
0.712904
0.714861
0.717149
0.713432
0.716284
0.716787
0.721056
0.714622
0.718051
0.712703
0.71493
0.721262
0.713936
0.715801
0.723294
0.712773
0.718723
0.713821
0.726571
0.726891
0.706874
0.720067
0.712316
0.727273
0.728508
0.712969
0.727418
0.718116
0.712114
0.713465
0.709603
0.716365
0.711354
0.714203
0.710558
0.710624
0.717848
0.716647
0.722135
0.719233
0.720538
0.710347
0.712445
0.718386
0.702268
0.721789
0.712025
0.711314
0.714549
0.712127
0.714712
0.707911
0.708399
0.709814
0.709358
0.712516
0.71077
0.708855
0.712692
0.710798
0.711889
0.726247
0.713006
0.704433
0.715117
0.714552
0.706238
0.707736
0.713049
0.709331
0.716383
0.710288
0.714568
0.710388
0.704911
0.711836
0.725759
0.705273
0.713409
0.710887
0.707651
0.702368
0.70845
0.712708
0.720275
0.714066
0.704725
0.709654
0.716072
0.704848
0.698482
0.724734
0.710026
0.715317
0.711545
0.714688
0.71747
0.715042
0.696855
0.717649
0.703965
0.707154
0.703602
0.708239
0.703439
0.712137
0.70972
0.709111
0.711143
0.70847
0.703702
0.712717
0.70402
0.695695
0.706792
0.712352
0.701127
0.706446
0.707528
0.709169
0.702412
0.71261
0.706567
0.714342
0.702872
0.70597
0.708066
0.713333
0.713102
0.699663
0.706413
0.702856
0.712981
0.701356
0.710318
0.707557
0.715093
0.708544
0.702958
0.7113
0.705809
0.708624
0.70508
0.704704
0.699802
0.704427
0.708346
0.710942
0.706602
0.704394
0.69883
0.700752
0.700109
0.693169
0.70063
0.69966
0.694604
0.69826
0.700864
0.693592
0.699849
0.69854
0.697463
0.7064
0.701819
0.691304
0.70126
0.705615
0.701023
0.699604
0.699139
0.708167
0.707579
0.692788
0.698867
0.695823
0.704094
0.695811
0.702891
0.697375
0.708866
0.706808
0.698977
0.703079
0.693913
0.698737
0.708406
0.697468
0.711632
0.709923
0.699036
0.702427
0.716068
0.704162
0.699819
0.709629
0.701018
0.699308
0.690766
0.696073
0.705672
0.693251
0.699565
0.691147
0.691414
0.694296
0.701767
0.696408
0.69119
0.695685
0.688999
0.705531
0.695564
0.693486
0.695327
0.693969
0.696642
0.69551
0.694362
0.695279
0.692954
0.694249
0.685357
0.69718
0.697675
0.696458
0.704714
0.709395
0.69915
0.686294
0.69347
0.691443
0.697971
0.692384
0.695202
0.692092
0.686204
0.683882
0.690653
0.691307
0.690757
0.694385
0.693467
0.70359
0.690139
0.716227
0.70072
0.691423
0.697997
0.693453
0.690356
0.69599
0.692943
0.689959
0.686572
0.700682
0.684714
0.694398
0.689724
0.680845
0.686955
0.689482
0.688005
0.690749
0.690238
0.692205
0.683529
0.68793
0.691056
0.687668
0.681641
0.691122
0.685911
0.702137
0.685793
0.68631
0.687676
0.700628
0.702937
0.692213
0.698642
0.688837
0.681371
0.682962
0.696678
0.689228
0.677485
0.682652
0.688122
0.688372
0.688831
0.679424
0.70042
0.698371
0.689574
0.693516
0.700665
0.709692
0.690336
0.683316
0.684945
0.684305
0.691111
0.684383
0.693148
0.681
0.689554
0.6831
0.681905
0.68875
0.678291
0.68985
0.679687
0.671953
0.685478
0.688884
0.681915
0.685473
0.678231
0.693483
0.680425
0.682526
0.691946
0.682956
0.686427
0.686468
0.686257
0.687443
0.679948
0.686588
0.679048
0.680698
0.683592
0.6748
0.686211
0.687441
0.690862
0.683667
0.688056
0.679337
0.67948
0.686985
0.683616
0.692758
0.677246
0.681879
0.685334
0.681937
0.687667
0.679974
0.679099
0.677254
0.673422
0.676529
0.674303
0.676584
0.674752
0.680367
0.671954
0.673223
0.677022
0.679652
0.678206
0.679791
0.67841
0.671005
0.681118
0.675935
0.682043
0.675614
0.682612
0.664024
0.677755
0.675946
0.670972
0.668902
0.681623
0.681441
0.67155
0.668552
0.682187
0.675533
0.676106
0.675129
0.680062
0.681317
0.674015
0.680451
0.678388
0.67786
0.679777
0.671042
0.683129
0.665144
0.6748
0.66975
0.666193
0.675117
0.677687
0.67202
0.661921
0.676946
0.666557
0.678094
0.670137
0.679532
0.663664
0.670289
0.678572
0.667161
0.66514
0.680628
0.666071
0.667199
0.670525
0.673473
0.676222
0.664615
0.696908
0.683705
0.6722
0.679064
0.669324
0.672224
0.670181
0.667643
0.661269
0.671861
0.671339
0.664531
0.674195
0.671615
0.678133
0.673429
0.680599
0.667553
0.682049
0.664902
0.668704
0.671802
0.668827
0.676524
0.676039
0.67051
0.670062
0.668294
0.676369
0.668472
0.668216
0.665489
0.663926
0.665272
0.667626
0.66531
0.66946
0.665495
0.663337
0.658382
0.667995
0.663607
0.664517
0.668533
0.665005
0.669646
0.665583
0.663621
0.653527
0.662729
0.658384
0.659118
0.663927
0.659874
0.663963
0.660482
0.658487
0.658659
0.668429
0.663689
0.664886
0.670757
0.665204
0.669319
0.665674
0.663041
0.658762
0.668577
0.664125
0.664389
0.664895
0.660009
0.664477
0.660199
0.658985
0.654269
0.662057
0.663128
0.66458
0.668374
0.665623
0.668902
0.665462
0.663082
0.652882
0.66237
0.657862
0.658719
0.662926
0.659576
0.665556
0.659832
0.658666
0.653423
0.662637
0.657911
0.65823
0.664339
0.660017
0.664973
0.662289
0.657362
0.652904
0.662366
0.658232
0.658048
0.662759
0.659474
0.663711
0.660393
0.658647
0.65431
0.66352
0.657748
0.658323
0.664061
0.659439
0.664167
0.659896
0.659191
0.653298
0.661737
0.657996
0.658584
0.664391
0.659768
0.664195
0.660397
0.657962
0.653736
0.663004
0.658017
0.658122
0.662545
0.660024
0.663929
0.659957
0.658372
0.653495
0.662884
0.661606
0.660234
0.662851
0.659704
0.663693
0.660037
0.663223
0.658496
0.667318
0.662807
0.66427
0.669715
0.665114
0.669848
0.665355
0.657588
0.653734
0.662226
0.657296
0.658004
0.662987
0.659774
0.664137
0.660373
0.659267
0.653101
0.663124
0.657842
0.658779
0.664017
0.659249
0.664265
0.659845
0.65723
0.647707
0.656703
0.652863
0.652921
0.657297
0.654288
0.658371
0.654572
0.654799
0.648517
0.659297
0.653047
0.652402
0.658238
0.654313
0.658511
0.655313
0.653887
0.648946
0.65849
0.655625
0.654145
0.657306
0.654176
0.65866
0.654985
0.65228
0.647692
0.658376
0.652887
0.653146
0.657218
0.654815
0.658344
0.655326
0.653799
0.648529
0.657484
0.652973
0.653845
0.658151
0.655193
0.658059
0.654699
0.652946
0.647559
0.656998
0.652411
0.653772
0.657687
0.654253
0.658184
0.657003
0.652846
0.647181
0.657912
0.652811
0.652923
0.65715
0.654552
0.658884
0.655484
0.652901
0.649406
0.657228
0.652926
0.653016
0.658403
0.654674
0.658743
0.655046
0.652457
0.647592
0.657298
0.65239
0.652881
0.657093
0.654464
0.658496
0.654559
0.653365
0.648957
0.657583
0.652362
0.653097
0.658862
0.654182
0.658854
0.654839
0.652983
0.647797
0.656685
0.652613
0.653028
0.657865
0.654304
0.661624
0.655047
0.653878
0.648418
0.657508
0.652553
0.652537
0.657449
0.654627
0.658698
0.654494
0.653211
0.648028
0.657192
0.652788
0.653132
0.658175
0.654053
0.659118
0.654461
0.652606
0.647914
0.657085
0.652741
0.652805
0.658795
0.654367
0.658067
0.654668
0.65309
0.647365
0.657594
0.653199
0.65281
0.657741
0.653931
0.658496
0.654702
0.653262
0.648215
0.656977
0.652413
0.653029
0.657951
0.656968
0.659218
0.65526
0.651819
0.647895
0.657224
0.652663
0.653323
0.657778
0.654373
0.658504
0.654953
0.653361
0.647462
0.657642
0.652626
0.652618
0.658302
0.654266
0.659134
0.655113
0.653586
0.648653
0.657416
0.652687
0.653932
0.658659
0.654497
0.658883
0.654872
0.652993
0.64828
0.657568
0.65271
0.653236
0.657166
0.654949
0.658269
0.654795
0.652574
0.64797
0.657181
0.652774
0.653739
0.659895
0.654605
0.658579
0.654921
0.652804
0.647574
0.657062
0.652365
0.652551
0.657393
0.654708
0.658891
0.655383
0.652903
0.647477
0.657158
0.653485
0.653181
0.657647
0.654593
0.658071
0.654562
0.654987
0.648496
0.657661
0.652802
0.652881
0.658809
0.653844
0.658738
0.655269
0.652666
0.647777
0.656953
0.652819
0.653037
0.658143
0.653696
0.658325
0.654826
0.652546
0.647949
0.65752
0.65287
0.653123
0.653536
0.648598
0.652985
0.648877
0.647247
0.642548
0.651584
0.646947
0.647618
0.652277
0.649572
0.652978
0.649801
0.646851
0.641776
0.651778
0.646973
0.647214
0.651803
0.648863
0.65288
0.649627
0.647668
0.642444
0.65245
0.646739
0.647269
0.652544
0.648622
0.652368
0.649332
0.647375
0.642842
0.651811
0.64726
0.648149
0.652518
0.649523
0.653564
0.649481
0.646562
0.641939
0.651944
0.650307
0.647635
0.651976
0.648772
0.6534
0.649285
0.647537
0.642081
0.652379
0.647426
0.647261
0.654473
0.648934
0.65271
0.649989
0.646601
0.642781
0.652099
0.647773
0.64712
0.652099
0.648547
0.65294
0.649115
0.647207
0.642211
0.652952
0.647737
0.647549
0.652656
0.649057
0.652711
0.649768
0.648229
0.643524
0.651536
0.647512
0.648589
0.653216
0.649344
0.653442
0.649865
0.646616
0.642281
0.654663
0.646945
0.647338
0.651658
0.649086
0.653004
0.650036
0.647205
0.642114
0.652035
0.647871
0.648228
0.653233
0.649338
0.653162
0.649098
0.646668
0.642993
0.651669
0.647617
0.647252
0.652043
0.649725
0.653676
0.649126
0.647773
0.642526
0.652191
0.647299
0.646891
0.651727
0.648538
0.652957
0.650364
0.648971
0.643008
0.651832
0.647524
0.647226
0.653852
0.648771
0.653218
0.649811
0.646882
0.64269
0.65512
0.64809
0.647152
0.653045
0.648737
0.652972
0.649441
0.647832
0.64371
0.6524
0.647081
0.647801
0.65384
0.649013
0.654006
0.649486
0.647685
0.643049
0.651025
0.647211
0.648184
0.653112
0.648874
0.653854
0.649758
0.647349
0.643064
0.652403
0.646928
0.647666
0.652329
0.648778
0.65301
0.649302
0.647498
0.642134
0.652393
0.648288
0.647764
0.652907
0.64886
0.653228
0.649244
0.646697
0.642206
0.651385
0.64744
0.650083
0.652415
0.648738
0.653581
0.648949
0.646673
0.642355
0.652519
0.64751
0.646999
0.65201
0.6486
0.653377
0.649453
0.648212
0.642823
0.652207
0.647156
0.64782
0.653387
0.64889
0.653045
0.650051
0.647071
0.643018
0.652177
0.648325
0.647712
0.652599
0.648776
0.65286
0.649029
0.647867
0.642544
0.652346
0.647848
0.647609
0.653056
0.649093
0.652878
0.649538
0.647708
0.642754
0.651393
0.646964
0.648161
0.652862
0.652153
0.653589
0.650116
0.64689
0.642899
0.652618
0.647272
0.647095
0.653039
0.649454
0.652855
0.650135
0.647881
0.642704
0.651784
0.64783
0.647627
0.652609
0.649133
0.65329
0.649402
0.64681
0.6427
0.652145
0.646996
0.647051
0.652933
0.649302
0.653591
0.649246
0.647159
0.64234
0.651397
0.647213
0.646924
0.652455
0.64904
0.653083
0.649449
0.647311
0.64202
0.651672
0.647411
0.646742
0.652839
0.649087
0.653258
0.644074
0.644136
0.636607
0.646312
0.641919
0.641337
0.646705
0.643506
0.647687
0.643942
0.64194
0.637028
0.648057
0.642909
0.641336
0.646983
0.643458
0.647674
0.643824
0.64214
0.636887
0.645998
0.6417
0.642382
0.648945
0.642816
0.647775
0.644373
0.642446
0.637209
0.646986
0.641841
0.642419
0.647733
0.64372
0.647285
0.644011
0.642056
0.636317
0.646548
0.641791
0.642232
0.646703
0.643261
0.647528
0.644014
0.641528
0.637332
0.649698
0.642941
0.6419
0.647095
0.643493
0.647471
0.644971
0.641427
0.63716
0.647035
0.642271
0.641778
0.647712
0.643568
0.64748
0.644361
0.642194
0.636949
0.649999
0.641998
0.642344
0.647567
0.643634
0.647706
0.644494
0.641801
0.63743
0.646506
0.642452
0.64306
0.64703
0.643742
0.647294
0.643956
0.641572
0.636681
0.647982
0.641278
0.642082
0.646511
0.643721
0.647794
0.643825
0.642539
0.636765
0.646589
0.642303
0.642845
0.650426
0.643488
0.647876
0.643777
0.641765
0.636933
0.646171
0.642329
0.642115
0.646017
0.643601
0.647311
0.64353
0.641465
0.637246
0.64706
0.641445
0.642578
0.646699
0.643786
0.647703
0.643999
0.642585
0.637588
0.646043
0.64216
0.641741
0.647309
0.643329
0.647487
0.644043
0.641293
0.636634
0.64665
0.642225
0.641827
0.646376
0.643555
0.647427
0.643393
0.642511
0.637407
0.646509
0.641928
0.641758
0.647949
0.643626
0.649507
0.645615
0.640907
0.636614
0.646414
0.642295
0.64135
0.646497
0.64319
0.648086
0.644023
0.642026
0.637793
0.647338
0.641968
0.64152
0.647035
0.643293
0.647779
0.643964
0.642106
0.637221
0.64668
0.642365
0.642888
0.646997
0.643277
0.647805
0.643938
0.64094
0.636255
0.646354
0.642236
0.641796
0.646485
0.643339
0.647626
0.643965
0.641763
0.63686
0.647596
0.64232
0.641874
0.647874
0.643416
0.647722
0.644248
0.642414
0.637183
0.646699
0.641466
0.64321
0.649884
0.643517
0.64719
0.64416
0.641078
0.636745
0.64711
0.642434
0.641754
0.64661
0.643779
0.647636
0.644777
0.643288
0.637721
0.64676
0.64234
0.643165
0.647911
0.643804
0.647589
0.643955
0.64131
0.637036
0.645883
0.64226
0.642602
0.646453
0.643655
0.647434
0.643502
0.641421
0.637697
0.647425
0.641939
0.641451
0.647248
0.643598
0.647907
0.64407
0.642131
0.63677
0.646211
0.641962
0.642295
0.647608
0.64353
0.647509
0.643924
0.642662
0.637508
0.649966
0.641901
0.641995
0.646446
0.643623
0.647498
0.644083
0.642485
0.637175
0.646316
0.64183
0.641537
0.648297
0.643848
0.647906
0.643982
0.641285
0.637391
0.646108
0.642169
0.641879
0.646977
0.643688
0.647915
0.643989
0.642431
0.636855
0.646973
0.642051
0.641836
0.64705
0.643777
0.647419
0.643765
0.642041
0.637311
0.646487
0.642047
0.642386
0.647694
0.643504
0.647801
0.644017
0.641783
0.637036
0.64723
0.641903
0.641924
0.646883
0.643786
0.647741
0.644817
0.642503
0.63716
0.647804
0.642574
0.641934
0.647686
0.643397
0.648386
0.644031
0.642304
0.636946
0.64613
0.642248
0.642941
0.647538
0.64366
0.64809
0.643891
0.641992
0.637011
0.647325
0.641498
0.641614
0.646954
0.643455
0.647565
0.64386
0.64177
0.637408
0.646834
0.642327
0.642358
0.647561
0.643401
0.647467
0.643862
0.641665
0.637721
0.646421
0.642128
0.641863
0.647467
0.643501
0.647271
0.644042
0.641571
0.63679
0.646936
0.6426
0.642178
0.647662
0.645985
0.64758
0.643705
0.642289
0.636797
0.646444
0.642091
0.641742
0.647359
0.643405
0.647825
0.638747
0.637171
0.631324
0.640984
0.63688
0.636194
0.641943
0.638853
0.642103
0.63841
0.636595
0.631601
0.640907
0.636991
0.636211
0.641468
0.63808
0.641907
0.638466
0.636797
0.631257
0.640835
0.636142
0.636326
0.641744
0.638071
0.642246
0.639268
0.636348
0.631609
0.640992
0.636476
0.636151
0.641356
0.637746
0.642056
0.63823
0.636439
0.631245
0.642727
0.639622
0.636171
0.641597
0.638083
0.641751
0.638345
0.636568
0.631582
0.641459
0.636674
0.636382
0.641805
0.638785
0.643065
0.639008
0.636069
0.630767
0.641762
0.636285
0.636142
0.641522
0.638141
0.642292
0.638587
0.636959
0.631917
0.641707
0.636846
0.636328
0.642333
0.637963
0.642162
0.638779
0.635716
0.63179
0.641732
0.637797
0.636381
0.641279
0.638065
0.641667
0.638201
0.635964
0.632397
0.640828
0.636707
0.636687
0.641849
0.638272
0.642266
0.638378
0.64099
0.631534
0.642919
0.63677
0.636926
0.642422
0.638199
0.642336
0.638788
0.63641
0.631218
0.641585
0.636493
0.636806
0.642496
0.638506
0.641899
0.638653
0.636242
0.631161
0.641882
0.637358
0.63704
0.642204
0.638339
0.64197
0.638618
0.636692
0.632315
0.641321
0.637222
0.637524
0.642069
0.638866
0.642273
0.638673
0.63632
0.631264
0.640959
0.636769
0.636449
0.641291
0.637983
0.642095
0.638695
0.637516
0.63142
0.641256
0.636597
0.636335
0.642279
0.638468
0.644136
0.63912
0.63545
0.63075
0.641079
0.637244
0.636521
0.641268
0.637713
0.641981
0.638185
0.63679
0.632457
0.642632
0.636763
0.636243
0.641992
0.637927
0.641961
0.638588
0.638249
0.631498
0.640763
0.636917
0.636691
0.64246
0.63778
0.642463
0.638371
0.636445
0.631352
0.641491
0.637003
0.63636
0.641124
0.638157
0.642108
0.638675
0.636806
0.631532
0.641615
0.636106
0.636439
0.64157
0.638043
0.642433
0.638519
0.636441
0.631366
0.640994
0.636671
0.637047
0.644687
0.638229
0.642416
0.638667
0.636332
0.631988
0.641595
0.636417
0.636633
0.641191
0.638269
0.642178
0.638209
0.637959
0.631552
0.641669
0.63623
0.63695
0.645938
0.638121
0.642431
0.638596
0.635282
0.631061
0.640852
0.637194
0.636618
0.641736
0.638381
0.642386
0.63807
0.636218
0.631903
0.642112
0.636806
0.636084
0.642217
0.637839
0.64254
0.639242
0.637614
0.632339
0.641366
0.636642
0.637387
0.641466
0.638014
0.64188
0.639028
0.635782
0.631078
0.644798
0.636987
0.636439
0.642025
0.638634
0.641648
0.638583
0.637622
0.631747
0.641932
0.636953
0.637364
0.642457
0.638821
0.642155
0.638451
0.636551
0.631695
0.640784
0.636079
0.63674
0.641636
0.638138
0.64172
0.638672
0.636259
0.631305
0.641858
0.637124
0.635767
0.64143
0.638437
0.641914
0.638536
0.635836
0.631915
0.641547
0.636986
0.63637
0.64198
0.638102
0.642023
0.638609
0.635542
0.630908
0.641572
0.636393
0.636179
0.641266
0.638326
0.642324
0.638722
0.640105
0.632113
0.641486
0.6366
0.636107
0.642273
0.63801
0.642524
0.638239
0.636511
0.631214
0.640926
0.637132
0.637111
0.641811
0.637826
0.6428
0.638516
0.637119
0.632436
0.641454
0.636452
0.636474
0.641572
0.63819
0.642409
0.638692
0.636738
0.631454
0.641322
0.637274
0.637188
0.642236
0.638076
0.641954
0.638947
0.636066
0.632075
0.641581
0.636835
0.637165
0.641385
0.63792
0.641962
0.638865
0.636088
0.631077
0.641939
0.63801
0.636112
0.641356
0.643313
0.643651
0.638527
0.637145
0.631611
0.640976
0.636365
0.636704
0.642073
0.637843
0.64226
0.638805
0.635839
0.632093
0.642342
0.637027
0.636677
0.6415
0.637778
0.642032
0.638363
0.636921
0.631676
0.642209
0.631637
0.631157
0.636796
0.633277
0.636941
0.633582
0.631858
0.626997
0.635999
0.631508
0.631937
0.636071
0.633698
0.636835
0.633474
0.63198
0.626257
0.63659
0.631515
0.631717
0.635408
0.633327
0.636991
0.63314
0.630725
0.625819
0.635983
0.630825
0.633825
0.636273
0.633308
0.636622
0.633751
0.631201
0.625839
0.635897
0.630743
0.630856
0.636011
0.633411
0.636336
0.63341
0.63107
0.625824
0.635494
0.631912
0.631195
0.636466
0.632751
0.636677
0.632356
0.631625
0.626262
0.63669
0.631147
0.630778
0.637382
0.633366
0.636924
0.634394
0.631575
0.625624
0.635657
0.631035
0.631248
0.636375
0.632807
0.637059
0.633376
0.631508
0.626717
0.636491
0.631903
0.630668
0.635972
0.632695
0.637005
0.63273
0.631993
0.625966
0.639195
0.631479
0.631943
0.636416
0.633191
0.637141
0.633596
0.630913
0.625645
0.636425
0.631063
0.630931
0.636841
0.633627
0.636667
0.633208
0.631868
0.626523
0.639482
0.631204
0.631357
0.636755
0.632511
0.636734
0.632771
0.63184
0.626321
0.636138
0.631174
0.632183
0.636286
0.633763
0.637137
0.63307
0.630397
0.625895
0.635421
0.631037
0.631007
0.635991
0.632876
0.636737
0.633012
0.632069
0.626218
0.636637
0.631349
0.631176
0.637025
0.632858
0.636672
0.633238
0.633479
0.626673
0.636037
0.631465
0.631318
0.636071
0.633066
0.636447
0.633362
0.63111
0.626078
0.636716
0.631243
0.631872
0.636555
0.633251
0.636639
0.633074
0.633012
0.626824
0.635623
0.631278
0.632319
0.636868
0.633461
0.637214
0.633829
0.631171
0.625983
0.635768
0.630836
0.631221
0.636379
0.633326
0.636803
0.63312
0.631782
0.626195
0.63642
0.631564
0.631111
0.636906
0.633789
0.636531
0.633655
0.630874
0.625935
0.635496
0.631354
0.630675
0.636174
0.633695
0.638466
0.633311
0.630975
0.626272
0.636205
0.631253
0.630694
0.635991
0.632725
0.636893
0.633695
0.632533
0.627453
0.636051
0.631607
0.63106
0.637869
0.633376
0.636537
0.633177
0.630811
0.625684
0.637042
0.631734
0.630919
0.635943
0.632687
0.636551
0.632721
0.632038
0.627528
0.636899
0.631055
0.630955
0.636639
0.633055
0.636819
0.633442
0.632091
0.626301
0.635951
0.630992
0.632204
0.636784
0.633091
0.636886
0.633394
0.631778
0.626571
0.636332
0.631131
0.631042
0.638381
0.632781
0.6366
0.632994
0.631491
0.626157
0.636568
0.63225
0.631308
0.637035
0.633029
0.637547
0.633627
0.631512
0.625531
0.635784
0.631425
0.631483
0.636191
0.632812
0.636468
0.633246
0.63073
0.625857
0.636973
0.631735
0.631047
0.63683
0.633102
0.636892
0.633147
0.63399
0.626899
0.635875
0.631122
0.631424
0.636847
0.632787
0.637183
0.633615
0.630599
0.626688
0.636456
0.632008
0.631003
0.636218
0.633087
0.636499
0.632899
0.631548
0.626317
0.637371
0.634812
0.631784
0.636431
0.633092
0.637097
0.633368
0.631453
0.626911
0.635238
0.630927
0.631674
0.63573
0.633547
0.63708
0.633416
0.631385
0.625859
0.636443
0.630768
0.630788
0.636139
0.632931
0.637473
0.633482
0.633143
0.626086
0.635876
0.632304
0.631092
0.63711
0.632396
0.636504
0.632769
0.631386
0.626594
0.636233
0.63128
0.631242
0.631246
0.627711
0.631377
0.628269
0.626048
0.620228
0.630398
0.625799
0.625794
0.630993
0.627241
0.63121
0.627633
0.626181
0.620409
0.632653
0.625867
0.625267
0.631501
0.627502
0.631429
0.627373
0.625329
0.620004
0.630723
0.625598
0.62514
0.631356
0.627775
0.631053
0.631822
0.625695
0.620515
0.630781
0.625919
0.625737
0.63095
0.628069
0.631065
0.628089
0.626701
0.620562
0.630822
0.625817
0.626012
0.631831
0.62742
0.631411
0.627925
0.625939
0.620509
0.631502
0.626293
0.625805
0.631216
0.627831
0.631174
0.627545
0.62564
0.620472
0.630648
0.626028
0.626117
0.631243
0.627755
0.631554
0.627581
0.625421
0.620835
0.633462
0.626467
0.625909
0.630923
0.627409
0.631091
0.628169
0.62548
0.62086
0.631313
0.626484
0.625766
0.630458
0.627504
0.631788
0.627699
0.626154
0.620527
0.630827
0.626053
0.626057
0.631711
0.627464
0.631229
0.6288
0.626163
0.621274
0.630615
0.62677
0.626705
0.630682
0.627641
0.631071
0.627423
0.626031
0.620686
0.63062
0.625346
0.625858
0.630834
0.627878
0.631332
0.628757
0.626438
0.620628
0.630223
0.625579
0.625977
0.631575
0.627877
0.631285
0.628246
0.625492
0.620547
0.630725
0.626419
0.62656
0.630932
0.627201
0.631491
0.627683
0.625661
0.620986
0.631101
0.625277
0.625466
0.630438
0.627724
0.631165
0.628306
0.62805
0.621102
0.630111
0.625788
0.626053
0.631758
0.627372
0.630933
0.627835
0.625655
0.620603
0.63029
0.626464
0.625735
0.630361
0.627146
0.631175
0.627303
0.626526
0.621149
0.631084
0.626013
0.625408
0.631678
0.6279
0.6318
0.628646
0.625232
0.620677
0.630072
0.625732
0.625595
0.630694
0.631113
0.631557
0.627706
0.626598
0.621874
0.632112
0.625847
0.625281
0.631523
0.626838
0.633647
0.628141
0.62635
0.621227
0.630424
0.626287
0.626057
0.630582
0.627427
0.631915
0.627819
0.625537
0.62047
0.630606
0.626357
0.626859
0.630082
0.627992
0.631229
0.628024
0.626128
0.620487
0.63124
0.626495
0.625942
0.632082
0.627387
0.63143
0.627614
0.626501
0.62104
0.630678
0.625817
0.626216
0.631042
0.627897
0.630849
0.628099
0.624932
0.620345
0.631151
0.626388
0.626361
0.630732
0.627483
0.631038
0.627381
0.627726
0.621243
0.63073
0.626053
0.626615
0.631603
0.627507
0.63094
0.627825
0.626404
0.621334
0.632796
0.625887
0.626278
0.630799
0.627743
0.631402
0.628297
0.625826
0.621107
0.630765
0.626004
0.625536
0.631531
0.628474
0.631193
0.627808
0.626267
0.620683
0.630369
0.626152
0.626172
0.631337
0.627635
0.631212
0.627823
0.626664
0.621688
0.631088
0.6252
0.625707
0.630869
0.627794
0.631376
0.627975
0.627071
0.620459
0.630437
0.62563
0.625665
0.631678
0.627563
0.631459
0.62748
0.625771
0.620249
0.629835
0.625851
0.625637
0.630877
0.627674
0.631509
0.627631
0.625959
0.620763
0.630444
0.629222
0.625809
0.630563
0.627619
0.630982
0.628109
0.626697
0.620652
0.630341
0.625829
0.625798
0.631435
0.627379
0.631058
0.628167
0.626051
0.620073
0.630695
0.625783
0.627157
0.631163
0.627935
0.631173
0.627814
0.626678
0.620681
0.631081
0.62612
0.626018
0.631142
0.627684
0.631968
0.628024
0.626661
0.620943
0.630081
0.625938
0.6266
0.6313
0.627331
0.631802
0.629326
0.625673
0.620506
0.631273
0.626388
0.625079
0.630477
0.627154
0.631051
0.627747
0.626299
0.620858
0.630861
0.626068
0.626074
0.631119
0.630218
0.631402
0.627845
0.625644
0.620335
0.630617
0.625665
0.625931
0.630705
0.628201
0.630947
0.622719
0.620928
0.614983
0.626431
0.62133
0.620638
0.625419
0.622312
0.628138
0.622197
0.620483
0.615049
0.625565
0.620494
0.620662
0.626638
0.622424
0.625858
0.623188
0.62022
0.614837
0.625069
0.621046
0.620239
0.625295
0.622239
0.625354
0.622297
0.620616
0.615761
0.625624
0.621392
0.619726
0.625105
0.621598
0.625158
0.621959
0.6205
0.614522
0.625303
0.620345
0.62032
0.625518
0.622296
0.626024
0.622935
0.624185
0.615058
0.625178
0.620413
0.620068
0.625818
0.622325
0.625677
0.622605
0.620951
0.614731
0.625487
0.621011
0.619624
0.625557
0.621649
0.625934
0.622405
0.62105
0.615071
0.625269
0.620612
0.619971
0.625646
0.622158
0.626116
0.6226
0.620079
0.615062
0.625174
0.620886
0.620088
0.625108
0.62247
0.626224
0.622226
0.620974
0.615548
0.625489
0.620937
0.620108
0.626787
0.621783
0.625559
0.622551
0.620742
0.616849
0.625759
0.621198
0.620503
0.624849
0.622347
0.625621
0.622878
0.620089
0.614745
0.625467
0.623646
0.6202
0.62534
0.622509
0.625485
0.622498
0.620962
0.614907
0.625071
0.620714
0.620121
0.626433
0.62191
0.625679
0.623015
0.620566
0.615305
0.625811
0.620532
0.620279
0.62527
0.622426
0.625251
0.622685
0.620585
0.615141
0.625828
0.62098
0.62013
0.626104
0.621874
0.625483
0.622544
0.621171
0.615798
0.625079
0.62035
0.620934
0.625269
0.622554
0.625494
0.622136
0.620153
0.614558
0.625235
0.620323
0.620142
0.625323
0.623608
0.62546
0.622466
0.62116
0.614633
0.625467
0.619941
0.619788
0.626031
0.626399
0.626105
0.622793
0.619965
0.614669
0.624814
0.621165
0.620016
0.625171
0.621888
0.625497
0.621887
0.621052
0.615883
0.627717
0.620947
0.619879
0.625536
0.622522
0.625362
0.622432
0.622025
0.614967
0.624271
0.620533
0.619994
0.627409
0.622209
0.625762
0.622312
0.620337
0.615062
0.625751
0.620883
0.619953
0.624823
0.62197
0.625232
0.621855
0.620395
0.615291
0.625364
0.620165
0.620434
0.625723
0.62215
0.625872
0.622589
0.620585
0.614786
0.624657
0.620404
0.62044
0.625306
0.622444
0.625936
0.622069
0.623813
0.615768
0.625279
0.620609
0.620254
0.625442
0.621941
0.62575
0.622322
0.621492
0.615204
0.625776
0.6206
0.62046
0.626436
0.622529
0.625918
0.622795
0.62465
0.615392
0.625377
0.620585
0.620482
0.62516
0.622377
0.625964
0.621905
0.62082
0.615364
0.626399
0.620956
0.619736
0.625501
0.621946
0.62569
0.622667
0.622056
0.616529
0.62487
0.620828
0.620403
0.626776
0.62234
0.625636
0.622766
0.620495
0.615028
0.626113
0.620687
0.62003
0.624588
0.62243
0.625638
0.622684
0.621429
0.615715
0.625779
0.624302
0.621106
0.62566
0.622102
0.625344
0.62181
0.620085
0.614868
0.624722
0.619975
0.620889
0.625183
0.622749
0.625866
0.622751
0.620781
0.615026
0.625639
0.620713
0.623173
0.625318
0.622561
0.625487
0.622652
0.62095
0.615208
0.624938
0.620782
0.620657
0.625689
0.622275
0.620586
0.616291
0.614628
0.609312
0.620095
0.615117
0.61443
0.619079
0.616903
0.620232
0.616936
0.615724
0.610541
0.61965
0.615241
0.614314
0.620297
0.616869
0.620235
0.616705
0.615317
0.609174
0.619688
0.615253
0.616434
0.620107
0.61712
0.621933
0.617149
0.615825
0.61007
0.62001
0.614465
0.614561
0.619996
0.617145
0.620008
0.617151
0.615067
0.609536
0.619749
0.61636
0.616039
0.620556
0.616766
0.620173
0.616651
0.614957
0.609571
0.61934
0.614948
0.614386
0.619832
0.616572
0.620463
0.617469
0.614763
0.609065
0.620129
0.61557
0.616056
0.619483
0.61625
0.620215
0.617016
0.615625
0.609546
0.619878
0.614877
0.615156
0.620776
0.616709
0.619983
0.618199
0.614558
0.609659
0.619994
0.615528
0.615089
0.620188
0.61657
0.619903
0.617184
0.615331
0.609703
0.623054
0.615365
0.614565
0.620093
0.617232
0.620462
0.617528
0.615809
0.610138
0.619728
0.61525
0.615786
0.620338
0.618079
0.620844
0.61707
0.614941
0.610253
0.620105
0.615758
0.615141
0.620084
0.617118
0.619853
0.617047
0.614953
0.609466
0.620038
0.615456
0.614861
0.619957
0.617049
0.61984
0.617151
0.614701
0.609709
0.619535
0.614769
0.614205
0.619875
0.616958
0.619931
0.617555
0.614765
0.609424
0.619329
0.61528
0.614204
0.619788
0.616544
0.620422
0.616425
0.615742
0.609967
0.620642
0.614956
0.615108
0.623896
0.616562
0.620319
0.617132
0.615642
0.609324
0.619693
0.615016
0.614647
0.620004
0.616761
0.619646
0.61679
0.615414
0.610719
0.619937
0.615374
0.614283
0.619711
0.616088
0.620082
0.616722
0.615191
0.609414
0.619918
0.615202
0.61519
0.620073
0.617058
0.620438
0.6175
0.614924
0.609252
0.619984
0.61521
0.614576
0.61996
0.616924
0.619993
0.616808
0.615057
0.609343
0.620928
0.614951
0.614646
0.62079
0.616311
0.619896
0.617056
0.61481
0.609505
0.62008
0.615215
0.615518
0.620053
0.616342
0.620366
0.618452
0.614785
0.608888
0.619481
0.615837
0.614994
0.619634
0.616293
0.620993
0.61671
0.61573
0.609777
0.620325
0.61549
0.61506
0.621024
0.61645
0.620221
0.617209
0.614889
0.610235
0.620069
0.615795
0.614716
0.620113
0.617003
0.619576
0.616999
0.615059
0.609357
0.620796
0.615405
0.614948
0.620269
0.616872
0.620227
0.617032
0.616492
0.610036
0.619764
0.615715
0.615206
0.620408
0.617224
0.620514
0.616973
0.614592
0.60937
0.619593
0.61477
0.614965
0.619377
0.616934
0.620098
0.616747
0.615355
0.609265
0.620672
0.617937
0.614413
0.620511
0.617133
0.620018
0.616648
0.615248
0.608927
0.61916
0.615506
0.614266
0.619913
0.616677
0.620796
0.61644
0.614741
0.609942
0.620273
0.617137
0.614491
0.619801
0.616775
0.620565
0.616661
0.616483
0.604897
0.61979
0.609792
0.608935
0.61548
0.611066
0.614433
0.611438
0.60951
0.60358
0.614508
0.610477
0.60934
0.613831
0.61095
0.614719
0.61081
0.610632
0.605015
0.615093
0.609392
0.609057
0.615352
0.611128
0.614593
0.611453
0.610123
0.604536
0.614142
0.610094
0.610103
0.614629
0.614196
0.615346
0.611552
0.609502
0.604402
0.614816
0.609337
0.608783
0.614399
0.612627
0.614918
0.611783
0.609937
0.60393
0.61659
0.611286
0.609302
0.615289
0.611337
0.614447
0.611328
0.609183
0.603543
0.613968
0.609209
0.609347
0.614312
0.611697
0.614681
0.611092
0.608993
0.603807
0.61537
0.610542
0.608843
0.614659
0.611132
0.614242
0.611142
0.610914
0.60471
0.614693
0.609454
0.609601
0.615384
0.611454
0.614685
0.611935
0.609117
0.604272
0.614816
0.610394
0.609318
0.614178
0.611056
0.614171
0.611195
0.610102
0.604358
0.617375
0.610539
0.609514
0.61473
0.611254
0.615036
0.611192
0.610019
0.604442
0.614107
0.61033
0.610282
0.613961
0.612948
0.614786
0.611433
0.609575
0.603834
0.614671
0.609308
0.608915
0.613976
0.611682
0.614253
0.611736
0.609795
0.603888
0.614208
0.610624
0.608875
0.615058
0.610699
0.614223
0.611005
0.60942
0.604286
0.614156
0.609164
0.608743
0.614689
0.611616
0.614916
0.611955
0.61007
0.60374
0.614062
0.610248
0.608823
0.614492
0.610947
0.614988
0.611234
0.60946
0.60383
0.614907
0.609727
0.608789
0.617716
0.611203
0.615004
0.610797
0.609295
0.603792
0.614876
0.609361
0.609076
0.614083
0.611335
0.614626
0.611234
0.609381
0.605091
0.614769
0.609532
0.608937
0.614918
0.611541
0.614748
0.611326
0.610023
0.603913
0.614514
0.609591
0.609617
0.615723
0.610962
0.61521
0.611952
0.610054
0.603611
0.615148
0.610141
0.609253
0.614009
0.611477
0.614797
0.611365
0.609507
0.603815
0.614451
0.610173
0.60942
0.614944
0.610925
0.615755
0.611037
0.609078
0.603615
0.614738
0.609449
0.609083
0.614756
0.611412
0.61503
0.611798
0.61232
0.604005
0.615179
0.609795
0.609271
0.61416
0.611583
0.614408
0.61135
0.609719
0.604331
0.61481
0.609385
0.609477
0.616255
0.611703
0.614455
0.611991
0.60979
0.604571
0.614641
0.610053
0.610115
0.614463
0.611515
0.6146
0.611097
0.609258
0.604385
0.614855
0.609448
0.609341
0.614356
0.611432
0.614797
0.611443
0.610635
0.603878
0.613979
0.60996
0.608959
0.615413
0.611312
0.614962
0.611576
0.60925
0.604293
0.61403
0.610292
0.609037
0.613987
0.611177
0.614393
0.610972
0.609467
0.60443
0.614896
0.611176
0.610085
0.614979
0.611508
0.614156
0.611879
0.610485
0.604341
0.613942
0.609523
0.609264
0.615205
0.610985
0.61462
0.611646
0.610163
0.604049
0.614697
0.609943
0.609262
0.614045
0.610917
0.61431
0.61142
0.61007
0.604462
0.615025
0.609751
0.608749
0.616211
0.611242
0.615141
0.61213
0.609086
0.603655
0.614068
0.60965
0.609471
0.614715
0.611209
0.614495
0.611402
0.609951
0.604984
0.615025
0.609375
0.608844
0.614987
0.610881
0.615333
0.611183
0.610258
0.60443
0.614356
0.610171
0.611141
0.614291
0.611284
0.617085
0.611609
0.609278
0.603792
0.614567
0.609302
0.60906
0.613745
0.611076
0.614632
0.611558
0.609414
0.604193
0.61527
0.610719
0.610219
0.615248
0.611163
0.614582
0.6111
0.610342
0.604293
0.614644
0.609794
0.609253
0.615187
0.611137
0.614269
0.611516
0.609736
0.603827
0.615397
0.610582
0.609344
0.614674
0.611791
0.61434
0.610993
0.610582
0.605033
0.614563
0.610139
0.609893
0.615388
0.611426
0.61568
0.611743
0.609516
0.604238
0.614185
0.610235
0.609194
0.61419
0.611059
0.609181
0.611264
0.610069
0.599146
0.618038
0.604589
0.609145
0.6093
0.610988
0.609122
0.605718
0.604958
0.598481
0.608875
0.604582
0.604272
0.609673
0.60564
0.609731
0.605734
0.604351
0.598533
0.609249
0.603782
0.603267
0.608789
0.605814
0.609448
0.60614
0.604975
0.598222
0.608711
0.604194
0.603437
0.610069
0.605561
0.609034
0.605495
0.604285
0.598132
0.608952
0.604433
0.603612
0.608592
0.605699
0.608992
0.605756
0.604169
0.598605
0.60901
0.604009
0.603485
0.608741
0.605901
0.608986
0.605902
0.605141
0.598876
0.609028
0.604352
0.603635
0.609636
0.609422
0.609522
0.606058
0.603977
0.598409
0.609375
0.604457
0.603399
0.608801
0.605382
0.608989
0.605892
0.60461
0.598295
0.610576
0.605623
0.604641
0.609202
0.605679
0.609372
0.606008
0.604928
0.598623
0.608814
0.604037
0.604266
0.611122
0.606037
0.60909
0.605634
0.604029
0.598709
0.609818
0.604347
0.603263
0.608836
0.605393
0.60898
0.605847
0.604667
0.599386
0.609685
0.605117
0.604078
0.609342
0.605853
0.608779
0.606088
0.60405
0.598354
0.609083
0.604183
0.603927
0.608849
0.606184
0.608992
0.606304
0.604247
0.599042
0.612165
0.605338
0.604346
0.60912
0.605876
0.610589
0.605529
0.604627
0.598415
0.609165
0.603682
0.603788
0.609498
0.606027
0.610112
0.607621
0.603893
0.598034
0.609267
0.604644
0.603433
0.608717
0.6061
0.609122
0.605649
0.604689
0.59885
0.608615
0.604722
0.603127
0.608915
0.605345
0.608932
0.605639
0.603867
0.598465
0.60887
0.604118
0.60341
0.609051
0.606057
0.60922
0.606403
0.604821
0.599046
0.608862
0.60401
0.603432
0.608864
0.60605
0.609109
0.605493
0.604136
0.598146
0.60914
0.604748
0.603174
0.609618
0.607751
0.609579
0.605388
0.604801
0.599046
0.609171
0.604436
0.603734
0.609266
0.605981
0.609489
0.606049
0.603924
0.597719
0.610665
0.604777
0.603737
0.608785
0.608034
0.60903
0.605982
0.605332
0.59889
0.60986
0.604544
0.603796
0.609618
0.60532
0.609001
0.605966
0.604276
0.598769
0.609341
0.604717
0.603729
0.608711
0.605275
0.609031
0.605743
0.603691
0.598606
0.609157
0.604194
0.604
0.609005
0.605814
0.609141
0.605526
0.604669
0.598849
0.60925
0.604306
0.604231
0.609493
0.605872
0.608827
0.606156
0.604519
0.598853
0.611809
0.604753
0.603557
0.609071
0.60574
0.608902
0.606364
0.604473
0.598227
0.610232
0.604853
0.603976
0.609447
0.6062
0.609495
0.605868
0.604955
0.599403
0.608987
0.604496
0.60441
0.608861
0.605891
0.609594
0.606232
0.60344
0.598091
0.60894
0.604605
0.603952
0.608716
0.605456
0.609448
0.605893
0.604637
0.5984
0.609241
0.603958
0.603198
0.609781
0.606029
0.609067
0.606352
0.604308
0.597748
0.608903
0.604932
0.603629
0.608576
0.605322
0.60896
0.605988
0.604779
0.599435
0.610135
0.603664
0.603265
0.612401
0.605869
