1.35068
1.06586
-0.865523
-0.844
-0.824162
-0.805832
-0.788852
-0.773085
-0.758407
-0.744725
-0.731936
-0.719964
-0.708732
-0.698174
-0.688228
-0.678839
-0.669957
-0.661534
-0.653528
-0.645898
-0.638608
-0.631626
-0.624924
-0.618478
-0.612268
-0.606277
-0.60049
-0.594893
-0.589478
-0.584233
-0.579149
-0.574219
-0.569435
-0.56479
-0.560279
-0.555895
-0.551632
-0.547468
-0.543454
-0.539512
-0.535705
-0.531967
-0.528352
-0.524803
-0.521493
-0.518057
-0.515161
-0.511794
-0.509039
-0.505778
-0.503133
-0.500004
-0.497445
-0.494446
-0.491972
-0.4891
-0.48671
-0.483963
-0.481654
-0.479028
-0.476797
-0.474288
-0.472132
-0.469736
-0.467652
-0.465364
-0.46335
-0.461166
-0.459217
-0.457134
-0.455247
-0.453261
-0.451433
-0.44954
-0.447767
-0.445975
-0.444232
-0.442525
-0.440851
-0.439207
-0.437592
-0.436006
-0.434448
-0.432916
-0.431412
-0.429934
-0.428481
-0.427054
-0.42565
-0.424271
-0.422915
-0.421582
-0.420272
-0.418983
-0.417716
-0.41647
-0.415245
-0.41404
-0.412854
-0.411688
-0.410541
-0.409413
-0.408303
-0.40721
-0.406136
-0.405078
-0.404037
-0.403012
-0.402004
-0.401012
-0.400035
-0.399073
-0.398126
-0.397194
-0.396277
-0.395373
-0.394483
-0.393607
-0.392744
-0.391894
-0.391057
-0.390233
-0.389421
-0.388621
-0.387833
-0.387057
-0.386292
-0.385538
-0.384796
-0.384064
-0.383343
-0.382633
-0.381933
-0.381243
-0.380563
-0.379893
-0.379232
-0.378581
-0.377939
-0.377307
-0.376683
-0.376068
-0.375462
-0.374864
-0.374275
-0.373694
-0.373121
-0.372556
-0.371999
-0.37145
-0.370908
-0.370374
-0.369847
-0.369327
-0.368814
-0.368308
-0.36781
-0.367318
-0.366832
-0.366354
-0.365881
-0.365415
-0.364956
-0.364502
-0.364055
-0.363613
-0.363177
-0.362748
-0.362323
-0.361905
-0.361492
-0.361084
-0.360682
-0.360285
-0.359893
-0.359507
-0.359125
-0.358748
-0.358377
-0.35801
-0.357648
-0.35729
-0.356937
-0.356589
-0.356245
-0.355906
-0.355571
-0.35524
-0.354913
-0.354591
-0.354272
-0.353958
-0.353648
-0.353341
-0.353039
-0.35274
-0.352445
-0.352154
-0.351866
-0.351582
-0.351302
-0.351025
-0.350751
-0.350481
-0.350214
-0.349951
-0.349691
-0.349434
-0.34918
-0.34893
-0.348682
-0.348438
-0.348196
-0.347958
-0.347722
-0.34749
-0.34726
-0.347033
-0.346808
-0.346587
-0.346368
-0.346152
-0.345938
-0.345727
-0.345519
-0.345313
-0.34511
-0.344909
-0.34471
-0.344514
-0.34432
-0.344129
-0.34394
-0.343753
-0.343568
-0.343386
-0.343206
-0.343028
-0.342852
-0.342678
-0.342506
-0.342336
-0.342169
-0.342003
-0.341839
-0.341677
-0.341517
-0.341359
-0.341203
-0.341049
-0.340897
-0.340746
-0.340597
-0.34045
-0.340304
-0.340161
-0.340019
-0.339878
-0.339739
-0.339602
-0.339467
-0.339333
-0.339201
-0.33907
-0.338941
-0.338813
-0.338686
-0.338562
-0.338438
-0.338316
-0.338196
-0.338077
-0.337959
-0.337843
-0.337728
-0.337614
-0.337501
-0.33739
-0.337281
-0.337172
-0.337065
-0.336959
-0.336854
-0.33675
-0.336648
-0.336547
-0.336446
-0.336347
-0.33625
-0.336153
-0.336057
-0.335963
-0.33587
-0.335777
-0.335686
-0.335596
-0.335506
-0.335418
-0.335331
-0.335245
-0.33516
-0.335075
-0.334992
-0.33491
-0.334828
-0.334748
-0.334668
-0.33459
-0.334512
-0.334435
-0.334359
-0.334284
-0.33421
-0.334136
-0.334064
-0.333992
-0.333921
-0.333851
-0.333781
-0.333713
-0.333645
-0.333578
-0.333511
-0.333446
-0.333381
-0.333317
-0.333254
-0.333191
-0.333129
-0.333068
-0.333007
-0.332947
-0.332888
-0.332829
-0.332772
-0.332714
-0.332658
-0.332602
-0.332546
-0.332492
-0.332438
-0.332384
-0.332331
-0.332279
-0.332227
-0.332176
-0.332125
-0.332075
-0.332026
-0.331977
-0.331929
-0.331881
-0.331834
-0.331787
-0.331741
-0.331695
-0.33165
-0.331605
-0.331561
-0.331517
-0.331474
-0.331431
-0.331389
-0.331347
-0.331306
-0.331265
-0.331225
-0.331185
-0.331145
-0.331106
-0.331067
-0.331029
-0.330991
-0.330954
-0.330917
-0.33088
-0.330844
-0.330808
-0.330773
-0.330738
-0.330704
-0.330669
-0.330636
-0.330602
-0.330569
-0.330536
-0.330504
-0.330472
-0.33044
-0.330409
-0.330378
-0.330348
-0.330317
-0.330288
-0.330258
-0.330229
-0.3302
-0.330171
-0.330143
-0.330115
-0.330087
-0.33006
-0.330033
-0.330006
-0.329979
-0.329953
-0.329927
-0.329902
-0.329876
-0.329851
-0.329827
-0.329802
-0.329778
-0.329754
-0.32973
-0.329707
-0.329684
-0.329661
-0.329638
-0.329616
-0.329593
-0.329571
-0.32955
-0.329528
-0.329507
-0.329486
-0.329465
-0.329445
-0.329424
-0.329404
-0.329385
-0.329365
-0.329345
-0.329326
-0.329307
-0.329288
-0.32927
-0.329252
-0.329233
-0.329215
-0.329198
-0.32918
-0.329163
-0.329145
-0.329128
-0.329112
-0.329095
-0.329078
-0.329062
-0.329046
-0.32903
-0.329014
-0.328999
-0.328983
-0.328968
-0.328953
-0.328938
-0.328923
-0.328909
-0.328894
-0.32888
-0.328866
-0.328852
-0.328838
-0.328825
-0.328811
-0.328798
-0.328785
-0.328772
-0.328759
-0.328746
-0.328733
-0.328721
-0.328708
-0.328696
-0.328684
-0.328672
-0.32866
-0.328649
-0.328637
-0.328626
-0.328614
-0.328603
-0.328592
-0.328581
-0.32857
-0.328559
-0.328549
-0.328538
-0.328528
-0.328518
-0.328508
-0.328498
-0.328488
-0.328478
-0.328468
-0.328459
-0.328449
-0.32844
-0.32843
-0.328421
-0.328412
-0.328403
-0.328394
-0.328385
-0.328377
-0.328368
-0.32836
-0.328351
-0.328343
-0.328335
-0.328326
-0.328318
-0.32831
-0.328303
-0.328295
-0.328287
-0.328279
-0.328272
-0.328264
-0.328257
-0.32825
-0.328243
-0.328235
-0.328228
-0.328221
-0.328214
-0.328208
-0.328201
-0.328194
-0.328188
-0.328181
-0.328175
-0.328168
-0.328162
-0.328156
-0.328149
-0.328143
-0.328137
-0.328131
-0.328125
-0.328119
-0.328114
-0.328108
-0.328102
-0.328097
-0.328091
-0.328086
-0.32808
-0.328075
-0.328069
-0.328064
-0.328059
-0.328054
-0.328049
-0.328044
-0.328039
-0.328034
-0.328029
-0.328024
-0.328019
-0.328015
-0.32801
-0.328005
-0.328001
-0.327996
-0.327992
-0.327988
-0.327983
-0.327979
-0.327975
-0.32797
-0.327966
-0.327962
-0.327958
-0.327954
-0.32795
-0.327946
-0.327942
-0.327938
-0.327934
-0.327931
-0.327927
-0.327923
-0.32792
-0.327916
-0.327912
-0.327909
-0.327905
-0.327902
-0.327898
-0.327895
-0.327892
-0.327888
-0.327885
-0.327882
-0.327879
-0.327875
-0.327872
-0.327869
-0.327866
-0.327863
-0.32786
-0.327857
-0.327854
-0.327851
-0.327848
-0.327845
-0.327843
-0.32784
-0.327837
-0.327834
-0.327832
-0.327829
-0.327826
-0.327824
-0.327821
-0.327819
-0.327816
-0.327814
-0.327811
-0.327809
-0.327806
-0.327804
-0.327802
-0.327799
-0.327797
-0.327795
-0.327792
-0.32779
-0.327788
-0.327786
-0.327784
-0.327781
-0.327779
-0.327777
-0.327775
-0.327773
-0.327771
-0.327769
-0.327767
-0.327765
-0.327763
-0.327761
-0.327759
-0.327757
-0.327756
-0.327754
-0.327752
-0.32775
-0.327748
-0.327747
-0.327745
-0.327743
-0.327741
-0.32774
-0.327738
-0.327736
-0.327735
-0.327733
-0.327732
-0.32773
-0.327729
-0.327727
-0.327725
-0.327724
-0.327722
-0.327721
-0.32772
-0.327718
-0.327717
-0.327715
-0.327714
-0.327712
-0.327711
-0.32771
-0.327708
-0.327707
-0.327706
-0.327704
-0.327703
-0.327702
-0.327701
-0.327699
-0.327698
-0.327697
-0.327696
-0.327695
-0.327693
-0.327692
-0.327691
-0.32769
-0.327689
-0.327688
-0.327687
-0.327686
-0.327684
-0.327683
-0.327682
-0.327681
-0.32768
-0.327679
-0.327678
-0.327677
-0.327676
-0.327675
-0.327674
-0.327673
-0.327672
-0.327671
-0.327671
-0.32767
-0.327669
-0.327668
-0.327667
-0.327666
-0.327665
-0.327664
-0.327664
-0.327663
-0.327662
-0.327661
-0.32766
-0.327659
-0.327659
-0.327658
-0.327657
-0.327656
-0.327656
-0.327655
-0.327654
-0.327653
-0.327653
-0.327652
-0.327651
-0.32765
-0.32765
-0.327649
-0.327648
-0.327648
-0.327647
-0.327646
-0.327646
-0.327645
-0.327644
-0.327644
-0.327643
-0.327643
-0.327642
-0.327641
-0.327641
-0.32764
-0.32764
-0.327639
-0.327638
-0.327638
-0.327637
-0.327637
-0.327636
-0.327636
-0.327635
-0.327635
-0.327634
-0.327634
-0.327633
-0.327633
-0.327632
-0.327632
-0.327631
-0.327631
-0.32763
-0.32763
-0.327629
-0.327629
-0.327628
-0.327628
-0.327627
-0.327627
-0.327627
-0.327626
-0.327626
-0.327625
-0.327625
-0.327624
-0.327624
-0.327624
-0.327623
-0.327623
-0.327622
-0.327622
-0.327622
-0.327621
-0.327621
-0.32762
-0.32762
-0.32762
-0.327619
-0.327619
-0.327619
-0.327618
-0.327618
-0.327618
-0.327617
-0.327617
-0.327617
-0.327616
-0.327616
-0.327616
-0.327615
-0.327615
-0.327615
-0.327614
-0.327614
-0.327614
-0.327614
-0.327613
-0.327613
-0.327613
-0.327612
-0.327612
-0.327612
-0.327612
-0.327611
-0.327611
-0.327611
-0.32761
-0.32761
-0.32761
-0.32761
-0.327609
-0.327609
-0.327609
-0.327609
-0.327608
-0.327608
-0.327608
-0.327608
-0.327608
-0.327607
-0.327607
-0.327607
-0.327607
-0.327606
-0.327606
-0.327606
-0.327606
-0.327606
-0.327605
-0.327605
-0.327605
-0.327605
-0.327605
-0.327604
-0.327604
-0.327604
-0.327604
-0.327604
-0.327603
-0.327603
-0.327603
-0.327603
-0.327603
-0.327602
-0.327602
-0.327602
-0.327602
-0.327602
-0.327602
-0.327601
-0.327601
-0.327601
-0.327601
-0.327601
-0.327601
-0.327601
-0.3276
-0.3276
-0.3276
-0.3276
-0.3276
-0.3276
-0.3276
-0.327599
-0.327599
-0.327599
-0.327599
-0.327599
-0.327599
-0.327599
-0.327598
-0.327598
-0.327598
-0.327598
-0.327598
-0.327598
-0.327598
-0.327598
-0.327597
-0.327597
-0.327597
-0.327597
-0.327597
-0.327597
-0.327597
-0.327597
-0.327597
-0.327596
-0.327596
-0.327596
-0.327596
-0.327596
-0.327596
-0.327596
-0.327596
-0.327596
-0.327595
-0.327595
-0.327595
-0.327595
-0.327595
-0.327595
-0.327595
-0.327595
-0.327595
-0.327595
-0.327595
-0.327594
-0.327594
-0.327594
-0.327594
-0.327594
-0.327594
-0.327594
-0.327594
-0.327594
-0.327594
-0.327594
-0.327594
-0.327593
-0.327593
-0.327593
-0.327593
-0.327593
-0.327593
-0.327593
-0.327593
-0.327593
-0.327593
-0.327593
-0.327593
-0.327593
-0.327593
-0.327592
-0.327592
-0.327592
-0.327592
-0.327592
-0.327592
-0.327592
-0.327592
-0.327592
-0.327592
-0.327592
-0.327592
-0.327592
-0.327592
-0.327592
-0.327592
-0.327592
-0.327591
-0.327591
-0.327591
-0.327591
-0.327591
-0.327591
-0.327591
-0.327591
-0.327591
-0.327591
-0.327591
-0.327591
-0.327591
-0.327591
-0.327591
-0.327591
-0.327591
-0.327591
-0.327591
-0.327591
-0.327591
-0.32759
-0.32759
-0.32759
-0.32759
-0.32759
-0.32759
-0.32759
-0.32759
-0.32759
-0.32759
-0.32759
-0.32759
-0.32759
-0.32759
-0.32759
-0.32759
-0.32759
-0.32759
-0.32759
-0.32759
-0.32759
-0.32759
-0.32759
-0.32759
-0.32759
-0.32759
-0.327589
-0.327589
-0.327589
-0.327589
-0.327589
-0.327589
-0.327589
-0.327589
-0.327589
-0.327589
-0.327589
-0.327589
-0.327589
-0.327589
-0.327589
-0.327589
-0.327589
-0.327589
-0.327589
-0.327589
-0.327589
-0.327589
-0.327589
-0.327589
-0.327589
-0.327589
-0.327589
-0.327589
-0.327589
-0.327589
-0.327589
-0.327589
-0.327589
-0.327589
-0.327589
-0.327589
-0.327589
-0.327588
-0.327588
-0.327588
-0.327588
-0.327588
-0.327588
-0.327588
-0.327588
-0.327588
-0.327588
-0.327588
-0.327588
-0.327588
-0.327588
-0.327588
-0.327588
-0.327588
-0.327588
-0.327588
-0.327588
-0.327588
-0.327588
-0.327588
-0.327588
-0.327588
-0.327588
-0.327588
-0.327588
-0.327588
-0.327588
-0.327588
-0.327588
-0.327588
-0.327588
-0.327588
-0.327588
-0.327588
-0.327588
-0.327588
-0.327588
-0.327588
-0.327588
-0.327588
-0.327588
-0.327588
-0.327588
-0.327588
-0.327588
-0.327588
-0.327588
-0.327588
-0.327588
-0.327588
-0.327588
-0.327588
-0.327588
-0.327588
-0.327588
-0.327588
-0.327588
-0.327588
-0.327588
-0.327588
-0.327588
-0.327588
-0.327587
-0.327587
-0.327587
-0.327587
-0.327587
-0.327587
-0.327587
-0.327587
-0.327587
-0.327587
-0.327587
-0.327587
-0.327587
-0.327587
-0.327587
-0.327587
-0.327587
-0.327587
-0.327587
-0.327587
-0.327587
-0.327587
-0.327587
-0.327587
-0.327587
-0.327587
-0.327587
-0.327587
-0.327587
-0.327587
-0.327587
-0.327587
-0.327587
-0.327587
-0.327587
-0.327587
-0.327587
-0.327587
-0.327587
-0.327587
-0.327587
-0.327587
-0.327587
-0.327587
-0.327587
-0.327587
-0.327587
-0.327587
-0.327587
-0.327587
-0.327587
-0.327587
-0.327587
-0.327587
-0.327587
-0.327587
-0.327587
-0.327587
-0.327587
-0.327587
-0.327587
-0.327587
-0.327587
-0.327587
-0.327587
-0.327587
-0.327587
-0.327587
-0.327587
-0.327587
-0.327587
-0.327587
-0.327587
-0.327587
-0.327587
-0.327587
-0.327587
-0.327587
-0.327587
-0.327587
-0.327587
-0.327587
-0.327587
-0.327587
-0.327587
-0.327587
-0.327587
-0.327587
-0.327587
-0.327587
-0.327587
-0.327587
-0.327587
-0.327587
-0.327587
-0.327587
-0.327587
-0.327587
-0.327587
-0.327587
-0.327587
-0.327587
-0.327587
-0.327587
-0.327587
-0.327587
-0.327587
-0.327587
-0.327587
-0.327587
-0.327587
-0.327587
-0.327587
-0.327587
-0.327587
-0.327587
-0.327587
-0.327587
-0.327587
-0.327587
-0.327587
-0.327587
-0.327587
-0.327587
-0.327587
-0.327587
-0.327587
-0.327587
-0.327587
-0.327587
-0.327587
-0.327587
-0.327587
-0.327587
-0.327587
-0.327587
-0.327587
-0.327587
-0.327587
-0.327587
-0.327587
-0.327587
-0.327587
-0.327587
-0.327587
-0.327587
-0.327587
-0.327587
-0.327587
-0.327587
-0.327587
-0.327587
-0.327587
-0.327587
-0.327587
-0.327587
-0.327587
-0.327587
-0.327587
-0.327587
-0.327587
-0.327587
-0.327587
-0.327587
-0.327587
-0.327587
-0.327587
-0.327587
-0.327587
-0.327587
-0.327587
-0.327587
-0.327587
-0.327587
-0.327587
-0.327587
-0.327587
-0.327587
-0.327587
-0.327587
-0.327587
-0.327587
-0.327587
-0.327587
-0.327587
-0.327587
-0.327587
-0.327587
-0.327587
-0.327587
-0.327587
-0.327587
-0.327587
-0.327587
-0.327587
-0.327587
-0.327587
-0.327587
-0.327587
-0.327587
-0.327587
-0.327587
-0.327587
-0.327587
-0.327587
-0.327587
-0.327587
-0.327587
-0.327587
-0.327587
-0.327587
-0.327587
-0.327587
-0.327587
-0.327587
-0.327587
-0.327587
-0.327587
-0.327587
-0.327587
-0.327587
-0.327587
-0.327587
-0.327587
-0.327587
-0.327587
-0.327587
-0.327587
-0.327587
-0.327587
-0.327587
-0.327587
-0.327587
-0.327587
-0.327587
-0.327587
-0.327587
-0.327587
-0.327587
-0.327587
-0.327587
-0.327587
-0.327587
-0.327587
-0.327587
-0.327587
-0.327587
-0.327587
-0.327587
-0.327587
-0.327587
-0.327587
-0.327587
-0.327587
-0.327587
-0.327587
-0.327587
-0.327587
-0.327587
-0.327587
-0.327587
-0.327587
-0.327587
-0.327587
-0.327587
-0.327587
-0.327587
-0.327587
-0.327587
-0.327587
-0.327587
-0.327587
-0.327587
-0.327587
-0.327587
-0.327587
-0.327587
-0.327587
-0.327587
-0.327587
-0.327587
-0.327587
-0.327587
-0.327587
-0.327587
-0.327587
-0.327587
-0.327587
-0.327587
-0.327587
-0.327587
-0.327587
-0.327587
-0.327587
-0.327587
-0.327587
-0.327587
-0.327587
-0.327587
-0.327587
-0.327587
-0.327587
-0.327587
-0.327587
-0.327587
-0.327587
-0.327587
-0.327587
-0.327587
-0.327587
-0.327587
-0.327587
-0.327587
-0.327587
-0.327587
-0.327587
-0.327587
-0.327587
-0.327587
-0.327587
-0.327587
-0.327587
-0.327587
-0.327587
-0.327587
-0.327587
-0.327587
-0.327587
-0.327587
-0.327587
-0.327587
-0.327587
-0.327587
-0.327587
-0.327587
-0.327587
-0.327587
-0.327587
-0.327587
-0.327587
-0.327587
-0.327587
-0.327587
-0.327587
-0.327587
-0.327587
-0.327587
-0.327587
-0.327587
-0.327587
-0.327587
-0.327587
-0.327587
-0.327587
-0.327587
-0.327587
-0.327587
-0.327587
-0.327587
-0.327587
-0.327587
-0.327587
-0.327587
-0.327587
-0.327587
-0.327587
-0.327587
-0.327587
-0.327587
-0.327587
-0.327587
-0.327587
-0.327587
-0.327587
-0.327587
-0.327587
-0.327587
-0.327587
-0.327587
-0.327587
-0.327587
-0.327587
-0.327587
-0.327587
-0.327587
-0.327587
-0.327587
-0.327587
-0.327587
-0.327587
-0.327587
-0.327587
-0.327587
-0.327587
-0.327587
-0.327587
-0.327587
-0.327587
-0.327587
-0.327587
-0.327587
-0.327587
-0.327587
-0.327587
-0.327587
-0.327587
-0.327587
-0.327587
-0.327587
-0.327587
-0.327587
-0.327587
-0.327587
-0.327587
-0.327587
-0.327587
-0.327587
-0.327587
-0.327587
-0.327587
-0.327587
-0.327587
-0.327587
-0.327587
-0.327587
-0.327587
-0.327587
-0.327587
-0.327587
-0.327587
-0.327587
-0.327587
-0.327587
-0.327587
-0.327587
-0.327587
-0.327587
-0.327587
-0.327587
-0.327587
-0.327587
-0.327587
-0.327587
-0.327587
-0.327587
-0.327587
-0.327587
-0.327587
-0.327587
-0.327587
-0.327587
-0.327587
-0.327587
-0.327587
-0.327587
-0.327587
-0.327587
-0.327587
-0.327587
-0.327587
-0.327587
-0.327587
-0.327587
-0.327587
-0.327587
-0.327587
-0.327587
-0.327587
-0.327587
-0.327587
-0.327587
-0.327587
-0.327587
-0.327587
-0.327587
-0.327587
-0.327587
-0.327587
-0.327587
-0.327587
-0.327587
-0.327587
-0.327587
-0.327587
-0.327587
-0.327587
-0.327587
-0.327587
-0.327587
-0.327587
-0.327587
-0.327587
-0.327587
-0.327587
-0.327587
-0.327587
-0.327587
-0.327587
-0.327587
-0.327587
-0.327587
-0.327587
-0.327587
-0.327587
-0.327587
-0.327587
-0.327587
-0.327587
-0.327587
-0.327587
-0.327587
-0.327587
-0.327587
-0.327587
-0.327587
-0.327587
-0.327587
-0.327587
-0.327587
-0.327587
-0.327587
-0.327587
-0.327587
-0.327587
-0.327587
-0.327587
-0.327587
-0.327587
-0.327587
-0.327587
-0.327587
-0.327587
-0.327587
-0.327587
-0.327587
-0.327587
-0.327587
-0.327587
-0.327587
-0.327587
-0.327587
-0.327587
-0.327587
-0.327587
-0.327587
-0.327587
-0.327587
-0.327587
-0.327587
-0.327587
-0.327587
-0.327587
-0.327587
-0.327587
-0.327587
-0.327587
-0.327587
-0.327587
-0.327587
-0.327587
-0.327587
-0.327587
-0.327587
-0.327587
-0.327587
-0.327587
-0.327587
-0.327587
-0.327587
-0.327587
-0.327587
-0.327587
-0.327587
-0.327587
-0.327587
-0.327587
-0.327587
-0.327587
-0.327587
-0.327587
-0.327587
-0.327587
-0.327587
-0.327587
-0.327587
-0.327587
-0.327587
-0.327587
-0.327587
-0.327587
-0.327587
-0.327587
-0.327587
-0.327587
-0.327587
-0.327587
-0.327587
-0.327587
-0.327587
-0.327587
-0.327587
-0.327587
-0.327587
-0.327587
-0.327587
-0.327587
-0.327587
-0.327587
-0.327587
-0.327587
-0.327587
-0.327587
-0.327587
-0.327587
-0.327587
-0.327587
-0.327587
-0.327587
-0.327587
-0.327587
-0.327587
-0.327587
-0.327587
-0.327587
-0.327587
-0.327587
-0.327587
-0.327587
-0.327587
-0.327587
-0.327587
-0.327587
-0.327587
-0.327587
-0.327587
-0.327587
-0.327587
-0.327587
-0.327587
-0.327587
-0.327587
-0.327587
-0.327587
-0.327587
-0.327587
-0.327587
-0.327587
-0.327587
-0.327587
-0.327587
-0.327587
-0.327587
-0.327587
-0.327587
-0.327587
-0.327587
-0.327587
-0.327587
-0.327587
-0.327587
-0.327587
-0.327587
-0.327587
-0.327587
-0.327587
-0.327587
-0.327587
-0.327587
-0.327587
-0.327587
-0.327587
-0.327587
-0.327587
-0.327587
-0.327587
-0.327587
-0.327587
-0.327587
-0.327587
-0.327587
-0.327587
-0.327587
-0.327587
-0.327587
-0.327587
-0.327587
-0.327587
-0.327587
-0.327587
-0.327587
-0.327587
-0.327587
-0.327587
-0.327587
-0.327587
-0.327587
-0.327587
-0.327587
-0.327587
-0.327587
-0.327587
-0.327587
-0.327587
-0.327587
-0.327587
-0.327587
-0.327587
-0.327587
-0.327587
-0.327587
-0.327587
-0.327587
-0.327587
-0.327587
-0.327587
-0.327587
-0.327587
-0.327587
-0.327587
-0.327587
-0.327587
-0.327587
-0.327587
-0.327587
-0.327587
-0.327587
-0.327587
-0.327587
-0.327587
-0.327587
-0.327587
-0.327587
-0.327587
-0.327587
-0.327587
-0.327587
-0.327587
-0.327587
-0.327587
-0.327587
-0.327587
-0.327587
-0.327587
-0.327587
-0.327587
-0.327587
-0.327587
-0.327587
-0.327587
-0.327587
-0.327587
-0.327587
-0.327587
-0.327587
-0.327587
-0.327587
-0.327587
-0.327587
-0.327587
-0.327587
-0.327587
-0.327587
-0.327587
-0.327587
-0.327587
-0.327587
-0.327587
-0.327587
-0.327587
-0.327587
-0.327587
-0.327587
-0.327587
-0.327587
-0.327587
-0.327587
-0.327587
-0.327587
-0.327587
-0.327587
-0.327587
-0.327587
-0.327587
-0.327587
-0.327587
-0.327587
-0.327587
-0.327587
-0.327587
-0.327587
-0.327587
-0.327587
-0.327587
-0.327587
-0.327587
-0.327587
-0.327587
-0.327587
-0.327587
-0.327587
-0.327587
-0.327587
-0.327587
-0.327587
-0.327587
-0.327587
-0.327587
-0.327587
-0.327587
-0.327587
-0.327587
-0.327587
-0.327587
-0.327587
-0.327587
-0.327587
-0.327587
-0.327587
-0.327587
-0.327587
-0.327587
-0.327587
-0.327587
-0.327587
-0.327587
-0.327587
-0.327587
-0.327587
-0.327587
-0.327587
-0.327587
-0.327587
-0.327587
-0.327587
-0.327587
-0.327587
-0.327587
-0.327587
-0.327587
-0.327587
-0.327587
-0.327587
-0.327587
-0.327587
-0.327587
-0.327587
-0.327587
-0.327587
-0.327587
-0.327587
-0.327587
-0.327587
-0.327587
-0.327587
-0.327587
-0.327587
-0.327587
-0.327587
-0.327587
-0.327587
-0.327587
-0.327587
-0.327587
-0.327587
-0.327587
-0.327587
-0.327587
-0.327587
-0.327587
-0.327587
-0.327587
-0.327587
-0.327587
-0.327587
-0.327587
-0.327587
-0.327587
-0.327587
-0.327587
-0.327587
-0.327587
-0.327587
-0.327587
-0.327587
-0.327587
-0.327587
-0.327587
-0.327587
-0.327587
-0.327587
-0.327587
-0.327587
-0.327587
-0.327587
-0.327587
-0.327587
-0.327587
-0.327587
-0.327587
-0.327587
-0.327587
-0.327587
-0.327587
-0.327587
-0.327587
-0.327587
-0.327587
-0.327587
-0.327587
-0.327587
-0.327587
-0.327587
-0.327587
-0.327587
-0.327587
-0.327587
-0.327587
-0.327587
-0.327587
-0.327587
-0.327587
-0.327587
-0.327587
-0.327587
-0.327587
-0.327587
-0.327587
-0.327587
-0.327587
-0.327587
-0.327587
-0.327587
-0.327587
-0.327587
-0.327587
-0.327587
-0.327587
-0.327587
-0.327587
-0.327587
-0.327587
-0.327587
-0.327587
-0.327587
-0.327587
-0.327587
-0.327587
-0.327587
-0.327587
-0.327587
-0.327587
-0.327587
-0.327587
-0.327587
-0.327587
-0.327587
-0.327587
-0.327587
-0.327587
-0.327587
-0.327587
-0.327587
-0.327587
-0.327587
-0.327587
-0.327587
-0.327587
-0.327587
-0.327587
-0.327587
-0.327587
-0.327587
-0.327587
-0.327587
-0.327587
-0.327587
-0.327587
-0.327587
-0.327587
-0.327587
-0.327587
-0.327587
-0.327587
-0.327587
-0.327587
-0.327587
-0.327587
-0.327587
-0.327587
-0.327587
-0.327587
-0.327587
-0.327587
-0.327587
-0.327587
-0.327587
-0.327587
-0.327587
-0.327587
-0.327587
-0.327587
-0.327587
-0.327587
-0.327587
-0.327587
-0.327587
-0.327587
-0.327587
-0.327587
-0.327587
-0.327587
-0.327587
-0.327587
-0.327587
-0.327587
-0.327587
-0.327587
-0.327587
-0.327587
-0.327587
-0.327587
-0.327587
-0.327587
-0.327587
-0.327587
-0.327587
-0.327587
-0.327587
-0.327587
-0.327587
-0.327587
-0.327587
-0.327587
-0.327587
-0.327587
-0.327587
-0.327587
-0.327587
-0.327587
-0.327587
-0.327587
-0.327587
-0.327587
-0.327587
-0.327587
-0.327587
-0.327587
-0.327587
-0.327587
-0.327587
-0.327587
-0.327587
-0.327587
-0.327587
-0.327587
-0.327587
-0.327587
-0.327587
-0.327587
-0.327587
-0.327587
-0.327587
-0.327587
-0.327587
-0.327587
-0.327587
-0.327587
-0.327587
-0.327587
-0.327587
-0.327587
-0.327587
-0.327587
-0.327587
-0.327587
-0.327587
-0.327587
-0.327587
-0.327587
-0.327587
-0.327587
-0.327587
-0.327587
-0.327587
-0.327587
-0.327587
-0.327587
-0.327587
-0.327587
-0.327587
-0.327587
-0.327587
-0.327587
-0.327587
-0.327587
-0.327587
-0.327587
-0.327587
-0.327587
-0.327587
-0.327587
-0.327587
-0.327587
-0.327587
-0.327587
-0.327587
-0.327587
-0.327587
-0.327587
-0.327587
-0.327587
-0.327587
-0.327587
-0.327587
-0.327587
-0.327587
-0.327587
-0.327587
-0.327587
-0.327587
-0.327587
-0.327587
-0.327587
-0.327587
-0.327587
-0.327587
-0.327587
-0.327587
-0.327587
-0.327587
-0.327587
-0.327587
-0.327587
-0.327587
-0.327587
-0.327587
-0.327587
-0.327587
-0.327587
-0.327587
-0.327587
-0.327587
-0.327587
-0.327587
-0.327587
-0.327587
-0.327587
-0.327587
-0.327587
-0.327587
-0.327587
-0.327587
-0.327587
-0.327587
-0.327587
-0.327587
-0.327587
-0.327587
-0.327587
-0.327587
-0.327587
-0.327587
-0.327587
-0.327587
-0.327587
-0.327587
-0.327587
-0.327587
-0.327587
-0.327587
-0.327587
-0.327587
-0.327587
-0.327587
-0.327587
-0.327587
-0.327587
-0.327587
-0.327587
-0.327587
-0.327587
-0.327587
-0.327587
-0.327587
-0.327587
-0.327587
-0.327587
-0.327587
-0.327587
-0.327587
-0.327587
-0.327587
-0.327587
-0.327587
-0.327587
-0.327587
-0.327587
-0.327587
-0.327587
-0.327587
-0.327587
-0.327587
-0.327587
-0.327587
-0.327587
-0.327587
-0.327587
-0.327587
-0.327587
-0.327587
-0.327587
-0.327587
-0.327587
-0.327587
-0.327587
-0.327587
-0.327587
-0.327587
-0.327587
-0.327587
-0.327587
-0.327587
-0.327587
-0.327587
-0.327587
-0.327587
-0.327587
-0.327587
-0.327587
-0.327587
-0.327587
-0.327587
-0.327587
-0.327587
-0.327587
-0.327587
-0.327587
-0.327587
-0.327587
-0.327587
-0.327587
-0.327587
-0.327587
-0.327587
-0.327587
-0.327587
-0.327587
-0.327587
-0.327587
-0.327587
-0.327587
-0.327587
-0.327587
-0.327587
-0.327587
-0.327587
-0.327587
-0.327587
-0.327587
-0.327587
-0.327587
-0.327587
-0.327587
-0.327587
-0.327587
-0.327587
-0.327587
-0.327587
-0.327587
-0.327587
-0.327587
-0.327587
-0.327587
-0.327587
-0.327587
-0.327587
-0.327587
-0.327587
-0.327587
-0.327587
-0.327587
-0.327587
-0.327587
-0.327587
-0.327587
-0.327587
-0.327587
-0.327587
-0.327587
-0.327587
-0.327587
-0.327587
-0.327587
-0.327587
-0.327587
-0.327587
-0.327587
-0.327587
-0.327587
-0.327587
-0.327587
-0.327587
-0.327587
-0.327587
-0.327587
-0.327587
-0.327587
-0.327587
-0.327587
-0.327587
-0.327587
-0.327587
-0.327587
-0.327587
-0.327587
-0.327587
-0.327587
-0.327587
-0.327587
-0.327587
-0.327587
-0.327587
-0.327587
-0.327587
-0.327587
-0.327587
-0.327587
-0.327587
-0.327587
-0.327587
-0.327587
-0.327587
-0.327587
-0.327587
-0.327587
-0.327587
-0.327587
-0.327587
-0.327587
-0.327587
-0.327587
-0.327587
-0.327587
-0.327587
-0.327587
-0.327587
-0.327587
-0.327587
-0.327587
-0.327587
-0.327587
-0.327587
-0.327587
-0.327587
-0.327587
-0.327587
-0.327587
-0.327587
-0.327587
-0.327587
-0.327587
-0.327587
-0.327587
-0.327587
-0.327587
-0.327587
-0.327587
-0.327587
-0.327587
-0.327587
-0.327587
-0.327587
-0.327587
-0.327587
-0.327587
-0.327587
-0.327587
-0.327587
-0.327587
-0.327587
-0.327587
-0.327587
-0.327587
-0.327587
-0.327587
-0.327587
-0.327587
-0.327587
-0.327587
-0.327587
-0.327587
-0.327587
-0.327587
-0.327587
-0.327587
-0.327587
-0.327587
-0.327587
-0.327587
-0.327587
-0.327587
-0.327587
-0.327587
-0.327587
-0.327587
-0.327587
-0.327587
-0.327587
-0.327587
-0.327587
-0.327587
-0.327587
-0.327587
-0.327587
-0.327587
-0.327587
-0.327587
-0.327587
-0.327587
-0.327587
-0.327587
-0.327587
-0.327587
-0.327587
-0.327587
-0.327587
-0.327587
-0.327587
-0.327587
-0.327587
-0.327587
-0.327587
-0.327587
-0.327587
-0.327587
-0.327587
-0.327587
-0.327587
-0.327587
-0.327587
-0.327587
-0.327587
-0.327587
-0.327587
-0.327587
-0.327587
-0.327587
-0.327587
-0.327587
-0.327587
-0.327587
-0.327587
-0.327587
-0.327587
-0.327587
-0.327587
-0.327587
-0.327587
-0.327587
-0.327587
-0.327587
-0.327587
-0.327587
-0.327587
-0.327587
-0.327587
-0.327587
-0.327587
-0.327587
-0.327587
-0.327587
-0.327587
-0.327587
-0.327587
-0.327587
-0.327587
-0.327587
-0.327587
-0.327587
-0.327587
-0.327587
-0.327587
-0.327587
-0.327587
-0.327587
-0.327587
-0.327587
-0.327587
-0.327587
-0.327587
-0.327587
-0.327587
-0.327587
-0.327587
-0.327587
-0.327587
-0.327587
-0.327587
-0.327587
-0.327587
-0.327587
-0.327587
-0.327587
-0.327587
-0.327587
-0.327587
-0.327587
-0.327587
-0.327587
-0.327587
-0.327587
-0.327587
-0.327587
-0.327587
-0.327587
-0.327587
-0.327587
-0.327587
-0.327587
-0.327587
-0.327587
-0.327587
-0.327587
-0.327587
-0.327587
-0.327587
-0.327587
-0.327587
-0.327587
-0.327587
-0.327587
-0.327587
-0.327587
-0.327587
-0.327587
-0.327587
-0.327587
-0.327587
-0.327587
-0.327587
-0.327587
-0.327587
-0.327587
-0.327587
-0.327587
-0.327587
-0.327587
-0.327587
-0.327587
-0.327587
-0.327587
-0.327587
-0.327587
-0.327587
-0.327587
-0.327587
-0.327587
-0.327587
-0.327587
-0.327587
-0.327587
-0.327587
-0.327587
-0.327587
-0.327587
-0.327587
-0.327587
-0.327587
-0.327587
-0.327587
-0.327587
-0.327587
-0.327587
-0.327587
-0.327587
-0.327587
-0.327587
-0.327587
-0.327587
-0.327587
-0.327587
-0.327587
-0.327587
-0.327587
-0.327587
-0.327587
-0.327587
-0.327587
-0.327587
-0.327587
-0.327587
-0.327587
-0.327587
-0.327587
-0.327587
-0.327587
-0.327587
-0.327587
-0.327587
-0.327587
-0.327587
-0.327587
-0.327587
-0.327587
-0.327587
-0.327587
-0.327587
-0.327587
-0.327587
-0.327587
-0.327587
-0.327587
-0.327587
-0.327587
-0.327587
-0.327587
-0.327587
-0.327587
-0.327587
-0.327587
-0.327587
-0.327587
-0.327587
-0.327587
-0.327587
-0.327587
-0.327587
-0.327587
-0.327587
-0.327587
-0.327587
-0.327587
-0.327587
-0.327587
-0.327587
-0.327587
-0.327587
-0.327587
-0.327587
-0.327587
-0.327587
-0.327587
-0.327587
-0.327587
-0.327587
-0.327587
-0.327587
-0.327587
-0.327587
-0.327587
-0.327587
-0.327587
-0.327587
-0.327587
-0.327587
-0.327587
-0.327587
-0.327587
-0.327587
-0.327587
-0.327587
-0.327587
-0.327587
-0.327587
-0.327587
-0.327587
-0.327587
-0.327587
-0.327587
-0.327587
-0.327587
-0.327587
-0.327587
-0.327587
-0.327587
-0.327587
-0.327587
-0.327587
-0.327587
-0.327587
-0.327587
-0.327587
-0.327587
-0.327587
-0.327587
-0.327587
-0.327587
-0.327587
-0.327587
-0.327587
-0.327587
-0.327587
-0.327587
-0.327587
-0.327587
-0.327587
-0.327587
-0.327587
-0.327587
-0.327587
-0.327587
-0.327587
-0.327587
-0.327587
-0.327587
-0.327587
-0.327587
-0.327587
-0.327587
-0.327587
-0.327587
-0.327587
-0.327587
-0.327587
-0.327587
-0.327587
-0.327587
-0.327587
-0.327587
-0.327587
-0.327587
-0.327587
-0.327587
-0.327587
-0.327587
-0.327587
-0.327587
-0.327587
-0.327587
-0.327587
-0.327587
-0.327587
-0.327587
-0.327587
-0.327587
-0.327587
-0.327587
-0.327587
-0.327587
-0.327587
-0.327587
-0.327587
-0.327587
-0.327587
-0.327587
-0.327587
-0.327587
-0.327587
-0.327587
-0.327587
-0.327587
-0.327587
-0.327587
-0.327587
-0.327587
-0.327587
-0.327587
-0.327587
-0.327587
-0.327587
-0.327587
-0.327587
-0.327587
-0.327587
-0.327587
-0.327587
-0.327587
-0.327587
-0.327587
-0.327587
-0.327587
-0.327587
-0.327587
-0.327587
-0.327587
-0.327587
-0.327587
-0.327587
-0.327587
-0.327587
-0.327587
-0.327587
-0.327587
-0.327587
-0.327587
-0.327587
-0.327587
-0.327587
-0.327587
-0.327587
-0.327587
-0.327587
-0.327587
-0.327587
-0.327587
-0.327587
-0.327587
-0.327587
-0.327587
-0.327587
-0.327587
-0.327587
-0.327587
-0.327587
-0.327587
-0.327587
-0.327587
-0.327587
-0.327587
-0.327587
-0.327587
-0.327587
-0.327587
-0.327587
-0.327587
-0.327587
-0.327587
-0.327587
-0.327587
-0.327587
-0.327587
-0.327587
-0.327587
-0.327587
-0.327587
-0.327587
-0.327587
-0.327587
-0.327587
-0.327587
-0.327587
-0.327587
-0.327587
-0.327587
-0.327587
-0.327587
-0.327587
-0.327587
-0.327587
-0.327587
-0.327587
-0.327587
-0.327587
-0.327587
-0.327587
-0.327587
-0.327587
-0.327587
-0.327587
-0.327587
-0.327587
-0.327587
-0.327587
-0.327587
-0.327587
-0.327587
-0.327587
-0.327587
-0.327587
-0.327587
-0.327587
-0.327587
-0.327587
-0.327587
-0.327587
-0.327587
-0.327587
-0.327587
-0.327587
-0.327587
-0.327587
-0.327587
-0.327587
-0.327587
-0.327587
-0.327587
-0.327587
-0.327587
-0.327587
-0.327587
-0.327587
-0.327587
-0.327587
-0.327587
-0.327587
-0.327587
-0.327587
-0.327587
-0.327587
-0.327587
-0.327587
-0.327587
-0.327587
-0.327587
-0.327587
-0.327587
-0.327587
-0.327587
-0.327587
-0.327587
-0.327587
-0.327587
-0.327587
-0.327587
-0.327587
-0.327587
-0.327587
-0.327587
-0.327587
-0.327587
-0.327587
-0.327587
-0.327587
-0.327587
-0.327587
-0.327587
-0.327587
-0.327587
-0.327587
-0.327587
-0.327587
-0.327587
-0.327587
-0.327587
-0.327587
-0.327587
-0.327587
-0.327587
-0.327587
-0.327587
-0.327587
-0.327587
-0.327587
-0.327587
-0.327587
-0.327587
-0.327587
-0.327587
-0.327587
-0.327587
-0.327587
-0.327587
-0.327587
-0.327587
-0.327587
-0.327587
-0.327587
-0.327587
-0.327587
-0.327587
-0.327587
-0.327587
-0.327587
-0.327587
-0.327587
-0.327587
-0.327587
-0.327587
-0.327587
-0.327587
-0.327587
-0.327587
-0.327587
-0.327587
-0.327587
-0.327587
-0.327587
-0.327587
-0.327587
-0.327587
-0.327587
-0.327587
-0.327587
-0.327587
-0.327587
-0.327587
-0.327587
-0.327587
-0.327587
-0.327587
-0.327587
-0.327587
-0.327587
-0.327587
-0.327587
-0.327587
-0.327587
-0.327587
-0.327587
-0.327587
-0.327587
-0.327587
-0.327587
-0.327587
-0.327587
-0.327587
-0.327587
-0.327587
-0.327587
-0.327587
-0.327587
-0.327587
-0.327587
-0.327587
-0.327587
-0.327587
-0.327587
-0.327587
-0.327587
-0.327587
-0.327587
-0.327587
-0.327587
-0.327587
-0.327587
-0.327587
-0.327587
-0.327587
-0.327587
-0.327587
-0.327587
-0.327587
-0.327587
-0.327587
-0.327587
-0.327587
-0.327587
-0.327587
-0.327587
-0.327587
-0.327587
-0.327587
-0.327587
-0.327587
-0.327587
-0.327587
-0.327587
-0.327587
-0.327587
-0.327587
-0.327587
-0.327587
-0.327587
-0.327587
-0.327587
-0.327587
-0.327587
-0.327587
-0.327587
-0.327587
-0.327587
-0.327587
-0.327587
-0.327587
-0.327587
-0.327587
-0.327587
-0.327587
-0.327587
-0.327587
-0.327587
-0.327587
-0.327587
-0.327587
-0.327587
-0.327587
-0.327587
-0.327587
-0.327587
-0.327587
-0.327587
-0.327587
-0.327587
-0.327587
-0.327587
-0.327587
-0.327587
-0.327587
-0.327587
-0.327587
-0.327587
-0.327587
-0.327587
-0.327587
-0.327587
-0.327587
-0.327587
-0.327587
-0.327587
-0.327587
-0.327587
-0.327587
-0.327587
-0.327587
-0.327587
-0.327587
-0.327587
-0.327587
-0.327587
-0.327587
-0.327587
-0.327587
-0.327587
-0.327587
-0.327587
-0.327587
-0.327587
-0.327587
-0.327587
-0.327587
-0.327587
-0.327587
-0.327587
-0.327587
-0.327587
-0.327587
-0.327587
-0.327587
-0.327587
-0.327587
-0.327587
-0.327587
-0.327587
-0.327587
-0.327587
-0.327587
-0.327587
-0.327587
-0.327587
-0.327587
-0.327587
-0.327587
-0.327587
-0.327587
-0.327587
-0.327587
-0.327587
-0.327587
-0.327587
-0.327587
-0.327587
-0.327587
-0.327587
-0.327587
-0.327587
-0.327587
-0.327587
-0.327587
-0.327587
-0.327587
-0.327587
-0.327587
-0.327587
-0.327587
-0.327587
-0.327587
-0.327587
-0.327587
-0.327587
-0.327587
-0.327587
-0.327587
-0.327587
-0.327587
-0.327587
-0.327587
-0.327587
-0.327587
-0.327587
-0.327587
-0.327587
-0.327587
-0.327587
-0.327587
-0.327587
-0.327587
-0.327587
-0.327587
-0.327587
-0.327587
-0.327587
-0.327587
-0.327587
-0.327587
-0.327587
-0.327587
-0.327587
-0.327587
-0.327587
-0.327587
-0.327587
-0.327587
-0.327587
-0.327587
-0.327587
-0.327587
-0.327587
-0.327587
-0.327587
-0.327587
-0.327587
-0.327587
-0.327587
-0.327587
-0.327587
-0.327587
-0.327587
-0.327587
-0.327587
-0.327587
-0.327587
-0.327587
-0.327587
-0.327587
-0.327587
-0.327587
-0.327587
-0.327587
-0.327587
-0.327587
-0.327587
-0.327587
-0.327587
-0.327587
-0.327587
-0.327587
-0.327587
-0.327587
-0.327587
-0.327587
-0.327587
-0.327587
-0.327587
-0.327587
-0.327587
-0.327587
-0.327587
-0.327587
-0.327587
-0.327587
-0.327587
-0.327587
-0.327587
-0.327587
-0.327587
-0.327587
-0.327587
-0.327587
-0.327587
-0.327587
-0.327587
-0.327587
-0.327587
-0.327587
-0.327587
-0.327587
-0.327587
-0.327587
-0.327587
-0.327587
-0.327587
-0.327587
-0.327587
-0.327587
-0.327587
-0.327587
-0.327587
-0.327587
-0.327587
-0.327587
-0.327587
-0.327587
-0.327587
-0.327587
-0.327587
-0.327587
-0.327587
-0.327587
-0.327587
-0.327587
-0.327587
-0.327587
-0.327587
-0.327587
-0.327587
-0.327587
-0.327587
-0.327587
-0.327587
-0.327587
-0.327587
-0.327587
-0.327587
-0.327587
-0.327587
-0.327587
-0.327587
-0.327587
-0.327587
-0.327587
-0.327587
-0.327587
-0.327587
-0.327587
-0.327587
-0.327587
-0.327587
-0.327587
-0.327587
-0.327587
-0.327587
-0.327587
-0.327587
-0.327587
-0.327587
-0.327587
-0.327587
-0.327587
-0.327587
-0.327587
-0.327587
-0.327587
-0.327587
-0.327587
-0.327587
-0.327587
-0.327587
-0.327587
-0.327587
-0.327587
-0.327587
-0.327587
-0.327587
-0.327587
-0.327587
-0.327587
-0.327587
-0.327587
-0.327587
-0.327587
-0.327587
-0.327587
-0.327587
-0.327587
-0.327587
-0.327587
-0.327587
-0.327587
-0.327587
-0.327587
-0.327587
-0.327587
-0.327587
-0.327587
-0.327587
-0.327587
-0.327587
-0.327587
-0.327587
-0.327587
-0.327587
-0.327587
-0.327587
-0.327587
-0.327587
-0.327587
-0.327587
-0.327587
-0.327587
-0.327587
-0.327587
-0.327587
-0.327587
-0.327587
-0.327587
-0.327587
-0.327587
-0.327587
-0.327587
-0.327587
-0.327587
-0.327587
-0.327587
-0.327587
-0.327587
-0.327587
-0.327587
-0.327587
-0.327587
-0.327587
-0.327587
-0.327587
-0.327587
-0.327587
-0.327587
-0.327587
-0.327587
-0.327587
-0.327587
-0.327587
-0.327587
-0.327587
-0.327587
-0.327587
-0.327587
-0.327587
-0.327587
-0.327587
-0.327587
-0.327587
-0.327587
-0.327587
-0.327587
-0.327587
-0.327587
-0.327587
-0.327587
-0.327587
-0.327587
-0.327587
-0.327587
-0.327587
-0.327587
-0.327587
-0.327587
-0.327587
-0.327587
-0.327587
-0.327587
-0.327587
-0.327587
-0.327587
-0.327587
-0.327587
-0.327587
-0.327587
-0.327587
-0.327587
-0.327587
-0.327587
-0.327587
-0.327587
-0.327587
-0.327587
-0.327587
-0.327587
-0.327587
-0.327587
-0.327587
-0.327587
-0.327587
-0.327587
-0.327587
-0.327587
-0.327587
-0.327587
-0.327587
-0.327587
-0.327587
-0.327587
-0.327587
-0.327587
-0.327587
-0.327587
-0.327587
-0.327587
-0.327587
-0.327587
-0.327587
-0.327587
-0.327587
-0.327587
-0.327587
-0.327587
-0.327587
-0.327587
-0.327587
-0.327587
-0.327587
-0.327587
-0.327587
-0.327587
-0.327587
-0.327587
-0.327587
-0.327587
-0.327587
-0.327587
-0.327587
-0.327587
-0.327587
-0.327587
-0.327587
-0.327587
-0.327587
-0.327587
-0.327587
-0.327587
-0.327587
-0.327587
-0.327587
-0.327587
-0.327587
-0.327587
-0.327587
-0.327587
-0.327587
-0.327587
-0.327587
-0.327587
-0.327587
-0.327587
-0.327587
-0.327587
-0.327587
-0.327587
-0.327587
-0.327587
-0.327587
-0.327587
-0.327587
-0.327587
-0.327587
-0.327587
-0.327587
-0.327587
-0.327587
-0.327587
-0.327587
-0.327587
-0.327587
-0.327587
-0.327587
-0.327587
-0.327587
-0.327587
-0.327587
-0.327587
-0.327587
-0.327587
-0.327587
-0.327587
-0.327587
-0.327587
-0.327587
-0.327587
-0.327587
-0.327587
-0.327587
-0.327587
-0.327587
-0.327587
-0.327587
-0.327587
-0.327587
-0.327587
-0.327587
-0.327587
-0.327587
-0.327587
-0.327587
-0.327587
-0.327587
-0.327587
-0.327587
-0.327587
-0.327587
-0.327587
-0.327587
-0.327587
-0.327587
-0.327587
-0.327587
-0.327587
-0.327587
-0.327587
-0.327587
-0.327587
-0.327587
-0.327587
-0.327587
-0.327587
-0.327587
-0.327587
-0.327587
-0.327587
-0.327587
-0.327587
-0.327587
-0.327587
-0.327587
-0.327587
-0.327587
-0.327587
-0.327587
-0.327587
-0.327587
-0.327587
-0.327587
-0.327587
-0.327587
-0.327587
-0.327587
-0.327587
-0.327587
-0.327587
-0.327587
-0.327587
-0.327587
-0.327587
-0.327587
-0.327587
-0.327587
-0.327587
-0.327587
-0.327587
-0.327587
-0.327587
-0.327587
-0.327587
-0.327587
-0.327587
-0.327587
-0.327587
-0.327587
-0.327587
-0.327587
-0.327587
-0.327587
-0.327587
-0.327587
-0.327587
-0.327587
-0.327587
-0.327587
-0.327587
-0.327587
-0.327587
-0.327587
-0.327587
-0.327587
-0.327587
-0.327587
-0.327587
-0.327587
-0.327587
-0.327587
-0.327587
-0.327587
-0.327587
-0.327587
-0.327587
-0.327587
-0.327587
-0.327587
-0.327587
-0.327587
-0.327587
-0.327587
-0.327587
-0.327587
-0.327587
-0.327587
-0.327587
-0.327587
-0.327587
-0.327587
-0.327587
-0.327587
-0.327587
-0.327587
-0.327587
-0.327587
-0.327587
-0.327587
-0.327587
-0.327587
-0.327587
-0.327587
-0.327587
-0.327587
-0.327587
-0.327587
-0.327587
-0.327587
-0.327587
-0.327587
-0.327587
-0.327587
-0.327587
-0.327587
-0.327587
-0.327587
-0.327587
-0.327587
-0.327587
-0.327587
-0.327587
-0.327587
-0.327587
-0.327587
-0.327587
-0.327587
-0.327587
-0.327587
-0.327587
-0.327587
-0.327587
-0.327587
-0.327587
-0.327587
-0.327587
-0.327587
-0.327587
-0.327587
-0.327587
-0.327587
-0.327587
-0.327587
-0.327587
-0.327587
-0.327587
-0.327587
-0.327587
-0.327587
-0.327587
-0.327587
-0.327587
-0.327587
-0.327587
-0.327587
-0.327587
-0.327587
-0.327587
-0.327587
-0.327587
-0.327587
-0.327587
-0.327587
-0.327587
-0.327587
-0.327587
-0.327587
-0.327587
-0.327587
-0.327587
-0.327587
-0.327587
-0.327587
-0.327587
-0.327587
-0.327587
-0.327587
-0.327587
-0.327587
-0.327587
-0.327587
-0.327587
-0.327587
-0.327587
-0.327587
-0.327587
-0.327587
-0.327587
-0.327587
-0.327587
-0.327587
-0.327587
-0.327587
-0.327587
-0.327587
-0.327587
-0.327587
-0.327587
-0.327587
-0.327587
-0.327587
-0.327587
-0.327587
-0.327587
-0.327587
-0.327587
-0.327587
-0.327587
-0.327587
-0.327587
-0.327587
-0.327587
-0.327587
-0.327587
-0.327587
-0.327587
-0.327587
-0.327587
-0.327587
-0.327587
-0.327587
-0.327587
-0.327587
-0.327587
-0.327587
-0.327587
-0.327587
-0.327587
-0.327587
-0.327587
-0.327587
-0.327587
-0.327587
-0.327587
-0.327587
-0.327587
-0.327587
-0.327587
-0.327587
-0.327587
-0.327587
-0.327587
-0.327587
-0.327587
-0.327587
-0.327587
-0.327587
-0.327587
-0.327587
-0.327587
-0.327587
-0.327587
-0.327587
-0.327587
-0.327587
-0.327587
-0.327587
-0.327587
-0.327587
-0.327587
-0.327587
-0.327587
-0.327587
-0.327587
-0.327587
-0.327587
-0.327587
-0.327587
-0.327587
-0.327587
-0.327587
-0.327587
-0.327587
-0.327587
-0.327587
-0.327587
-0.327587
-0.327587
-0.327587
-0.327587
-0.327587
-0.327587
-0.327587
-0.327587
-0.327587
-0.327587
-0.327587
-0.327587
-0.327587
-0.327587
-0.327587
-0.327587
-0.327587
-0.327587
-0.327587
-0.327587
-0.327587
-0.327587
-0.327587
-0.327587
-0.327587
-0.327587
-0.327587
-0.327587
