-2.09822
-2.00815
-1.92259
-1.84149
-1.76491
-1.69293
-1.62562
-1.563
-1.505
-1.45148
-1.40228
-1.35713
-1.31579
-1.27796
-1.24336
-1.2117
-1.19348
-1.18081
-1.16665
-1.15137
-1.13559
-1.11971
-1.10393
-1.08843
-1.07325
-1.05853
-1.04425
-1.03049
-1.01734
-1.00472
-0.992604
-0.981131
-0.970146
-0.959715
-0.949719
-0.940167
-0.930911
-0.922379
-0.913615
-0.906129
-0.897977
-0.891371
-0.883884
-0.877961
-0.871145
-0.865744
-0.859541
-0.854566
-0.848908
-0.844301
-0.839118
-0.834844
-0.830078
-0.82611
-0.821713
-0.818027
-0.813958
-0.810532
-0.806757
-0.803571
-0.800059
-0.797093
-0.79382
-0.791056
-0.788
-0.785422
-0.782564
-0.780156
-0.777479
-0.775229
-0.772717
-0.770612
-0.768253
-0.766281
-0.764063
-0.762108
-0.760197
-0.758312
-0.756483
-0.754672
-0.752916
-0.751243
-0.749614
-0.748036
-0.746504
-0.745034
-0.743584
-0.742198
-0.740832
-0.739509
-0.738238
-0.736984
-0.735783
-0.734604
-0.733459
-0.732346
-0.731264
-0.730211
-0.729187
-0.72819
-0.72722
-0.726321
-0.725515
-0.724733
-0.723977
-0.723245
-0.722536
-0.72185
-0.721186
-0.720537
-0.719902
-0.719281
-0.718675
-0.718082
-0.717503
-0.716936
-0.716382
-0.715841
-0.715311
-0.714794
-0.714288
-0.713793
-0.713309
-0.712836
-0.712374
-0.711921
-0.711479
-0.711047
-0.710624
-0.71021
-0.709805
-0.70941
-0.709023
-0.708645
-0.708275
-0.707913
-0.707559
-0.707213
-0.706874
-0.706543
-0.706219
-0.705902
-0.705592
-0.705289
-0.704993
-0.704703
-0.704419
-0.704142
-0.70387
-0.703605
-0.703345
-0.703091
-0.702842
-0.702599
-0.702361
-0.702129
-0.701901
-0.701678
-0.70146
-0.701247
-0.701039
-0.700835
-0.700635
-0.70044
-0.700249
-0.700062
-0.699879
-0.6997
-0.699525
-0.699354
-0.699186
-0.699022
-0.698862
-0.698705
-0.698551
-0.698401
-0.698254
-0.69811
-0.697969
-0.697831
-0.697697
-0.697565
-0.697436
-0.697309
-0.697186
-0.697065
-0.696947
-0.696831
-0.696718
-0.696607
-0.696498
-0.696392
-0.696288
-0.696187
-0.696087
-0.69599
-0.695895
-0.695802
-0.695711
-0.695621
-0.695534
-0.695449
-0.695365
-0.695283
-0.695203
-0.695125
-0.695048
-0.694973
-0.6949
-0.694828
-0.694757
-0.694688
-0.694621
-0.694555
-0.694491
-0.694428
-0.694366
-0.694305
-0.694246
-0.694188
-0.694132
-0.694076
-0.694022
-0.693969
-0.693917
-0.693866
-0.693816
-0.693767
-0.69372
-0.693673
-0.693627
-0.693582
-0.693539
-0.693496
-0.693454
-0.693413
-0.693373
-0.693333
-0.693295
-0.693257
-0.69322
-0.693184
-0.693149
-0.693114
-0.693081
-0.693048
-0.693015
-0.692983
-0.692952
-0.692922
-0.692892
-0.692863
-0.692835
-0.692807
-0.692779
-0.692753
-0.692727
-0.692701
-0.692676
-0.692651
-0.692627
-0.692604
-0.692581
-0.692558
-0.692536
-0.692515
-0.692494
-0.692473
-0.692453
-0.692433
-0.692413
-0.692394
-0.692376
-0.692358
-0.69234
-0.692322
-0.692305
-0.692289
-0.692272
-0.692256
-0.692241
-0.692225
-0.69221
-0.692195
-0.692181
-0.692167
-0.692153
-0.69214
-0.692126
-0.692113
-0.692101
-0.692088
-0.692076
-0.692064
-0.692053
-0.692041
-0.69203
-0.692019
-0.692008
-0.691998
-0.691988
-0.691978
-0.691968
-0.691958
-0.691949
-0.691939
-0.69193
-0.691921
-0.691913
-0.691904
-0.691897
-0.691892
-0.691887
-0.691882
-0.691878
-0.691873
-0.691868
-0.691864
-0.691859
-0.691855
-0.69185
-0.691846
-0.691842
-0.691837
-0.691833
-0.691829
-0.691825
-0.691821
-0.691817
-0.691813
-0.691809
-0.691805
-0.691802
-0.691798
-0.691794
-0.691791
-0.691787
-0.691784
-0.69178
-0.691777
-0.691773
-0.69177
-0.691767
-0.691763
-0.69176
-0.691757
-0.691754
-0.691751
-0.691748
-0.691745
-0.691742
-0.691739
-0.691736
-0.691733
-0.69173
-0.691727
-0.691725
-0.691722
-0.691719
-0.691716
-0.691714
-0.691711
-0.691709
-0.691706
-0.691704
-0.691701
-0.691699
-0.691696
-0.691694
-0.691692
-0.691689
-0.691687
-0.691685
-0.691682
-0.69168
-0.691678
-0.691676
-0.691674
-0.691672
-0.69167
-0.691667
-0.691665
-0.691663
-0.691661
-0.691659
-0.691657
-0.691656
-0.691654
-0.691652
-0.69165
-0.691648
-0.691646
-0.691644
-0.691643
-0.691641
-0.691639
-0.691637
-0.691636
-0.691634
-0.691632
-0.691631
-0.691629
-0.691628
-0.691626
-0.691624
-0.691623
-0.691621
-0.69162
-0.691618
-0.691617
-0.691615
-0.691614
-0.691613
-0.691611
-0.69161
-0.691608
-0.691607
-0.691606
-0.691604
-0.691603
-0.691602
-0.6916
-0.691599
-0.691598
-0.691597
-0.691595
-0.691594
-0.691593
-0.691592
-0.691591
-0.69159
-0.691588
-0.691587
-0.691586
-0.691585
-0.691584
-0.691583
-0.691582
-0.691581
-0.69158
-0.691579
-0.691578
-0.691577
-0.691576
-0.691575
-0.691574
-0.691573
-0.691572
-0.691571
-0.69157
-0.691569
-0.691568
-0.691567
-0.691566
-0.691565
-0.691564
-0.691563
-0.691563
-0.691562
-0.691561
-0.69156
-0.691559
-0.691558
-0.691558
-0.691557
-0.691556
-0.691555
-0.691554
-0.691554
-0.691553
-0.691552
-0.691551
-0.691551
-0.69155
-0.691549
-0.691549
-0.691548
-0.691547
-0.691547
-0.691546
-0.691545
-0.691545
-0.691544
-0.691543
-0.691543
-0.691542
-0.691541
-0.691541
-0.69154
-0.69154
-0.691539
-0.691538
-0.691538
-0.691537
-0.691537
-0.691536
-0.691535
-0.691535
-0.691534
-0.691534
-0.691533
-0.691533
-0.691532
-0.691532
-0.691531
-0.691531
-0.69153
-0.69153
-0.691529
-0.691529
-0.691528
-0.691528
-0.691527
-0.691527
-0.691526
-0.691526
-0.691525
-0.691525
-0.691525
-0.691524
-0.691524
-0.691523
-0.691523
-0.691522
-0.691522
-0.691522
-0.691521
-0.691521
-0.69152
-0.69152
-0.69152
-0.691519
-0.691519
-0.691519
-0.691518
-0.691518
-0.691517
-0.691517
-0.691517
-0.691516
-0.691516
-0.691516
-0.691515
-0.691515
-0.691515
-0.691514
-0.691514
-0.691514
-0.691513
-0.691513
-0.691513
-0.691512
-0.691512
-0.691512
-0.691512
-0.691511
-0.691511
-0.691511
-0.69151
-0.69151
-0.69151
-0.69151
-0.691509
-0.691509
-0.691509
-0.691508
-0.691508
-0.691508
-0.691508
-0.691507
-0.691507
-0.691507
-0.691507
-0.691506
-0.691506
-0.691506
-0.691506
-0.691506
-0.691505
-0.691505
-0.691505
-0.691505
-0.691504
-0.691504
-0.691504
-0.691504
-0.691504
-0.691503
-0.691503
-0.691503
-0.691503
-0.691503
-0.691502
-0.691502
-0.691502
-0.691502
-0.691502
-0.691501
-0.691501
-0.691501
-0.691501
-0.691501
-0.6915
-0.6915
-0.6915
-0.6915
-0.6915
-0.6915
-0.691499
-0.691499
-0.691499
-0.691499
-0.691499
-0.691499
-0.691498
-0.691498
-0.691498
-0.691498
-0.691498
-0.691498
-0.691498
-0.691497
-0.691497
-0.691497
-0.691497
-0.691497
-0.691497
-0.691497
-0.691496
-0.691496
-0.691496
-0.691496
-0.691496
-0.691496
-0.691496
-0.691496
-0.691495
-0.691495
-0.691495
-0.691495
-0.691495
-0.691495
-0.691495
-0.691495
-0.691495
-0.691494
-0.691494
-0.691494
-0.691494
-0.691494
-0.691494
-0.691494
-0.691494
-0.691494
-0.691493
-0.691493
-0.691493
-0.691493
-0.691493
-0.691493
-0.691493
-0.691493
-0.691493
-0.691493
-0.691493
-0.691492
-0.691492
-0.691492
-0.691492
-0.691492
-0.691492
-0.691492
-0.691492
-0.691492
-0.691492
-0.691492
-0.691492
-0.691491
-0.691491
-0.691491
-0.691491
-0.691491
-0.691491
-0.691491
-0.691491
-0.691491
-0.691491
-0.691491
-0.691491
-0.691491
-0.691491
-0.69149
-0.69149
-0.69149
-0.69149
-0.69149
-0.69149
-0.69149
-0.69149
-0.69149
-0.69149
-0.69149
-0.69149
-0.69149
-0.69149
-0.69149
-0.69149
-0.691489
-0.691489
-0.691489
-0.691489
-0.691489
-0.691489
-0.691489
-0.691489
-0.691489
-0.691489
-0.691489
-0.691489
-0.691489
-0.691489
-0.691489
-0.691489
-0.691489
-0.691489
-0.691489
-0.691489
-0.691488
-0.691488
-0.691488
-0.691488
-0.691488
-0.691488
-0.691488
-0.691488
-0.691488
-0.691488
-0.691488
-0.691488
-0.691488
-0.691488
-0.691488
-0.691488
-0.691488
-0.691488
-0.691488
-0.691488
-0.691488
-0.691488
-0.691488
-0.691488
-0.691488
-0.691487
-0.691487
-0.691487
-0.691487
-0.691487
-0.691487
-0.691487
-0.691487
-0.691487
-0.691487
-0.691487
-0.691487
-0.691487
-0.691487
-0.691487
-0.691487
-0.691487
-0.691487
-0.691487
-0.691487
-0.691487
-0.691487
-0.691487
-0.691487
-0.691487
-0.691487
-0.691487
-0.691487
-0.691487
-0.691487
-0.691487
-0.691487
-0.691487
-0.691487
-0.691487
-0.691486
-0.691486
-0.691486
-0.691486
-0.691486
-0.691486
-0.691486
-0.691486
-0.691486
-0.691486
-0.691486
-0.691486
-0.691486
-0.691486
-0.691486
-0.691486
-0.691486
-0.691486
-0.691486
-0.691486
-0.691486
-0.691486
-0.691486
-0.691486
-0.691486
-0.691486
-0.691486
-0.691486
-0.691486
-0.691486
-0.691486
-0.691486
-0.691486
-0.691486
-0.691486
-0.691486
-0.691486
-0.691486
-0.691486
-0.691486
-0.691486
-0.691486
-0.691486
-0.691486
-0.691486
-0.691486
-0.691486
-0.691486
-0.691486
-0.691486
-0.691486
-0.691486
-0.691486
-0.691486
-0.691486
-0.691486
-0.691485
-0.691485
-0.691485
-0.691485
-0.691485
-0.691485
-0.691485
-0.691485
-0.691485
-0.691485
-0.691485
-0.691485
-0.691485
-0.691485
-0.691485
-0.691485
-0.691485
-0.691485
-0.691485
-0.691485
-0.691485
-0.691485
-0.691485
-0.691485
-0.691485
-0.691485
-0.691485
-0.691485
-0.691485
-0.691485
-0.691485
-0.691485
-0.691485
-0.691485
-0.691485
-0.691485
-0.691485
-0.691485
-0.691485
-0.691485
-0.691485
-0.691485
-0.691485
-0.691485
-0.691485
-0.691485
-0.691485
-0.691485
-0.691485
-0.691485
-0.691485
-0.691485
-0.691485
-0.691485
-0.691485
-0.691485
-0.691485
-0.691485
-0.691485
-0.691485
-0.691485
-0.691485
-0.691485
-0.691485
-0.691485
-0.691485
-0.691485
-0.691485
-0.691485
-0.691485
-0.691485
-0.691485
-0.691485
-0.691485
-0.691485
-0.691485
-0.691485
-0.691485
-0.691485
-0.691485
-0.691485
-0.691485
-0.691485
-0.691485
-0.691485
-0.691485
-0.691485
-0.691485
-0.691485
-0.691485
-0.691485
-0.691485
-0.691485
-0.691485
-0.691485
-0.691485
-0.691485
-0.691485
-0.691485
-0.691485
-0.691485
-0.691485
-0.691485
-0.691485
-0.691485
-0.691485
-0.691485
-0.691485
-0.691485
-0.691485
-0.691485
-0.691485
-0.691485
-0.691485
-0.691485
-0.691485
-0.691485
-0.691485
-0.691485
-0.691485
-0.691485
-0.691485
-0.691485
-0.691485
-0.691485
-0.691485
-0.691485
-0.691485
-0.691485
-0.691485
-0.691485
-0.691485
-0.691485
-0.691485
-0.691485
-0.691485
-0.691485
-0.691485
-0.691485
-0.691485
-0.691485
-0.691485
-0.691485
-0.691485
-0.691485
-0.691485
-0.691485
-0.691485
-0.691485
-0.691485
-0.691485
-0.691485
-0.691485
-0.691485
-0.691485
-0.691485
-0.691485
-0.691485
-0.691485
-0.691485
-0.691485
-0.691485
-0.691485
-0.691485
-0.691485
-0.691485
-0.691485
-0.691485
-0.691485
-0.691485
-0.691485
-0.691485
-0.691485
-0.691484
-0.691484
-0.691484
-0.691484
-0.691484
-0.691484
-0.691484
-0.691484
-0.691484
-0.691484
-0.691484
-0.691484
-0.691484
-0.691484
-0.691484
-0.691484
-0.691484
-0.691484
-0.691484
-0.691484
-0.691484
-0.691484
-0.691484
-0.691484
-0.691484
-0.691484
-0.691484
-0.691484
-0.691484
-0.691484
-0.691484
-0.691484
-0.691484
-0.691484
-0.691484
-0.691484
-0.691484
-0.691484
-0.691484
-0.691484
-0.691484
-0.691484
-0.691484
-0.691484
-0.691484
-0.691484
-0.691484
-0.691484
-0.691484
-0.691484
-0.691484
-0.691484
-0.691484
-0.691484
-0.691484
-0.691484
-0.691484
-0.691484
-0.691484
-0.691484
-0.691484
-0.691484
-0.691484
-0.691484
-0.691484
-0.691484
-0.691484
-0.691484
-0.691484
-0.691484
-0.691484
-0.691484
-0.691484
-0.691484
-0.691484
-0.691484
-0.691484
-0.691484
-0.691484
-0.691484
-0.691484
-0.691484
-0.691484
-0.691484
-0.691484
-0.691484
-0.691484
-0.691484
-0.691484
-0.691484
-0.691484
-0.691484
-0.691484
-0.691484
-0.691484
-0.691484
-0.691484
-0.691484
-0.691484
-0.691484
-0.691484
-0.691484
-0.691484
-0.691484
-0.691484
-0.691484
-0.691484
-0.691484
-0.691484
-0.691484
-0.691484
-0.691484
-0.691484
-0.691484
-0.691484
-0.691484
-0.691484
-0.691484
-0.691484
-0.691484
-0.691484
-0.691484
-0.691484
-0.691484
-0.691484
-0.691484
-0.691484
-0.691484
-0.691484
-0.691484
-0.691484
-0.691484
-0.691484
-0.691484
-0.691484
-0.691484
-0.691484
-0.691484
-0.691484
-0.691484
-0.691484
-0.691484
-0.691484
-0.691484
-0.691484
-0.691484
-0.691484
-0.691484
-0.691484
-0.691484
-0.691484
-0.691484
-0.691484
-0.691484
-0.691484
-0.691484
-0.691484
-0.691484
-0.691484
-0.691484
-0.691484
-0.691484
-0.691484
-0.691484
-0.691484
-0.691484
-0.691484
-0.691484
-0.691484
-0.691484
-0.691484
-0.691484
-0.691484
-0.691484
-0.691484
-0.691484
-0.691484
-0.691484
-0.691484
-0.691484
-0.691484
-0.691484
-0.691484
-0.691484
-0.691484
-0.691484
-0.691484
-0.691484
-0.691484
-0.691484
-0.691484
-0.691484
-0.691484
-0.691484
-0.691484
-0.691484
-0.691484
-0.691484
-0.691484
-0.691484
-0.691484
-0.691484
-0.691484
-0.691484
-0.691484
-0.691484
-0.691484
-0.691484
-0.691484
-0.691484
-0.691484
-0.691484
-0.691484
-0.691484
-0.691484
-0.691484
-0.691484
-0.691484
-0.691484
-0.691484
-0.691484
-0.691484
-0.691484
-0.691484
-0.691484
-0.691484
-0.691484
-0.691484
-0.691484
-0.691484
-0.691484
-0.691484
-0.691484
-0.691484
-0.691484
-0.691484
-0.691484
-0.691484
-0.691484
-0.691484
-0.691484
-0.691484
-0.691484
-0.691484
-0.691484
-0.691484
-0.691484
-0.691484
-0.691484
-0.691484
-0.691484
-0.691484
-0.691484
-0.691484
-0.691484
-0.691484
-0.691484
-0.691484
-0.691484
-0.691484
-0.691484
-0.691484
-0.691484
-0.691484
-0.691484
-0.691484
-0.691484
-0.691484
-0.691484
-0.691484
-0.691484
-0.691484
-0.691484
-0.691484
-0.691484
-0.691484
-0.691484
-0.691484
-0.691484
-0.691484
-0.691484
-0.691484
-0.691484
-0.691484
-0.691484
-0.691484
-0.691484
-0.691484
-0.691484
-0.691484
-0.691484
-0.691484
-0.691484
-0.691484
-0.691484
-0.691484
-0.691484
-0.691484
-0.691484
-0.691484
-0.691484
-0.691484
-0.691484
-0.691484
-0.691484
-0.691484
-0.691484
-0.691484
-0.691484
-0.691484
-0.691484
-0.691484
-0.691484
-0.691484
-0.691484
-0.691484
-0.691484
-0.691484
-0.691484
-0.691484
-0.691484
-0.691484
-0.691484
-0.691484
-0.691484
-0.691484
-0.691484
-0.691484
-0.691484
-0.691484
-0.691484
-0.691484
-0.691484
-0.691484
-0.691484
-0.691484
-0.691484
-0.691484
-0.691484
-0.691484
-0.691484
-0.691484
-0.691484
-0.691484
-0.691484
-0.691484
-0.691484
-0.691484
-0.691484
-0.691484
-0.691484
-0.691484
-0.691484
-0.691484
-0.691484
-0.691484
-0.691484
-0.691484
-0.691484
-0.691484
-0.691484
-0.691484
-0.691484
-0.691484
-0.691484
-0.691484
-0.691484
-0.691484
-0.691484
-0.691484
-0.691484
-0.691484
-0.691484
-0.691484
-0.691484
-0.691484
-0.691484
-0.691484
-0.691484
-0.691484
-0.691484
-0.691484
-0.691484
-0.691484
-0.691484
-0.691484
-0.691484
-0.691484
-0.691484
-0.691484
-0.691484
-0.691484
-0.691484
-0.691484
-0.691484
-0.691484
-0.691484
-0.691484
-0.691484
-0.691484
-0.691484
-0.691484
-0.691484
-0.691484
-0.691484
-0.691484
-0.691484
-0.691484
-0.691484
-0.691484
-0.691484
-0.691484
-0.691484
-0.691484
-0.691484
-0.691484
-0.691484
-0.691484
-0.691484
-0.691484
-0.691484
-0.691484
-0.691484
-0.691484
-0.691484
-0.691484
-0.691484
-0.691484
-0.691484
-0.691484
-0.691484
-0.691484
-0.691484
-0.691484
-0.691484
-0.691484
-0.691484
-0.691484
-0.691484
-0.691484
-0.691484
-0.691484
-0.691484
-0.691484
-0.691484
-0.691484
-0.691484
-0.691484
-0.691484
-0.691484
-0.691484
-0.691484
-0.691484
-0.691484
-0.691484
-0.691484
-0.691484
-0.691484
-0.691484
-0.691484
-0.691484
-0.691484
-0.691484
-0.691484
-0.691484
-0.691484
-0.691484
-0.691484
-0.691484
-0.691484
-0.691484
-0.691484
-0.691484
-0.691484
-0.691484
-0.691484
-0.691484
-0.691484
-0.691484
-0.691484
-0.691484
-0.691484
-0.691484
-0.691484
-0.691484
-0.691484
-0.691484
-0.691484
-0.691484
-0.691484
-0.691484
-0.691484
-0.691484
-0.691484
-0.691484
-0.691484
-0.691484
-0.691484
-0.691484
-0.691484
-0.691484
-0.691484
-0.691484
-0.691484
-0.691484
-0.691484
-0.691484
-0.691484
-0.691484
-0.691484
-0.691484
-0.691484
-0.691484
-0.691484
-0.691484
-0.691484
-0.691484
-0.691484
-0.691484
-0.691484
-0.691484
-0.691484
-0.691484
-0.691484
-0.691484
-0.691484
-0.691484
-0.691484
-0.691484
-0.691484
-0.691484
-0.691484
-0.691484
-0.691484
-0.691484
-0.691484
-0.691484
-0.691484
-0.691484
-0.691484
-0.691484
-0.691484
-0.691484
-0.691484
-0.691484
-0.691484
-0.691484
-0.691484
-0.691484
-0.691484
-0.691484
-0.691484
-0.691484
-0.691484
-0.691484
-0.691484
-0.691484
-0.691484
-0.691484
-0.691484
-0.691484
-0.691484
-0.691484
-0.691484
-0.691484
-0.691484
-0.691484
-0.691484
-0.691484
-0.691484
-0.691484
-0.691484
-0.691484
-0.691484
-0.691484
-0.691484
-0.691484
-0.691484
-0.691484
-0.691484
-0.691484
-0.691484
-0.691484
-0.691484
-0.691484
-0.691484
-0.691484
-0.691484
-0.691484
-0.691484
-0.691484
-0.691484
-0.691484
-0.691484
-0.691484
-0.691484
-0.691484
-0.691484
-0.691484
-0.691484
-0.691484
-0.691484
-0.691484
-0.691484
-0.691484
-0.691484
-0.691484
-0.691484
-0.691484
-0.691484
-0.691484
-0.691484
-0.691484
-0.691484
-0.691484
-0.691484
-0.691484
-0.691484
-0.691484
-0.691484
-0.691484
-0.691484
-0.691484
-0.691484
-0.691484
-0.691484
-0.691484
-0.691484
-0.691484
-0.691484
-0.691484
-0.691484
-0.691484
-0.691484
-0.691484
-0.691484
-0.691484
-0.691484
-0.691484
-0.691484
-0.691484
-0.691484
-0.691484
-0.691484
-0.691484
-0.691484
-0.691484
-0.691484
-0.691484
-0.691484
-0.691484
-0.691484
-0.691484
-0.691484
-0.691484
-0.691484
-0.691484
-0.691484
-0.691484
-0.691484
-0.691484
-0.691484
-0.691484
-0.691484
-0.691484
-0.691484
-0.691484
-0.691484
-0.691484
-0.691484
-0.691484
-0.691484
-0.691484
-0.691484
-0.691484
-0.691484
-0.691484
-0.691484
-0.691484
-0.691484
-0.691484
-0.691484
-0.691484
-0.691484
-0.691484
-0.691484
-0.691484
-0.691484
-0.691484
-0.691484
-0.691484
-0.691484
-0.691484
-0.691484
-0.691484
-0.691484
-0.691484
-0.691484
-0.691484
-0.691484
-0.691484
-0.691484
-0.691484
-0.691484
-0.691484
-0.691484
-0.691484
-0.691484
-0.691484
-0.691484
-0.691484
-0.691484
-0.691484
-0.691484
-0.691484
-0.691484
-0.691484
-0.691484
-0.691484
-0.691484
-0.691484
-0.691484
-0.691484
-0.691484
-0.691484
-0.691484
-0.691484
-0.691484
-0.691484
-0.691484
-0.691484
-0.691484
-0.691484
-0.691484
-0.691484
-0.691484
-0.691484
-0.691484
-0.691484
-0.691484
-0.691484
-0.691484
-0.691484
-0.691484
-0.691484
-0.691484
-0.691484
-0.691484
-0.691484
-0.691484
-0.691484
-0.691484
-0.691484
-0.691484
-0.691484
-0.691484
-0.691484
-0.691484
-0.691484
-0.691484
-0.691484
-0.691484
-0.691484
-0.691484
-0.691484
-0.691484
-0.691484
-0.691484
-0.691484
-0.691484
-0.691484
-0.691484
-0.691484
-0.691484
-0.691484
-0.691484
-0.691484
-0.691484
-0.691484
-0.691484
-0.691484
-0.691484
-0.691484
-0.691484
-0.691484
-0.691484
-0.691484
-0.691484
-0.691484
-0.691484
-0.691484
-0.691484
-0.691484
-0.691484
-0.691484
-0.691484
-0.691484
-0.691484
-0.691484
-0.691484
-0.691484
-0.691484
-0.691484
-0.691484
-0.691484
-0.691484
-0.691484
-0.691484
-0.691484
-0.691484
-0.691484
-0.691484
-0.691484
-0.691484
-0.691484
-0.691484
-0.691484
-0.691484
-0.691484
-0.691484
-0.691484
-0.691484
-0.691484
-0.691484
-0.691484
-0.691484
-0.691484
-0.691484
-0.691484
-0.691484
-0.691484
-0.691484
-0.691484
-0.691484
-0.691484
-0.691484
-0.691484
-0.691484
-0.691484
-0.691484
-0.691484
-0.691484
-0.691484
-0.691484
-0.691484
-0.691484
-0.691484
-0.691484
-0.691484
-0.691484
-0.691484
-0.691484
-0.691484
-0.691484
-0.691484
-0.691484
-0.691484
-0.691484
-0.691484
-0.691484
-0.691484
-0.691484
-0.691484
-0.691484
-0.691484
-0.691484
-0.691484
-0.691484
-0.691484
-0.691484
-0.691484
-0.691484
-0.691484
-0.691484
-0.691484
-0.691484
-0.691484
-0.691484
-0.691484
-0.691484
-0.691484
-0.691484
-0.691484
-0.691484
-0.691484
-0.691484
-0.691484
-0.691484
-0.691484
-0.691484
-0.691484
-0.691484
-0.691484
-0.691484
-0.691484
-0.691484
-0.691484
-0.691484
-0.691484
-0.691484
-0.691484
-0.691484
-0.691484
-0.691484
-0.691484
-0.691484
-0.691484
-0.691484
-0.691484
-0.691484
-0.691484
-0.691484
-0.691484
-0.691484
-0.691484
-0.691484
-0.691484
-0.691484
-0.691484
-0.691484
-0.691484
-0.691484
-0.691484
-0.691484
-0.691484
-0.691484
-0.691484
-0.691484
-0.691484
-0.691484
-0.691484
-0.691484
-0.691484
-0.691484
-0.691484
-0.691484
-0.691484
-0.691484
-0.691484
-0.691484
-0.691484
-0.691484
-0.691484
-0.691484
-0.691484
-0.691484
-0.691484
-0.691484
-0.691484
-0.691484
-0.691484
-0.691484
-0.691484
-0.691484
-0.691484
-0.691484
-0.691484
-0.691484
-0.691484
-0.691484
-0.691484
-0.691484
-0.691484
-0.691484
-0.691484
-0.691484
-0.691484
-0.691484
-0.691484
-0.691484
-0.691484
-0.691484
-0.691484
-0.691484
-0.691484
-0.691484
-0.691484
-0.691484
-0.691484
-0.691484
-0.691484
-0.691484
-0.691484
-0.691484
-0.691484
-0.691484
-0.691484
-0.691484
-0.691484
-0.691484
-0.691484
-0.691484
-0.691484
-0.691484
-0.691484
-0.691484
-0.691484
-0.691484
-0.691484
-0.691484
-0.691484
-0.691484
-0.691484
-0.691484
-0.691484
-0.691484
-0.691484
-0.691484
-0.691484
-0.691484
-0.691484
-0.691484
-0.691484
-0.691484
-0.691484
-0.691484
-0.691484
-0.691484
-0.691484
-0.691484
-0.691484
-0.691484
-0.691484
-0.691484
-0.691484
-0.691484
-0.691484
-0.691484
-0.691484
-0.691484
-0.691484
-0.691484
-0.691484
-0.691484
-0.691484
-0.691484
-0.691484
-0.691484
-0.691484
-0.691484
-0.691484
-0.691484
-0.691484
-0.691484
-0.691484
-0.691484
-0.691484
-0.691484
-0.691484
-0.691484
-0.691484
-0.691484
-0.691484
-0.691484
-0.691484
-0.691484
-0.691484
-0.691484
-0.691484
-0.691484
-0.691484
-0.691484
-0.691484
-0.691484
-0.691484
-0.691484
-0.691484
-0.691484
-0.691484
-0.691484
-0.691484
-0.691484
-0.691484
-0.691484
-0.691484
-0.691484
-0.691484
-0.691484
-0.691484
-0.691484
-0.691484
-0.691484
-0.691484
-0.691484
-0.691484
-0.691484
-0.691484
-0.691484
-0.691484
-0.691484
-0.691484
-0.691484
-0.691484
-0.691484
-0.691484
-0.691484
-0.691484
-0.691484
-0.691484
-0.691484
-0.691484
-0.691484
-0.691484
-0.691484
-0.691484
-0.691484
-0.691484
-0.691484
-0.691484
-0.691484
-0.691484
-0.691484
-0.691484
-0.691484
-0.691484
-0.691484
-0.691484
-0.691484
-0.691484
-0.691484
-0.691484
-0.691484
-0.691484
-0.691484
-0.691484
-0.691484
-0.691484
-0.691484
-0.691484
-0.691484
-0.691484
-0.691484
-0.691484
-0.691484
-0.691484
-0.691484
-0.691484
-0.691484
-0.691484
-0.691484
-0.691484
-0.691484
-0.691484
-0.691484
-0.691484
-0.691484
-0.691484
-0.691484
-0.691484
-0.691484
-0.691484
-0.691484
-0.691484
-0.691484
-0.691484
-0.691484
-0.691484
-0.691484
-0.691484
-0.691484
-0.691484
-0.691484
-0.691484
-0.691484
-0.691484
-0.691484
-0.691484
-0.691484
-0.691484
-0.691484
-0.691484
-0.691484
-0.691484
-0.691484
-0.691484
-0.691484
-0.691484
-0.691484
-0.691484
-0.691484
-0.691484
-0.691484
-0.691484
-0.691484
-0.691484
-0.691484
-0.691484
-0.691484
-0.691484
-0.691484
-0.691484
-0.691484
-0.691484
-0.691484
-0.691484
-0.691484
-0.691484
-0.691484
-0.691484
-0.691484
-0.691484
-0.691484
-0.691484
-0.691484
-0.691484
-0.691484
-0.691484
-0.691484
-0.691484
-0.691484
-0.691484
-0.691484
-0.691484
-0.691484
-0.691484
-0.691484
-0.691484
-0.691484
-0.691484
-0.691484
-0.691484
-0.691484
-0.691484
-0.691484
-0.691484
-0.691484
-0.691484
-0.691484
-0.691484
-0.691484
-0.691484
-0.691484
-0.691484
-0.691484
-0.691484
-0.691484
-0.691484
-0.691484
-0.691484
-0.691484
-0.691484
-0.691484
-0.691484
-0.691484
-0.691484
-0.691484
-0.691484
-0.691484
-0.691484
-0.691484
-0.691484
-0.691484
-0.691484
-0.691484
-0.691484
-0.691484
-0.691484
-0.691484
-0.691484
-0.691484
-0.691484
-0.691484
-0.691484
-0.691484
-0.691484
-0.691484
-0.691484
-0.691484
-0.691484
-0.691484
-0.691484
-0.691484
-0.691484
-0.691484
-0.691484
-0.691484
-0.691484
-0.691484
-0.691484
-0.691484
-0.691484
-0.691484
-0.691484
-0.691484
-0.691484
-0.691484
-0.691484
-0.691484
-0.691484
-0.691484
-0.691484
-0.691484
-0.691484
-0.691484
-0.691484
-0.691484
-0.691484
-0.691484
-0.691484
-0.691484
-0.691484
-0.691484
-0.691484
-0.691484
-0.691484
-0.691484
-0.691484
-0.691484
-0.691484
-0.691484
-0.691484
-0.691484
-0.691484
-0.691484
-0.691484
-0.691484
-0.691484
-0.691484
-0.691484
-0.691484
-0.691484
-0.691484
-0.691484
-0.691484
-0.691484
-0.691484
-0.691484
-0.691484
-0.691484
-0.691484
-0.691484
-0.691484
-0.691484
-0.691484
-0.691484
-0.691484
-0.691484
-0.691484
-0.691484
-0.691484
-0.691484
-0.691484
-0.691484
-0.691484
-0.691484
-0.691484
-0.691484
-0.691484
-0.691484
-0.691484
-0.691484
-0.691484
-0.691484
-0.691484
-0.691484
-0.691484
-0.691484
-0.691484
-0.691484
-0.691484
-0.691484
-0.691484
-0.691484
-0.691484
-0.691484
-0.691484
-0.691484
-0.691484
-0.691484
-0.691484
-0.691484
-0.691484
-0.691484
-0.691484
-0.691484
-0.691484
-0.691484
-0.691484
-0.691484
-0.691484
-0.691484
-0.691484
-0.691484
-0.691484
-0.691484
-0.691484
-0.691484
-0.691484
-0.691484
-0.691484
-0.691484
-0.691484
-0.691484
-0.691484
-0.691484
-0.691484
-0.691484
-0.691484
-0.691484
-0.691484
-0.691484
-0.691484
-0.691484
-0.691484
-0.691484
-0.691484
-0.691484
-0.691484
-0.691484
-0.691484
-0.691484
-0.691484
-0.691484
-0.691484
-0.691484
-0.691484
-0.691484
-0.691484
-0.691484
-0.691484
-0.691484
-0.691484
-0.691484
-0.691484
-0.691484
-0.691484
-0.691484
-0.691484
-0.691484
-0.691484
-0.691484
-0.691484
-0.691484
-0.691484
-0.691484
-0.691484
-0.691484
-0.691484
-0.691484
-0.691484
-0.691484
-0.691484
-0.691484
-0.691484
-0.691484
-0.691484
-0.691484
-0.691484
-0.691484
-0.691484
-0.691484
-0.691484
-0.691484
-0.691484
-0.691484
-0.691484
-0.691484
-0.691484
-0.691484
-0.691484
-0.691484
-0.691484
-0.691484
-0.691484
-0.691484
-0.691484
-0.691484
-0.691484
-0.691484
-0.691484
-0.691484
-0.691484
-0.691484
-0.691484
-0.691484
-0.691484
-0.691484
-0.691484
-0.691484
-0.691484
-0.691484
-0.691484
-0.691484
-0.691484
-0.691484
-0.691484
-0.691484
-0.691484
-0.691484
-0.691484
-0.691484
-0.691484
-0.691484
-0.691484
-0.691484
-0.691484
-0.691484
-0.691484
-0.691484
-0.691484
-0.691484
-0.691484
-0.691484
-0.691484
-0.691484
-0.691484
-0.691484
-0.691484
-0.691484
-0.691484
-0.691484
-0.691484
-0.691484
-0.691484
-0.691484
-0.691484
-0.691484
-0.691484
-0.691484
-0.691484
-0.691484
-0.691484
-0.691484
-0.691484
-0.691484
-0.691484
-0.691484
-0.691484
-0.691484
-0.691484
-0.691484
-0.691484
-0.691484
-0.691484
-0.691484
-0.691484
-0.691484
-0.691484
-0.691484
-0.691484
-0.691484
-0.691484
-0.691484
-0.691484
-0.691484
-0.691484
-0.691484
-0.691484
-0.691484
-0.691484
-0.691484
-0.691484
-0.691484
-0.691484
-0.691484
-0.691484
-0.691484
-0.691484
-0.691484
-0.691484
-0.691484
-0.691484
-0.691484
-0.691484
-0.691484
-0.691484
-0.691484
-0.691484
-0.691484
-0.691484
-0.691484
-0.691484
-0.691484
-0.691484
-0.691484
-0.691484
-0.691484
-0.691484
-0.691484
-0.691484
-0.691484
-0.691484
-0.691484
-0.691484
-0.691484
-0.691484
-0.691484
-0.691484
-0.691484
-0.691484
-0.691484
-0.691484
-0.691484
-0.691484
-0.691484
-0.691484
-0.691484
-0.691484
-0.691484
-0.691484
-0.691484
-0.691484
-0.691484
-0.691484
-0.691484
-0.691484
-0.691484
-0.691484
-0.691484
-0.691484
-0.691484
-0.691484
-0.691484
-0.691484
-0.691484
-0.691484
-0.691484
-0.691484
-0.691484
-0.691484
-0.691484
-0.691484
-0.691484
-0.691484
-0.691484
-0.691484
-0.691484
-0.691484
-0.691484
-0.691484
-0.691484
-0.691484
-0.691484
-0.691484
-0.691484
-0.691484
-0.691484
-0.691484
-0.691484
-0.691484
-0.691484
-0.691484
-0.691484
-0.691484
-0.691484
-0.691484
-0.691484
-0.691484
-0.691484
-0.691484
-0.691484
-0.691484
-0.691484
-0.691484
-0.691484
-0.691484
-0.691484
-0.691484
-0.691484
-0.691484
-0.691484
-0.691484
-0.691484
-0.691484
-0.691484
-0.691484
-0.691484
-0.691484
-0.691484
-0.691484
-0.691484
-0.691484
-0.691484
-0.691484
-0.691484
-0.691484
-0.691484
-0.691484
-0.691484
-0.691484
-0.691484
-0.691484
-0.691484
-0.691484
-0.691484
-0.691484
-0.691484
-0.691484
-0.691484
-0.691484
-0.691484
-0.691484
-0.691484
-0.691484
-0.691484
-0.691484
-0.691484
-0.691484
-0.691484
-0.691484
-0.691484
-0.691484
-0.691484
-0.691484
-0.691484
-0.691484
-0.691484
-0.691484
-0.691484
-0.691484
-0.691484
-0.691484
-0.691484
-0.691484
-0.691484
-0.691484
-0.691484
-0.691484
-0.691484
-0.691484
-0.691484
-0.691484
-0.691484
-0.691484
-0.691484
-0.691484
-0.691484
-0.691484
-0.691484
-0.691484
-0.691484
-0.691484
-0.691484
-0.691484
-0.691484
-0.691484
-0.691484
-0.691484
-0.691484
-0.691484
-0.691484
-0.691484
-0.691484
-0.691484
-0.691484
-0.691484
-0.691484
-0.691484
-0.691484
-0.691484
-0.691484
-0.691484
-0.691484
-0.691484
-0.691484
-0.691484
-0.691484
-0.691484
-0.691484
-0.691484
-0.691484
-0.691484
-0.691484
-0.691484
-0.691484
-0.691484
-0.691484
-0.691484
-0.691484
-0.691484
-0.691484
-0.691484
-0.691484
-0.691484
-0.691484
-0.691484
-0.691484
-0.691484
-0.691484
-0.691484
-0.691484
-0.691484
-0.691484
-0.691484
-0.691484
-0.691484
-0.691484
-0.691484
-0.691484
-0.691484
-0.691484
-0.691484
-0.691484
-0.691484
-0.691484
-0.691484
-0.691484
-0.691484
-0.691484
-0.691484
-0.691484
-0.691484
-0.691484
-0.691484
-0.691484
-0.691484
-0.691484
-0.691484
-0.691484
-0.691484
-0.691484
-0.691484
-0.691484
-0.691484
-0.691484
-0.691484
-0.691484
-0.691484
-0.691484
-0.691484
-0.691484
-0.691484
-0.691484
-0.691484
-0.691484
-0.691484
-0.691484
-0.691484
-0.691484
-0.691484
-0.691484
-0.691484
-0.691484
-0.691484
-0.691484
-0.691484
-0.691484
-0.691484
-0.691484
-0.691484
-0.691484
-0.691484
-0.691484
-0.691484
-0.691484
-0.691484
-0.691484
-0.691484
-0.691484
-0.691484
-0.691484
-0.691484
-0.691484
-0.691484
-0.691484
-0.691484
-0.691484
-0.691484
-0.691484
-0.691484
-0.691484
-0.691484
-0.691484
-0.691484
-0.691484
-0.691484
-0.691484
-0.691484
-0.691484
-0.691484
-0.691484
-0.691484
-0.691484
-0.691484
-0.691484
-0.691484
-0.691484
-0.691484
-0.691484
-0.691484
-0.691484
-0.691484
-0.691484
-0.691484
-0.691484
-0.691484
-0.691484
-0.691484
-0.691484
-0.691484
-0.691484
-0.691484
-0.691484
-0.691484
-0.691484
-0.691484
-0.691484
-0.691484
-0.691484
-0.691484
-0.691484
-0.691484
-0.691484
-0.691484
-0.691484
-0.691484
-0.691484
-0.691484
-0.691484
-0.691484
-0.691484
-0.691484
-0.691484
-0.691484
-0.691484
-0.691484
-0.691484
-0.691484
-0.691484
-0.691484
-0.691484
-0.691484
-0.691484
-0.691484
-0.691484
-0.691484
-0.691484
-0.691484
-0.691484
-0.691484
-0.691484
-0.691484
-0.691484
-0.691484
-0.691484
-0.691484
-0.691484
-0.691484
-0.691484
-0.691484
-0.691484
-0.691484
-0.691484
-0.691484
-0.691484
-0.691484
-0.691484
-0.691484
-0.691484
-0.691484
-0.691484
-0.691484
-0.691484
-0.691484
-0.691484
-0.691484
-0.691484
-0.691484
-0.691484
-0.691484
-0.691484
-0.691484
-0.691484
-0.691484
-0.691484
-0.691484
-0.691484
-0.691484
-0.691484
-0.691484
-0.691484
-0.691484
-0.691484
-0.691484
-0.691484
-0.691484
-0.691484
-0.691484
-0.691484
-0.691484
-0.691484
-0.691484
-0.691484
-0.691484
-0.691484
-0.691484
-0.691484
-0.691484
-0.691484
-0.691484
-0.691484
-0.691484
-0.691484
-0.691484
-0.691484
-0.691484
-0.691484
-0.691484
-0.691484
-0.691484
-0.691484
-0.691484
-0.691484
-0.691484
-0.691484
-0.691484
-0.691484
-0.691484
-0.691484
-0.691484
-0.691484
-0.691484
-0.691484
-0.691484
-0.691484
-0.691484
-0.691484
-0.691484
-0.691484
-0.691484
-0.691484
-0.691484
-0.691484
-0.691484
-0.691484
-0.691484
-0.691484
-0.691484
-0.691484
-0.691484
-0.691484
-0.691484
-0.691484
-0.691484
-0.691484
-0.691484
-0.691484
-0.691484
-0.691484
-0.691484
-0.691484
-0.691484
-0.691484
-0.691484
-0.691484
-0.691484
-0.691484
-0.691484
-0.691484
-0.691484
-0.691484
-0.691484
-0.691484
-0.691484
-0.691484
-0.691484
-0.691484
-0.691484
-0.691484
-0.691484
-0.691484
-0.691484
-0.691484
-0.691484
-0.691484
-0.691484
-0.691484
-0.691484
-0.691484
-0.691484
-0.691484
-0.691484
-0.691484
-0.691484
-0.691484
-0.691484
-0.691484
-0.691484
-0.691484
-0.691484
-0.691484
-0.691484
-0.691484
-0.691484
-0.691484
-0.691484
-0.691484
-0.691484
-0.691484
-0.691484
-0.691484
-0.691484
-0.691484
-0.691484
-0.691484
-0.691484
-0.691484
-0.691484
-0.691484
-0.691484
-0.691484
-0.691484
-0.691484
-0.691484
-0.691484
-0.691484
-0.691484
-0.691484
-0.691484
-0.691484
-0.691484
-0.691484
-0.691484
-0.691484
-0.691484
-0.691484
-0.691484
-0.691484
-0.691484
-0.691484
-0.691484
-0.691484
-0.691484
-0.691484
-0.691484
-0.691484
-0.691484
-0.691484
-0.691484
-0.691484
-0.691484
-0.691484
-0.691484
-0.691484
-0.691484
-0.691484
-0.691484
-0.691484
-0.691484
-0.691484
-0.691484
-0.691484
-0.691484
-0.691484
-0.691484
-0.691484
-0.691484
-0.691484
-0.691484
-0.691484
-0.691484
-0.691484
-0.691484
-0.691484
-0.691484
-0.691484
-0.691484
-0.691484
-0.691484
-0.691484
-0.691484
-0.691484
-0.691484
-0.691484
-0.691484
-0.691484
-0.691484
-0.691484
-0.691484
-0.691484
-0.691484
-0.691484
-0.691484
-0.691484
-0.691484
-0.691484
-0.691484
-0.691484
-0.691484
-0.691484
-0.691484
-0.691484
-0.691484
-0.691484
-0.691484
-0.691484
-0.691484
-0.691484
-0.691484
-0.691484
-0.691484
-0.691484
-0.691484
-0.691484
-0.691484
-0.691484
-0.691484
-0.691484
-0.691484
-0.691484
-0.691484
-0.691484
-0.691484
-0.691484
-0.691484
-0.691484
-0.691484
-0.691484
-0.691484
-0.691484
-0.691484
-0.691484
-0.691484
-0.691484
-0.691484
-0.691484
-0.691484
-0.691484
-0.691484
-0.691484
-0.691484
-0.691484
-0.691484
-0.691484
-0.691484
-0.691484
-0.691484
-0.691484
-0.691484
-0.691484
-0.691484
-0.691484
-0.691484
-0.691484
-0.691484
-0.691484
-0.691484
-0.691484
-0.691484
-0.691484
-0.691484
-0.691484
-0.691484
-0.691484
-0.691484
-0.691484
-0.691484
-0.691484
-0.691484
-0.691484
-0.691484
-0.691484
-0.691484
-0.691484
-0.691484
-0.691484
-0.691484
-0.691484
-0.691484
-0.691484
-0.691484
-0.691484
-0.691484
-0.691484
-0.691484
-0.691484
-0.691484
-0.691484
-0.691484
-0.691484
-0.691484
-0.691484
-0.691484
-0.691484
-0.691484
-0.691484
-0.691484
-0.691484
-0.691484
-0.691484
-0.691484
-0.691484
-0.691484
-0.691484
-0.691484
-0.691484
-0.691484
-0.691484
-0.691484
-0.691484
-0.691484
-0.691484
-0.691484
-0.691484
-0.691484
-0.691484
-0.691484
-0.691484
-0.691484
-0.691484
-0.691484
-0.691484
-0.691484
-0.691484
-0.691484
-0.691484
-0.691484
-0.691484
-0.691484
-0.691484
-0.691484
-0.691484
-0.691484
-0.691484
-0.691484
-0.691484
-0.691484
-0.691484
-0.691484
-0.691484
-0.691484
-0.691484
-0.691484
-0.691484
-0.691484
-0.691484
-0.691484
-0.691484
-0.691484
-0.691484
-0.691484
-0.691484
-0.691484
-0.691484
-0.691484
-0.691484
-0.691484
-0.691484
-0.691484
-0.691484
-0.691484
-0.691484
-0.691484
-0.691484
-0.691484
-0.691484
-0.691484
-0.691484
-0.691484
-0.691484
-0.691484
-0.691484
-0.691484
-0.691484
-0.691484
-0.691484
-0.691484
-0.691484
-0.691484
-0.691484
-0.691484
-0.691484
-0.691484
-0.691484
-0.691484
-0.691484
-0.691484
-0.691484
-0.691484
-0.691484
-0.691484
-0.691484
-0.691484
-0.691484
-0.691484
-0.691484
-0.691484
-0.691484
-0.691484
-0.691484
-0.691484
-0.691484
-0.691484
-0.691484
-0.691484
-0.691484
-0.691484
-0.691484
-0.691484
-0.691484
-0.691484
-0.691484
-0.691484
-0.691484
-0.691484
-0.691484
-0.691484
-0.691484
-0.691484
-0.691484
-0.691484
-0.691484
-0.691484
-0.691484
-0.691484
-0.691484
-0.691484
-0.691484
-0.691484
-0.691484
-0.691484
-0.691484
-0.691484
-0.691484
-0.691484
-0.691484
-0.691484
-0.691484
-0.691484
-0.691484
-0.691484
-0.691484
-0.691484
-0.691484
-0.691484
-0.691484
-0.691484
-0.691484
-0.691484
-0.691484
-0.691484
-0.691484
-0.691484
-0.691484
-0.691484
-0.691484
-0.691484
-0.691484
-0.691484
-0.691484
-0.691484
-0.691484
-0.691484
-0.691484
-0.691484
-0.691484
-0.691484
-0.691484
-0.691484
-0.691484
-0.691484
-0.691484
-0.691484
-0.691484
-0.691484
-0.691484
-0.691484
-0.691484
-0.691484
-0.691484
-0.691484
-0.691484
-0.691484
-0.691484
-0.691484
-0.691484
-0.691484
-0.691484
-0.691484
-0.691484
-0.691484
-0.691484
-0.691484
-0.691484
-0.691484
-0.691484
-0.691484
-0.691484
-0.691484
-0.691484
-0.691484
-0.691484
-0.691484
-0.691484
-0.691484
-0.691484
-0.691484
-0.691484
-0.691484
-0.691484
-0.691484
-0.691484
-0.691484
-0.691484
-0.691484
-0.691484
-0.691484
-0.691484
-0.691484
-0.691484
-0.691484
-0.691484
-0.691484
-0.691484
-0.691484
-0.691484
-0.691484
-0.691484
-0.691484
-0.691484
-0.691484
-0.691484
-0.691484
-0.691484
-0.691484
-0.691484
-0.691484
-0.691484
-0.691484
-0.691484
-0.691484
-0.691484
-0.691484
-0.691484
-0.691484
-0.691484
-0.691484
-0.691484
-0.691484
-0.691484
-0.691484
-0.691484
-0.691484
-0.691484
-0.691484
-0.691484
-0.691484
-0.691484
-0.691484
-0.691484
-0.691484
-0.691484
-0.691484
-0.691484
-0.691484
-0.691484
-0.691484
-0.691484
-0.691484
-0.691484
-0.691484
-0.691484
-0.691484
-0.691484
-0.691484
-0.691484
-0.691484
-0.691484
-0.691484
-0.691484
-0.691484
-0.691484
-0.691484
-0.691484
-0.691484
-0.691484
-0.691484
-0.691484
-0.691484
-0.691484
-0.691484
-0.691484
-0.691484
-0.691484
-0.691484
-0.691484
-0.691484
-0.691484
-0.691484
-0.691484
-0.691484
-0.691484
-0.691484
-0.691484
-0.691484
-0.691484
-0.691484
-0.691484
-0.691484
-0.691484
-0.691484
-0.691484
-0.691484
-0.691484
-0.691484
-0.691484
-0.691484
-0.691484
-0.691484
-0.691484
-0.691484
-0.691484
-0.691484
-0.691484
-0.691484
-0.691484
-0.691484
-0.691484
-0.691484
-0.691484
-0.691484
-0.691484
-0.691484
-0.691484
-0.691484
-0.691484
-0.691484
-0.691484
-0.691484
-0.691484
-0.691484
-0.691484
-0.691484
-0.691484
-0.691484
-0.691484
-0.691484
-0.691484
-0.691484
-0.691484
-0.691484
-0.691484
-0.691484
-0.691484
-0.691484
-0.691484
-0.691484
-0.691484
-0.691484
-0.691484
-0.691484
-0.691484
-0.691484
-0.691484
-0.691484
-0.691484
-0.691484
-0.691484
-0.691484
-0.691484
-0.691484
-0.691484
-0.691484
-0.691484
-0.691484
-0.691484
-0.691484
-0.691484
-0.691484
-0.691484
-0.691484
-0.691484
-0.691484
-0.691484
-0.691484
-0.691484
-0.691484
-0.691484
-0.691484
-0.691484
-0.691484
-0.691484
-0.691484
-0.691484
-0.691484
-0.691484
-0.691484
-0.691484
-0.691484
-0.691484
-0.691484
-0.691484
-0.691484
-0.691484
-0.691484
-0.691484
-0.691484
-0.691484
-0.691484
-0.691484
-0.691484
-0.691484
-0.691484
-0.691484
-0.691484
-0.691484
-0.691484
-0.691484
-0.691484
-0.691484
-0.691484
-0.691484
-0.691484
-0.691484
-0.691484
-0.691484
-0.691484
-0.691484
-0.691484
-0.691484
-0.691484
-0.691484
-0.691484
-0.691484
-0.691484
-0.691484
-0.691484
-0.691484
-0.691484
-0.691484
-0.691484
-0.691484
-0.691484
-0.691484
-0.691484
-0.691484
-0.691484
-0.691484
-0.691484
-0.691484
-0.691484
-0.691484
-0.691484
-0.691484
-0.691484
-0.691484
-0.691484
-0.691484
-0.691484
-0.691484
-0.691484
-0.691484
-0.691484
-0.691484
-0.691484
-0.691484
-0.691484
-0.691484
-0.691484
-0.691484
-0.691484
-0.691484
-0.691484
-0.691484
-0.691484
-0.691484
-0.691484
-0.691484
-0.691484
-0.691484
-0.691484
-0.691484
-0.691484
-0.691484
-0.691484
-0.691484
-0.691484
-0.691484
-0.691484
-0.691484
-0.691484
-0.691484
-0.691484
-0.691484
-0.691484
-0.691484
-0.691484
-0.691484
-0.691484
-0.691484
-0.691484
-0.691484
-0.691484
-0.691484
-0.691484
-0.691484
-0.691484
-0.691484
-0.691484
-0.691484
-0.691484
-0.691484
-0.691484
-0.691484
-0.691484
-0.691484
-0.691484
-0.691484
-0.691484
-0.691484
-0.691484
-0.691484
-0.691484
-0.691484
-0.691484
-0.691484
-0.691484
-0.691484
-0.691484
-0.691484
-0.691484
-0.691484
-0.691484
-0.691484
-0.691484
-0.691484
-0.691484
-0.691484
-0.691484
-0.691484
-0.691484
-0.691484
-0.691484
-0.691484
-0.691484
-0.691484
-0.691484
-0.691484
-0.691484
-0.691484
-0.691484
-0.691484
-0.691484
-0.691484
-0.691484
-0.691484
-0.691484
-0.691484
-0.691484
-0.691484
-0.691484
-0.691484
-0.691484
-0.691484
-0.691484
-0.691484
-0.691484
-0.691484
-0.691484
-0.691484
-0.691484
-0.691484
-0.691484
-0.691484
-0.691484
-0.691484
-0.691484
-0.691484
-0.691484
-0.691484
-0.691484
-0.691484
-0.691484
-0.691484
-0.691484
-0.691484
-0.691484
-0.691484
-0.691484
-0.691484
-0.691484
-0.691484
-0.691484
-0.691484
-0.691484
-0.691484
-0.691484
-0.691484
-0.691484
-0.691484
-0.691484
-0.691484
-0.691484
-0.691484
-0.691484
-0.691484
-0.691484
-0.691484
-0.691484
-0.691484
-0.691484
-0.691484
-0.691484
-0.691484
-0.691484
-0.691484
-0.691484
-0.691484
-0.691484
-0.691484
-0.691484
-0.691484
-0.691484
-0.691484
-0.691484
-0.691484
-0.691484
-0.691484
-0.691484
-0.691484
-0.691484
-0.691484
-0.691484
-0.691484
-0.691484
-0.691484
-0.691484
-0.691484
-0.691484
-0.691484
-0.691484
-0.691484
-0.691484
-0.691484
-0.691484
-0.691484
-0.691484
-0.691484
-0.691484
-0.691484
-0.691484
-0.691484
-0.691484
-0.691484
-0.691484
-0.691484
-0.691484
-0.691484
-0.691484
-0.691484
-0.691484
-0.691484
-0.691484
-0.691484
-0.691484
-0.691484
-0.691484
-0.691484
-0.691484
-0.691484
-0.691484
-0.691484
-0.691484
-0.691484
-0.691484
-0.691484
-0.691484
-0.691484
-0.691484
-0.691484
-0.691484
-0.691484
-0.691484
-0.691484
-0.691484
-0.691484
-0.691484
-0.691484
-0.691484
-0.691484
-0.691484
-0.691484
-0.691484
-0.691484
-0.691484
-0.691484
-0.691484
-0.691484
-0.691484
-0.691484
-0.691484
-0.691484
