298.495
92.4263
66.4696
40.3126
39.8115
51.0473
58.27
55.0269
57.9229
59.7378
62.5515
67.9255
69.253
70.8537
71.6655
72.5017
74.3864
74.2343
64.6476
63.2234
60.3923
57.8768
54.5465
53.7118
45.7773
45.0106
38.5177
37.6297
34.2435
26.2512
22.6702
22.5552
13.8532
11.8507
6.76712
6.60719
6.67531
13.2191
0.897017
27.1662
0.892708
34.0946
0.877441
38.1086
0.882812
40.2503
0.904924
42.0486
0.888154
42.5411
0.897548
42.925
0.893984
43.0935
0.89508
43.2922
0.897366
43.1904
0.886091
43.0086
0.889399
43.0874
0.89786
42.8161
0.891667
42.5859
0.892237
42.3
0.899602
41.8765
0.89227
41.4446
0.895577
42.1757
0.924086
41.1779
30.4755
28.6856
28.8807
24.5445
27.4009
27.9701
24.0886
26.7584
27.4273
28.47
24.3171
28.0189
23.8749
26.6732
27.4826
23.9878
29.3024
22.8895
24.0164
23.3149
23.5648
23.3017
23.5472
23.0152
22.7098
22.7211
22.4409
22.3282
22.1656
22.0095
21.8876
21.692
21.5514
21.4146
21.2104
21.004
20.7439
20.4847
20.2839
20.1565
19.8635
19.7026
19.4805
19.2197
19.0223
18.8049
18.5355
18.4136
18.2106
17.9469
17.8148
17.5407
17.3187
17.1789
17.1221
16.8969
16.6842
16.5662
16.296
16.2084
15.9711
15.8241
15.6219
15.4912
15.2675
15.1176
14.9882
14.8043
14.7695
14.6501
14.4724
14.349
14.2346
14.1476
13.9763
13.9059
13.8069
13.6235
13.5799
13.4361
13.2973
13.2195
13.1306
13
12.9241
12.8394
12.7206
12.6553
12.5539
12.4108
12.3016
12.2238
12.0937
12.0112
11.9251
11.8213
11.6942
11.5662
11.4401
11.3732
11.2859
11.2008
11.0714
11.0263
10.8873
10.8334
10.708
10.6064
10.4906
10.4341
10.3062
10.2429
10.1428
10.0317
10.0099
9.90115
9.83282
9.71735
9.6811
9.57908
9.49603
9.39684
9.33089
9.24996
9.1321
9.08085
9.03891
8.90889
8.83814
8.77455
8.69091
8.59276
8.56318
8.48894
8.37303
8.34525
8.25194
8.17781
8.16464
8.08657
8.00102
7.97756
7.83522
7.77745
7.65445
7.65104
7.51882
7.49601
7.42165
7.37129
7.30691
7.24038
7.18396
7.10815
7.04579
6.97804
6.91253
6.85801
6.79319
6.72537
6.69742
6.61808
6.58787
6.52318
6.43347
6.39929
6.31534
6.29946
6.25926
6.13878
6.10375
6.07422
6.01377
5.96038
5.90954
5.87057
5.80539
5.74525
5.6833
5.67983
5.59457
5.5434
5.49663
5.47317
5.38436
5.3858
5.30879
5.28473
5.23132
5.20007
5.1292
5.09126
5.05467
5.01587
5.00208
4.91139
4.87812
4.83106
4.80586
4.76664
4.69266
4.70613
4.63044
4.60342
4.54824
4.54885
4.48004
4.45398
4.41898
4.36354
4.36866
4.29649
4.25846
4.22616
4.20798
4.15198
4.09467
4.11498
4.04065
4.05257
3.98791
3.95353
3.90731
3.9165
3.84326
3.82285
3.79816
3.76687
3.74924
3.7019
3.66687
3.62145
3.64189
3.58757
3.57095
3.5065
3.51574
3.47316
3.45056
3.403
3.39186
3.38836
3.3332
3.32572
3.29529
3.27517
3.22416
3.19705
3.20409
3.16877
3.13375
3.09526
3.11053
3.04258
3.05823
3.05951
2.9947
2.99095
2.96836
2.93041
2.92551
2.89336
2.87705
2.87416
2.8311
2.80647
2.80587
2.75948
2.72943
2.73201
2.7001
2.6722
2.68368
2.64514
2.63763
2.6111
2.58291
2.58692
2.77104
2.74146
2.74552
2.81033
2.75685
2.6981
2.62801
2.80049
2.73105
2.72789
2.67241
2.75766
2.7922
2.72037
2.699
2.67094
2.82173
2.72628
2.70361
2.65663
2.76377
2.79612
2.78956
2.19835
1.88687
1.74823
1.72673
2.51747
2.82172
2.69076
2.47796
2.37915
2.29937
2.314
2.42676
2.29535
2.04482
1.88373
1.82658
2.01048
2.52927
2.53164
2.39702
2.30523
2.20282
2.18572
2.13388
2.11122
2.19819
2.27079
2.35719
2.06452
1.85713
1.75391
1.66861
1.63265
1.59709
1.60511
1.97703
2.2879
2.20527
2.07188
1.94547
1.86058
1.89717
1.86827
1.8286
1.87877
1.84643
1.89024
1.94159
1.97535
2.13313
1.97227
1.83333
1.73269
1.67039
1.60222
1.57502
1.57541
1.56723
1.54303
1.54367
1.5662
1.54348
1.57513
1.56695
1.57913
1.59193
1.59786
1.60624
1.59935
1.6046
1.6001
1.61065
1.57037
1.58364
1.57024
1.54544
1.50471
1.50657
1.48105
1.47646
1.48076
1.45497
1.44962
1.44755
1.42343
1.41789
1.42313
1.41414
1.41748
1.37667
1.42133
1.3858
1.4127
1.38394
1.41111
1.44626
1.4495
1.43798
1.43871
1.42183
1.37706
1.4073
1.3503
1.38006
1.38349
1.35454
1.35846
1.34792
1.35264
1.38662
1.3822
1.38563
1.38434
1.36317
1.35792
1.3549
1.31701
1.31645
1.31632
1.30683
1.30782
1.28953
1.29269
1.25491
1.25306
1.27704
1.26612
1.25259
1.2165
1.23092
1.22999
1.22279
1.22721
1.20296
1.22633
1.19708
1.19183
1.19619
1.18992
1.18914
1.19426
1.16336
1.19358
1.15361
1.19214
1.16649
1.17189
1.16137
1.16458
1.16375
1.12958
1.16579
1.16973
1.12381
1.1639
1.12757
1.12407
1.13213
1.1274
1.12352
1.13113
1.12762
1.12405
1.13305
1.09607
1.12381
1.10052
1.12719
1.09271
1.10107
1.09617
1.09319
1.10083
1.09622
1.0612
1.10087
1.09656
1.06106
1.10041
1.06479
1.06072
1.06928
1.06429
1.06114
1.06982
1.06528
1.0609
1.03786
1.0651
1.06065
0.88139
1.19071
1.06111
0.882428
1.19047
1.02962
1.03826
1.03345
1.02974
1.03831
0.876756
1.15538
1.03832
0.876491
1.12328
1.0378
1.0338
0.873434
1.13357
0.876328
1.12304
1.00673
1.00133
0.998405
1.00704
0.876665
1.09269
1.00669
1.00186
0.873278
1.10058
0.876325
1.09261
0.881648
1.0655
0.999706
0.881845
1.06448
0.872521
1.06992
1.002
0.872932
1.03829
0.970324
0.967079
0.881784
1.06507
0.873159
1.0381
0.876555
1.02959
0.975537
0.875913
1.02989
0.882297
1.03352
0.872758
1.03871
0.876472
0.998129
0.881569
1.03378
0.873163
1.00624
0.877194
0.997986
0.881378
1.00152
0.872392
1.00729
0.876847
0.998091
0.882138
1.00197
0.873389
0.975797
0.876803
1.00005
0.881688
0.970784
0.872483
0.975741
0.87601
0.967376
0.881816
0.970845
0.873066
0.975632
0.876476
0.967081
0.881449
0.940114
0.873444
0.976438
0.878016
0.936023
0.884511
0.970768
0.873033
0.945238
0.877321
0.936279
0.881878
0.939647
0.873764
0.944789
0.87703
0.936501
0.882133
0.939968
0.873599
0.882707
0.9391
0.873468
0.945783
0.876701
0.873766
0.945286
0.877277
0.937157
0.881987
0.877203
0.936461
0.882107
0.876995
0.936598
0.882659
0.876507
0.873833
0.94697
0.87734
0.873353
0.882683
0.940236
0.874352
0.882356
0.876777
0.935653
0.881808
0.876476
0.873299
0.881858
0.907276
0.872301
0.881725
0.876453
0.935778
0.883398
0.876423
0.873314
0.88169
0.876911
0.873148
0.881993
0.876774
0.90455
0.881651
0.876183
0.872637
0.881852
0.876727
0.873414
0.881794
0.908464
0.873449
0.882413
0.877096
0.873053
0.881473
0.875951
0.873378
0.881967
0.876198
0.873096
0.881948
0.876511
0.873138
0.882035
0.876137
0.873335
0.881688
0.8763
0.873087
0.8815
0.876199
0.87272
0.881803
0.876171
0.872928
0.881982
0.876693
0.8731
0.881489
0.876462
0.873979
0.882415
0.877098
0.874177
0.882203
0.876843
0.873727
0.883038
0.877918
0.873232
0.882719
0.877213
0.873248
0.882449
0.877074
0.873973
0.881931
0.877496
0.873419
0.882297
0.877493
0.873665
0.882755
0.876238
0.873156
0.882375
0.87702
0.873393
0.882024
0.876509
0.874053
0.881259
0.877264
0.873845
0.881835
0.877206
0.873446
0.882734
0.876872
0.87345
0.882628
0.876861
0.873434
0.881864
0.877139
0.873593
0.88235
0.877122
0.87357
0.882252
0.877109
0.873464
0.882507
0.876585
0.873261
0.882587
0.877412
0.872632
0.881935
0.876681
0.873855
0.881863
0.876771
0.873505
0.882204
0.876865
0.873539
0.881991
0.876714
0.873422
0.882496
0.87681
0.875336
0.884083
0.876855
0.873796
0.882987
0.87685
0.873566
0.881892
0.877285
0.87335
0.882359
0.876548
0.873358
0.882587
0.877343
0.873493
0.882107
0.877055
0.87375
0.882369
0.877021
0.873483
0.882178
0.877047
0.873665
0.88257
0.876679
0.872747
0.882247
0.876969
0.873424
0.881901
0.876808
0.873476
0.883187
0.876703
0.875021
0.881712
0.877289
0.873556
0.882283
0.876615
0.872871
0.882568
0.876879
0.873629
0.882124
0.876684
0.874013
0.88222
0.876997
0.873748
0.88176
0.87664
0.873639
0.8827
0.876426
0.873214
0.882614
0.877373
0.873337
0.881977
0.877426
0.874004
0.882111
0.877335
0.873785
0.881955
0.878542
0.873592
0.882158
0.877014
0.873623
0.884506
0.876972
0.87346
0.882087
0.876571
0.873855
0.881425
0.876617
0.872815
0.881589
0.876461
0.873429
0.882077
0.876512
0.873501
0.882503
0.877227
0.873257
0.882489
0.876504
0.872997
0.881829
0.876551
0.872917
0.881395
0.876499
0.873401
0.882498
0.876074
0.873627
0.88185
0.876488
0.872405
0.88188
0.876238
0.873751
0.881905
0.876656
0.873535
0.881942
0.876268
0.873716
0.882089
0.875878
0.872231
0.88214
0.876125
0.872375
0.881552
0.87632
0.873525
0.881286
0.876745
0.873462
0.883319
0.87819
0.873413
0.882899
0.876765
0.872952
0.882007
0.87704
0.873543
0.882185
0.878966
0.873787
0.882127
0.877442
0.874419
0.882961
0.879152
0.875889
0.884945
0.878875
0.872856
0.882281
0.876824
0.872857
0.881496
0.877007
0.876402
0.884616
0.879784
0.875562
0.884302
0.879577
0.875193
0.884984
0.878637
0.875111
0.885002
0.879438
0.875274
0.884557
0.879351
0.875788
0.884723
0.879526
0.875326
0.883417
0.876378
0.872979
0.881778
0.876305
0.872414
0.882178
0.876586
0.873159
0.881461
0.878213
0.873873
0.881465
0.876373
0.873147
0.881755
0.876636
0.872917
0.881833
0.876311
0.872701
0.881641
0.876549
0.872592
0.881833
0.876488
0.873093
0.881963
0.876595
0.873675
0.882228
0.876472
0.873079
0.884569
0.876276
0.873179
0.881777
0.876113
0.873071
0.881597
0.876559
0.873423
0.881466
0.876676
0.873415
0.881546
0.876043
0.873202
0.881805
0.876207
0.873046
0.881729
0.876442
0.872441
0.881859
0.876585
0.873289
0.881675
0.876947
0.873224
0.88171
0.87677
0.873267
0.882354
0.876589
0.873441
0.88213
0.877882
0.873444
0.881757
0.877133
0.874116
0.882254
0.877406
0.873682
0.883215
0.877827
0.872935
0.882248
0.876417
0.873299
0.882222
0.877121
0.873255
0.882344
0.877371
0.875965
0.884612
0.879748
0.873558
0.881837
0.876275
0.873291
0.882211
0.876176
0.87249
0.881416
0.876341
0.872622
0.882005
0.876484
0.873891
0.881495
0.876435
0.873428
0.881776
0.876375
0.872748
0.881763
0.876268
0.873158
0.88197
0.876316
0.872841
0.881493
0.876733
0.873215
0.882368
0.877395
0.873258
0.882288
0.876841
0.873754
0.882494
0.876741
0.873536
0.88211
0.877484
0.872686
0.882264
0.87729
0.873717
0.881991
0.877454
0.873808
0.88254
0.877997
0.875986
0.882462
0.876817
0.873708
0.882163
0.877043
0.873166
0.883995
0.877566
0.873645
0.882194
0.877774
0.874003
0.882655
0.876983
0.873517
0.881979
0.876283
0.87343
0.881987
0.876949
0.87306
0.882024
0.876571
0.874385
0.882403
0.877076
0.873064
0.881967
0.876155
0.874054
0.885211
0.879387
0.877095
0.884938
0.879201
0.875268
0.884733
0.87919
0.876387
0.884473
0.879256
0.872859
0.881694
0.876547
0.872749
0.881793
0.876039
0.872843
0.881835
0.876339
0.872851
0.881967
0.876739
0.873223
0.881718
0.876467
0.87311
0.882182
0.876292
0.872597
0.881751
0.876206
0.872448
0.881518
0.876874
0.873023
0.88174
0.87729
0.873293
0.882013
0.877224
0.872552
0.881499
0.876496
0.872793
0.88196
0.876028
0.87288
0.883243
0.87645
0.872574
0.881991
0.876455
0.873682
0.881727
0.876581
0.873019
0.882292
0.879433
0.87588
0.884397
0.87897
0.875863
0.88463
0.879481
0.875047
0.884429
0.879648
0.876285
0.884265
0.880425
0.875878
0.884687
0.87889
0.876027
0.884836
0.87906
0.875405
0.884589
0.879596
0.875333
0.884504
0.879226
0.876145
0.88466
0.876744
0.872965
0.881849
0.876187
0.873155
0.881862
0.876197
0.87297
0.881632
0.876429
0.87262
0.881639
0.876434
0.873098
0.881545
0.876672
0.872914
0.882004
0.877783
0.876305
0.884697
0.879098
0.878786
0.884735
0.879396
0.875575
0.88478
0.879484
0.876373
0.884632
0.87912
0.873863
0.882045
0.876481
0.873318
0.881984
0.876136
0.872793
0.881524
0.876902
0.87253
0.881748
0.876492
0.873183
0.881513
0.877016
0.873321
0.88214
0.876241
0.873063
0.881839
0.875971
0.872565
0.881547
0.876829
0.872639
0.881633
0.87663
0.873482
0.881618
0.876688
0.872851
0.881778
0.876355
0.872891
0.881712
0.875951
0.872653
0.881992
0.876462
0.872798
0.881657
0.877868
0.874362
0.884521
0.879406
0.875806
0.884986
0.879286
0.87569
0.88471
0.878881
0.875489
0.884822
0.879369
0.875129
0.885286
0.87902
0.877984
0.884462
0.879582
0.875481
0.884443
0.879059
0.87583
0.884633
0.878765
0.875461
0.885045
0.879426
0.875206
0.884668
0.879104
0.876241
0.884919
0.879599
0.873355
0.881977
0.876346
0.872903
0.882055
0.876459
0.872747
0.881792
0.876319
0.872671
0.881586
0.876688
0.873249
0.881613
0.876856
0.873066
0.884924
0.87658
0.873287
0.881866
0.87598
0.87364
0.881656
0.87668
0.8734
0.882184
0.877054
0.873867
0.882213
0.877338
0.87281
0.882958
0.877156
0.873204
0.88193
0.876272
0.872677
0.881663
0.876321
0.872278
0.881602
0.876904
0.873278
0.881904
0.876532
0.873155
0.881852
0.876672
0.873591
0.882577
0.877802
0.87417
0.882057
0.877027
0.87299
0.882367
0.877157
0.873547
0.881809
0.877297
0.873548
0.882924
0.876628
0.873503
0.882029
0.876729
0.8754
0.881936
0.877361
0.872961
0.882106
0.876965
0.873466
0.881742
0.877096
0.873038
0.881742
0.876674
0.873354
0.882256
0.87678
0.873069
0.882256
0.877254
0.873527
0.881983
0.877399
0.87396
0.882484
0.877259
0.872999
0.883843
0.876892
0.873641
0.882183
0.876775
0.873335
0.882226
0.877026
0.872956
0.884278
0.877388
0.874016
0.882174
0.876764
0.873525
0.881945
0.877172
0.872958
0.882192
0.876532
0.872324
0.881839
0.876621
0.872715
0.881523
0.876868
0.873994
0.881964
0.877341
0.873224
0.881878
0.876308
0.87281
0.881975
0.876021
0.872548
0.881566
0.876373
0.872568
0.881554
0.876771
0.873284
0.881884
0.876789
0.873258
0.881844
0.876432
0.87264
0.881907
0.876088
0.873163
0.882213
0.877024
0.873392
0.881448
0.876452
0.872872
0.881159
0.877262
0.873681
0.882406
0.876718
0.873528
0.882296
0.876753
0.872602
0.881749
0.876775
0.872738
0.881429
0.876858
0.872971
0.881435
0.876557
0.873335
0.882016
0.876327
0.87285
0.881975
0.876149
0.873242
0.884004
0.876994
0.872687
0.882545
0.876922
0.873843
0.88174
0.876805
0.873346
0.882451
0.87627
0.87268
0.881875
0.876841
0.872957
0.883141
0.878627
0.872559
0.881302
0.876443
0.873656
0.881703
0.876931
0.872926
0.881924
0.876354
0.873581
0.882239
0.876318
0.872849
0.881032
0.876208
0.87259
0.881546
0.876568
0.873461
0.881842
0.876789
0.873187
0.882147
0.876327
0.873256
0.881533
0.876382
0.872771
0.881658
0.876452
0.87283
0.881884
0.877423
0.874673
0.881684
0.877099
0.872768
0.882139
0.878769
0.873144
0.882188
0.876338
0.872695
0.882114
0.876924
0.873038
0.882051
0.876903
0.873422
0.882468
0.877247
0.873969
0.882699
0.876978
0.873031
0.882425
0.876214
0.873259
0.88201
0.876863
0.87324
0.88176
0.876955
0.873759
0.881959
0.876784
0.873446
0.881964
0.876924
0.873071
0.882674
0.876238
0.872907
0.882423
0.876816
0.873311
0.882302
0.876824
0.87393
0.881883
0.877438
0.873829
0.882181
0.876833
0.873478
0.882094
0.876987
0.873031
0.882148
0.877028
0.873173
0.882068
0.877006
0.873657
0.882302
0.877342
0.873789
0.882233
0.877077
0.873054
0.882046
0.877732
0.873369
0.885316
0.876772
0.872975
0.882251
0.878799
0.875749
0.884806
0.879396
0.875649
0.884945
0.879105
0.875422
0.884414
0.879043
0.875483
0.884247
0.879574
0.875792
0.884703
0.87945
0.875519
0.884361
0.879451
0.875785
0.884608
0.878959
0.875671
0.884966
0.879023
0.876018
0.883356
0.876693
0.873134
0.884785
0.87656
0.873647
0.881883
0.876636
0.873272
0.881894
0.87637
0.872817
0.881612
0.876057
0.872794
0.882022
0.876671
0.872866
0.881839
0.876763
0.87321
0.881589
0.876818
0.873309
0.882135
0.876315
0.872682
0.881724
0.876499
0.872745
0.88141
0.87661
0.872452
0.881973
0.87694
0.873902
0.882309
0.877274
0.873884
0.882278
0.876891
0.873675
0.884515
0.876673
0.873387
0.882437
0.87687
0.873222
0.882288
0.877151
0.873785
0.881792
0.877438
0.873564
0.882453
0.877078
0.873571
0.882097
0.876552
0.872625
0.882232
0.877305
0.873378
0.882274
0.877085
0.873901
0.881986
0.877581
0.873918
0.882203
0.876776
0.873082
0.882137
0.875937
0.873121
0.881728
0.876888
0.872844
0.881402
0.876626
0.873399
0.881372
0.876985
0.873385
0.881747
0.876153
0.87327
0.88177
0.876214
0.872379
0.881747
0.876688
0.872996
0.881756
0.876649
0.873532
0.882292
0.877841
0.873545
0.881855
0.876214
0.873187
0.881834
0.876037
0.873086
0.8819
0.876958
0.872418
0.881507
0.876433
0.873815
0.882001
0.876642
0.873159
0.881881
0.876651
0.872965
0.882163
0.876246
0.872666
0.881519
0.875995
0.872582
0.881593
0.877929
0.873477
0.881888
0.876545
0.87328
0.8819
0.876223
0.87315
0.882195
0.875899
0.872652
0.881673
0.876537
0.872365
0.882383
0.876771
0.873705
0.882111
0.876934
0.873231
0.882145
0.876307
0.873326
0.882459
0.877055
0.873529
0.882516
0.878611
0.874491
0.882484
0.877137
0.874052
0.882305
0.877561
0.87376
0.882226
0.876852
0.873118
0.882158
0.876433
0.873011
0.882807
0.87704
0.873611
0.88217
0.877136
0.87374
0.88224
0.877144
0.873794
0.881933
0.876837
0.873175
0.882109
0.87677
0.873314
0.882238
0.876937
0.873391
0.882296
0.876978
0.873988
0.882192
0.877057
0.873494
0.8828
0.87722
0.873492
0.882294
0.876767
0.873309
0.88219
0.877115
0.873453
0.882136
0.87774
0.874255
0.882201
0.877161
0.873626
0.882446
0.877182
0.873597
0.882603
0.876909
0.873476
0.881908
0.877124
0.872946
0.882148
0.877423
0.873885
0.882763
0.878663
0.873962
0.882472
0.876858
0.873724
0.882141
0.876224
0.873166
0.88195
0.877042
0.873153
0.882269
0.876877
0.873792
0.881993
0.877237
0.874015
0.883204
0.876925
0.873643
0.882346
0.876648
0.873396
0.882539
0.876871
0.873941
0.882199
0.876967
0.87387
0.882254
0.877478
0.873693
0.882333
0.8768
0.873256
0.882467
0.87676
0.873445
0.882187
0.876857
0.87349
0.88233
0.876837
0.873625
0.882257
0.877293
0.873477
0.882328
0.876797
0.873367
0.88232
0.876905
0.873286
0.881858
0.876945
0.873625
0.882227
0.876661
0.873704
0.884737
0.878361
0.873572
0.88225
0.877044
0.873405
0.882406
0.876446
0.873373
0.884193
0.877008
0.87325
0.882396
0.877207
0.873848
0.881962
0.877239
0.873884
0.882208
0.876838
0.873421
0.882445
0.876417
0.873325
0.881669
0.877094
0.873475
0.882559
0.877261
0.873598
0.882086
0.87746
0.873603
0.882284
0.879217
0.873133
0.882203
0.876733
0.873142
0.88218
0.877276
0.873286
0.882128
0.87712
0.873485
0.882277
0.877514
0.873683
0.88262
0.877325
0.873444
0.88223
0.8769
0.873649
0.882518
0.876652
0.873459
0.881704
0.877161
0.873629
0.882522
0.877511
0.873504
0.881849
0.876802
0.873187
0.882616
0.877104
0.873824
0.882419
0.877104
0.873166
0.882154
0.877037
0.873554
0.882134
0.876677
0.873505
0.882374
0.876844
0.873382
0.884084
0.876384
0.873387
0.881982
0.877033
0.873576
0.882315
0.87719
0.873649
0.882424
0.877256
0.873665
0.882183
0.877042
0.873495
0.882059
0.876573
0.873212
0.882669
0.876953
0.873575
0.883739
0.877799
0.873667
0.882325
0.876741
0.87349
0.882405
0.877318
0.874007
0.882408
0.876897
0.87328
0.881818
0.876867
0.872933
0.882488
0.877414
0.873883
0.882223
0.877198
0.873643
0.88241
0.87697
0.873796
0.882315
0.877272
0.873336
0.882037
0.876814
0.873685
0.882041
0.87743
0.873498
0.88226
0.878665
0.874339
0.883731
0.876915
0.873401
0.882161
0.876951
0.873275
0.88213
0.876893
0.872921
0.881981
0.877213
0.874104
0.882643
0.877125
0.873521
0.882489
0.876783
0.874087
0.882319
0.876948
0.873241
0.882107
0.876886
0.873286
0.881856
0.877079
0.87367
0.882062
0.877398
0.874474
0.882273
0.877119
0.873833
0.88367
0.877
0.87346
0.881805
0.876874
0.873069
0.882311
0.87706
0.873523
0.881905
0.876994
0.873537
0.882444
0.877467
0.873272
0.882613
0.876679
0.873274
0.882147
0.876988
0.872973
0.881776
0.877084
0.873743
0.882434
0.876969
0.873933
0.881984
0.877235
0.87353
0.884037
0.877054
0.873326
0.88212
0.877382
0.873372
0.88191
0.877285
0.873309
0.881943
0.877426
0.873699
0.882083
0.877026
0.873601
0.881722
0.876812
0.873836
0.882063
0.876993
0.873323
0.882125
0.877303
0.873474
0.882179
0.877013
0.873984
0.882355
0.877117
0.873269
0.882093
0.876469
0.87347
0.8819
0.87664
0.873033
0.882097
0.877082
0.873616
0.883119
0.877349
0.873078
0.882263
0.876931
0.873756
0.881907
0.876872
0.873039
0.881995
0.8769
0.873148
0.882333
0.877307
0.873782
0.882247
0.877345
0.873536
0.882324
0.876925
0.873935
0.882618
0.877166
0.873311
0.881907
0.876558
0.873379
0.881793
0.877377
0.87284
0.88225
0.876707
0.873457
0.88483
0.877191
0.874444
0.882531
0.876999
0.873601
0.881916
0.877171
0.873232
0.881932
0.877399
0.874109
0.88212
0.877378
0.873727
0.882215
0.877413
0.873811
0.88236
0.876703
0.872882
0.882295
0.876732
0.872975
0.882266
0.877056
0.873744
0.882294
0.877533
0.873262
0.881993
0.877241
0.873411
0.882072
0.876982
0.875151
0.88241
0.875881
0.873471
0.882231
0.87735
0.874412
0.882199
0.877082
0.873417
0.882489
0.877058
0.873789
0.882205
0.876582
0.873741
0.881935
0.876484
0.873286
0.882332
0.878363
0.873772
0.881917
0.877353
0.873226
0.881993
0.877068
0.873887
0.882361
0.876918
0.87311
0.882131
0.876591
0.873759
0.883551
0.876476
0.874163
0.881925
0.876797
0.873785
0.881883
0.877238
0.873554
0.882548
0.876749
0.873336
0.881834
0.876908
0.873436
0.88229
0.877471
0.873825
0.881927
0.876918
0.873726
0.882504
0.876893
0.873383
0.88236
0.876776
0.873316
0.882261
0.876294
0.872919
0.882338
0.876973
0.873745
0.882451
0.878597
0.873436
0.881904
0.876993
0.873199
0.88196
0.876958
0.872685
0.882159
0.876755
0.873004
0.882515
0.877345
0.873318
0.882062
0.876999
0.874034
0.884908
0.876938
0.873802
0.882127
0.876479
0.873458
0.882186
0.876892
0.873492
0.882131
0.877371
0.873955
0.882431
0.876932
0.873844
0.88246
0.877449
0.875185
0.885166
0.876792
0.872988
0.882051
0.877005
0.873452
0.881943
0.877072
0.873097
0.882624
0.877135
0.873024
0.882288
0.876379
0.873525
0.882618
0.876535
0.873197
0.882052
0.876661
0.873369
0.881906
0.877204
0.873503
0.882276
0.87715
0.873693
0.8824
0.876859
0.873259
0.881935
0.87678
0.87337
0.88201
0.877654
0.873532
0.881921
0.877384
0.873783
0.882307
0.878088
0.873893
0.882414
0.877132
0.873442
0.882657
0.876929
0.873306
0.881955
0.877056
0.873661
0.882202
0.877126
0.873872
0.884012
0.876858
0.874343
0.882737
0.87723
0.873396
0.882476
0.87722
0.873526
0.882049
0.876603
0.873282
0.8822
0.877466
0.874375
0.882323
0.877325
0.873141
0.88268
0.877059
0.873795
0.882122
0.877075
0.873332
0.882329
0.876987
0.873624
0.882371
0.877235
0.873343
0.882193
0.877368
0.873299
0.8828
0.877042
0.874006
0.88233
0.876938
0.873893
0.882419
0.876804
0.87373
0.881713
0.87725
0.873846
0.881873
0.877188
0.873679
0.883703
0.87703
0.873804
0.882183
0.876719
0.872885
0.88278
0.878005
0.877516
0.882285
0.877486
0.87365
0.882521
0.87715
0.873685
0.88294
0.876982
0.873853
0.882306
0.876717
0.874045
0.882441
0.87666
0.873152
0.882277
0.877044
0.873746
0.882198
0.877209
0.873386
0.882134
0.877115
0.873829
0.882779
0.877981
0.876036
0.881789
0.876683
0.873213
0.8824
0.877538
0.873725
0.882133
0.877082
0.873562
0.882412
0.877213
0.873987
0.882397
0.876541
0.873321
0.882046
0.876792
0.8731
0.881975
0.877306
0.873201
0.882339
0.876708
0.873496
0.882269
0.878825
0.874631
0.882545
0.87691
0.87344
0.882058
0.8765
0.873665
0.882092
0.877052
0.873761
0.882039
0.87696
0.873611
0.882592
0.877227
0.873717
0.882332
0.876715
0.87366
0.88218
0.876756
0.872922
0.881946
0.877429
0.873564
0.882295
0.876972
0.874167
0.882441
0.876694
0.873696
0.883698
0.876931
0.873311
0.882125
0.876735
0.873322
0.881869
0.877396
0.873527
0.882066
0.877498
0.873742
0.882643
0.877129
0.873701
0.882193
0.87721
0.873729
0.882357
0.876787
0.87338
0.882157
0.877118
0.873281
0.882036
0.877128
0.873717
0.882613
0.876894
0.873795
0.882324
0.876854
0.87297
0.882756
0.878153
0.873509
0.882205
0.877265
0.873396
0.882114
0.877105
0.873926
0.882018
0.877183
0.874529
0.882867
0.876763
0.873063
0.881936
0.876833
0.873552
0.882739
0.877365
0.873519
0.882153
0.877149
0.873226
0.882468
0.87697
0.873369
0.88231
0.876939
0.87304
0.881965
0.876596
0.873089
0.881977
0.877136
0.874096
0.882267
0.877573
0.873483
0.882465
0.876915
0.873687
0.882144
0.876745
0.872849
0.882994
0.87673
0.873414
0.882091
0.877258
0.873666
0.88209
0.877592
0.873775
0.882395
0.877055
0.873646
0.882313
0.876612
0.873397
0.882254
0.876566
0.873003
0.882139
0.877385
0.873361
0.882374
0.877211
0.873753
0.88445
0.87727
0.873662
0.882516
0.877345
0.873495
0.882457
0.876961
0.87342
0.882117
0.877669
0.873734
0.882452
0.877029
0.874082
0.882733
0.877158
0.874066
0.882067
0.87708
0.873213
0.882218
0.87676
0.873351
0.882107
0.877534
0.873658
0.88215
0.877527
0.873483
0.882025
0.877279
0.873589
0.882717
0.877067
0.873194
0.882235
0.876989
0.873099
0.882708
0.877395
0.873809
0.882471
0.876908
0.873622
0.882742
0.87725
0.873607
0.882731
0.877172
0.873455
0.881972
0.876614
0.873291
0.882208
0.876976
0.873739
0.882204
0.87736
0.87423
0.882099
0.876782
0.873508
0.882547
0.876653
0.873395
0.882228
0.876816
0.873693
0.88183
0.877292
0.873942
0.883936
0.877421
0.87373
0.882303
0.876997
0.873459
0.882099
0.880671
0.873264
0.882096
0.876767
0.873245
0.882372
0.877405
0.873775
0.882284
0.876861
0.873615
0.882745
0.876907
0.873547
0.882132
0.876878
0.873195
0.882343
0.876764
0.873452
0.882657
0.877204
0.873855
0.882619
0.877366
0.873898
0.882225
0.876897
0.873026
0.882692
0.876722
0.873154
0.88189
0.876504
0.874756
0.882867
0.87722
0.873416
0.882642
0.877327
0.873918
0.882351
0.877068
0.873331
0.881955
0.877146
0.876902
0.882702
0.878504
0.873915
0.882035
0.877337
0.873967
0.88233
0.87713
0.873888
0.882506
0.87723
0.873875
0.882502
0.876744
0.873591
0.882883
0.87629
0.873578
0.882586
0.87731
0.873779
0.882646
0.877134
0.873774
0.882328
0.876453
0.873457
0.882341
0.876936
0.872936
0.88228
0.877143
0.873607
0.882379
0.87718
0.873515
0.882319
0.877056
0.873373
0.882477
0.876896
0.874058
0.882278
0.876621
0.873393
0.88222
0.876798
0.873119
0.88204
0.877182
0.873334
0.882049
0.876936
0.873678
0.882357
0.877802
0.873388
0.882485
0.876815
0.87319
0.88222
0.87663
0.873231
0.882031
0.87733
0.873502
0.883881
0.877345
0.873893
0.883197
0.87716
0.873694
0.882245
0.877147
0.872998
0.882066
0.876872
0.873328
0.881782
0.877523
0.873695
0.88239
0.87715
0.873621
0.882356
0.877123
0.873885
0.882306
0.876825
0.873275
0.883039
0.876557
0.873396
0.882477
0.877695
0.8737
0.882243
0.877297
0.873312
0.88176
0.87721
0.874102
0.88272
0.87707
0.873626
0.882396
0.876676
0.873157
0.882105
0.877604
0.873989
0.882677
0.877303
0.873831
0.882289
0.876929
0.873791
0.881897
0.876627
0.873421
0.88221
0.876944
0.873558
0.882126
0.882379
0.873495
0.882096
0.877331
0.873725
0.88253
0.877071
0.873729
0.882475
0.876978
0.872606
0.881968
0.87668
0.873479
0.883963
0.877034
0.873717
0.882055
0.877055
0.873774
0.882057
0.877098
0.873919
0.882524
0.876915
0.873599
0.882444
0.877275
0.873701
0.882178
0.876993
0.873455
0.882146
0.876912
0.874402
0.88201
0.876756
0.873027
0.88225
0.876551
0.873542
0.882233
0.876705
0.873623
0.882299
0.877083
0.874334
0.88207
0.87706
0.873646
0.882012
0.881748
0.873724
0.882495
0.876738
0.873864
0.882072
0.876908
0.872927
0.882163
0.877391
0.87383
0.882293
0.877472
0.873532
0.882168
0.877056
0.87344
0.884077
0.878141
0.873602
0.882225
0.876663
0.873525
0.881984
0.877359
0.873897
0.882203
0.877237
0.873339
0.88247
0.876867
0.874663
0.882499
0.876571
0.873591
0.882075
0.876962
0.873077
0.882434
0.877231
0.873296
0.882005
0.87722
0.874195
0.881786
0.87734
0.873766
0.882388
0.877365
0.873349
0.882316
0.877467
0.874767
0.881958
0.877317
0.872989
0.882235
0.877102
0.873553
0.882753
0.876814
0.873302
0.882063
0.876552
0.873169
0.882788
0.876734
0.873269
0.882161
0.877327
0.873825
0.882294
0.879332
0.874217
0.882031
0.876737
0.873546
0.882306
0.876523
0.873571
0.882466
0.876713
0.873185
0.8822
0.877617
0.873872
0.883644
0.877234
0.873667
0.882526
0.877024
0.874137
0.882224
0.877081
0.873038
0.882161
0.876903
0.873619
0.882249
0.876875
0.873416
0.882359
0.877285
0.873473
0.882415
0.876803
0.873581
0.882449
0.877242
0.873655
0.882862
0.876544
0.873175
0.88188
0.87731
0.873725
0.882371
0.877146
0.873974
0.882451
0.878729
0.873576
0.882443
0.876663
0.873418
0.882336
0.876588
0.873324
0.882307
0.87772
0.873592
0.88207
0.877154
0.873774
0.881869
0.877251
0.873472
0.883083
0.878172
0.873023
0.881941
0.876629
0.873765
0.882459
0.877031
0.873477
0.882744
0.87703
0.873283
0.882435
0.876695
0.873671
0.882515
0.876608
0.874009
0.882588
0.876676
0.873511
0.88198
0.877254
0.874288
0.882213
0.877016
0.873912
0.882328
0.87684
0.874055
0.882618
0.876849
0.873201
0.882185
0.876899
0.87336
0.881902
0.877308
0.873598
0.881808
0.877018
0.873295
0.882291
0.876896
0.873424
0.882134
0.876354
0.873765
0.88178
0.876644
0.873568
0.882274
0.877305
0.87328
0.882001
0.877404
0.873777
0.882021
0.877682
0.873143
0.882285
0.876984
0.873458
0.882512
0.876578
0.873276
0.882172
0.87724
0.873401
0.883776
0.876911
0.87344
0.882609
0.876961
0.87323
0.882277
0.876634
0.873001
0.881849
0.876637
0.873013
0.882403
0.877349
0.873767
0.882282
0.877747
0.876803
0.882283
0.876849
0.873888
0.882204
0.87674
0.873296
0.882135
0.876931
0.873584
0.881942
0.877363
0.873495
0.882381
0.877257
0.873407
0.882175
0.877574
0.873694
0.882155
0.876738
0.873014
0.882073
0.877
0.873392
0.881665
0.877139
0.873424
0.882521
0.877393
0.873721
0.881925
0.876509
0.873632
0.883632
0.876436
0.873383
0.882379
0.876644
0.873205
0.881754
0.87726
0.873705
0.882176
0.87714
0.874047
0.882006
0.87734
0.873642
0.882076
0.876759
0.873236
0.881808
0.876686
0.873658
0.884087
0.877156
0.873337
0.882457
0.876926
0.873357
0.882121
0.877105
0.873243
0.882014
0.877045
0.873482
0.881674
0.877191
0.87361
0.882367
0.87722
0.873694
0.882222
0.876944
0.87343
0.882164
0.877112
0.873569
0.881986
0.876733
0.872632
0.882278
0.877445
0.873331
0.88178
0.877074
0.873703
0.882041
0.877454
0.87349
0.881872
0.877312
0.873489
0.882491
0.876488
0.873557
0.881884
0.876671
0.873332
0.881777
0.877238
0.873552
0.881742
0.876835
0.873677
0.882015
0.876816
0.873584
0.882576
0.879684
0.874049
0.882357
0.876892
0.873379
0.882207
0.877349
0.873554
0.882308
0.877028
0.873526
0.882521
0.877253
0.873976
0.882543
0.876866
0.873578
0.882217
0.876659
0.872931
0.882199
0.877223
0.873049
0.882082
0.877144
0.873414
0.883789
0.879263
0.873915
0.882414
0.877096
0.873044
0.881937
0.876674
0.873172
0.881887
0.877334
0.87359
0.882092
0.877304
0.8738
0.882402
0.876928
0.873649
0.88251
0.877027
0.873122
0.882268
0.877182
0.873266
0.882401
0.877605
0.873799
0.881926
0.876987
0.87351
0.882546
0.876949
0.873387
0.882576
0.876881
0.874065
0.882323
0.876931
0.87335
0.885624
0.877464
0.8736
0.882232
0.877208
0.873839
0.882394
0.877252
0.87404
0.882609
0.877129
0.873357
0.882291
0.876816
0.875258
0.884392
0.880207
0.875948
0.884498
0.879139
0.875712
0.884408
0.879562
0.875811
0.885124
0.879325
0.875475
0.884386
0.878951
0.875461
0.884616
0.87972
0.87577
0.88473
0.879559
0.875592
0.884287
0.879646
0.875783
0.884623
0.87942
0.875481
0.884456
0.879158
0.87514
0.884517
0.879819
0.875541
0.884025
0.879767
0.875884
0.884732
0.879412
0.87541
0.884539
0.879314
0.875335
0.884031
0.879735
0.875409
0.884426
0.87943
0.876001
0.884284
0.881729
0.875632
0.884726
0.879413
0.875695
0.884692
0.87944
0.876504
0.885729
0.878851
0.875242
0.88465
0.87963
0.876029
0.884393
0.880325
0.875943
0.885026
0.879257
0.875833
0.884435
0.880299
0.87519
0.884205
0.879335
0.875315
0.884175
0.879736
0.875959
0.884553
0.879637
0.875818
0.884509
0.881046
0.876532
0.885027
0.878971
0.875604
0.88398
0.878817
0.874781
0.883906
0.879792
0.875592
0.884711
0.879905
0.875945
0.884649
0.880848
0.875827
0.884724
0.879167
0.87555
0.884181
0.879305
0.87512
0.884062
0.879828
0.875874
0.884745
0.879975
0.875815
0.886617
0.879256
0.875835
0.884669
0.879521
0.875321
0.884513
0.879542
0.875392
0.88389
0.879629
0.875676
0.886887
0.880405
0.876777
0.884307
0.879556
0.876025
0.884787
0.8793
0.875353
0.884343
0.87895
0.875554
0.88432
0.879852
0.876351
0.884528
0.879682
0.875555
0.884414
0.879515
0.87563
0.884359
0.879253
0.87568
0.884682
0.878537
0.875434
0.884839
0.881006
0.87621
0.884616
0.879415
0.875385
0.884414
0.879449
0.875629
0.884505
0.879262
0.875096
0.884241
0.879265
0.875371
0.884335
0.884558
0.876015
0.884134
0.879779
0.875726
0.884523
0.879535
0.87561
0.884686
0.87922
0.875321
0.884323
0.879085
0.875508
0.88446
0.879707
0.875837
0.884244
0.879637
0.876132
0.884758
0.879648
0.875622
0.884375
0.879346
0.87536
0.884365
0.878934
0.875326
0.884821
0.87952
0.875769
0.884509
0.87952
0.875652
0.884654
0.879495
0.874756
0.881894
0.876651
0.872586
0.881458
0.876562
0.872662
0.881068
0.877088
0.873015
0.881505
0.877287
0.872928
0.881736
0.876327
0.872845
0.883035
0.87698
0.872439
0.881315
0.876226
0.87248
0.881397
0.876607
0.872776
0.881601
0.877039
0.873062
0.883685
0.876609
0.873048
0.881516
0.875959
0.872595
0.881263
0.875829
0.872585
0.881579
0.876666
0.873078
0.881006
0.876754
0.872559
0.881429
0.876448
0.873652
0.881683
0.87672
0.872624
0.881361
0.876366
0.875094
0.88147
0.87646
0.873038
0.881909
0.876403
0.872723
0.882068
0.876383
0.872914
0.881934
0.87632
0.872733
0.881414
0.87647
0.872216
0.881756
0.876539
0.872622
0.881205
0.876922
0.87398
0.881805
0.87638
0.872816
0.881824
0.876457
0.87263
0.88127
0.876382
0.872963
0.880977
0.876799
0.873698
0.881882
0.877258
0.872557
0.881774
0.876356
0.873356
0.881394
0.876332
0.872359
0.881711
0.876404
0.872471
0.881208
0.876924
0.873447
0.883341
0.876719
0.873295
0.881867
0.876748
0.873013
0.881877
0.876568
0.872833
0.881569
0.87642
0.872524
0.88176
0.877113
0.873205
0.881654
0.876998
0.873004
0.881928
0.878863
0.873036
0.881778
0.876322
0.872863
0.881671
0.876395
0.873026
0.882324
0.877058
0.873053
0.881351
0.876638
0.872446
0.881506
0.876489
0.872668
0.88185
0.876578
0.872784
0.881383
0.876508
0.873121
0.881632
0.876754
0.872838
0.881521
0.876565
0.873086
0.881916
0.876759
0.873111
0.883976
0.876143
0.873454
0.884864
0.877963
0.873324
0.881094
0.876956
0.873239
0.881375
0.876572
0.87316
0.881387
0.876542
0.87289
0.881239
0.876176
0.872946
0.881781
0.876511
0.87283
0.881671
0.876901
0.872898
0.881438
0.876684
0.872632
0.881305
0.876849
0.87303
0.881693
0.87655
0.87273
0.881265
0.876427
0.872886
0.881569
0.877513
0.872985
0.881554
0.876803
0.872909
0.881849
0.876473
0.872842
0.881517
0.876654
0.872544
0.881347
0.876314
0.872616
0.881655
0.87703
0.873171
0.881426
0.876831
0.873038
0.881821
0.876438
0.872609
0.881699
0.876518
0.872615
0.881144
0.876681
0.873049
0.881537
0.876729
0.872708
0.884051
0.877026
0.873271
0.881399
0.876583
0.873625
0.881573
0.876299
0.872569
0.88136
0.876319
0.872469
0.881466
0.876597
0.872936
0.881685
0.876658
0.873573
0.881714
0.876827
0.872827
0.881739
0.876692
0.872678
0.881189
0.876606
0.872267
0.881675
0.87718
0.872755
0.881174
0.876826
0.872335
0.881642
0.876622
0.872766
0.882489
0.877086
0.872508
0.881101
0.876218
0.872498
0.881633
0.876789
0.873009
0.881296
0.876672
0.872727
0.881482
0.876397
0.873385
0.881498
0.876877
0.872965
0.881308
0.876582
0.87277
0.881392
0.876854
0.873142
0.881467
0.876835
0.872937
0.881869
0.876756
0.873269
0.881813
0.876132
0.872973
0.881408
0.879605
0.872527
0.883377
0.876834
0.872782
0.881467
0.877048
0.873262
0.881678
0.876791
0.872808
0.881891
0.876212
0.872527
0.881418
0.876691
0.873197
0.881337
0.877041
0.873234
0.881188
0.876552
0.872657
0.881863
0.876855
0.873027
0.882041
0.876444
0.872771
0.881618
0.876513
0.872685
0.881488
0.876613
0.873142
0.881703
0.876327
0.872864
0.881878
0.87641
0.87326
0.881337
0.876487
0.873429
0.881608
0.876082
0.872574
0.881209
0.876603
0.873005
0.881241
0.876802
0.872509
0.881473
0.876348
0.873159
0.882128
0.877679
0.872989
0.881586
0.876569
0.873227
0.881763
0.876986
0.872781
0.881551
0.876794
0.872626
0.881516
0.878245
0.873059
0.881777
0.876393
0.87242
0.881046
0.876076
0.872426
0.881386
0.877011
0.873233
0.881721
0.876659
0.873179
0.881828
0.876814
0.872856
0.8816
0.876596
0.872667
0.881647
0.876332
0.872394
0.881346
0.876722
0.873004
0.881317
0.876847
0.873371
0.881862
0.876319
0.872451
0.881599
0.87654
0.873322
0.88128
0.876302
0.872661
0.881875
0.876676
0.873026
0.881418
0.876783
0.873327
0.881488
0.876751
0.872514
0.881871
0.876287
0.872753
0.881364
0.876145
0.872947
0.883427
