0.72164
0.715282
0.715463
0.713381
0.707284
0.714463
0.711943
0.704011
0.706296
0.717528
0.707944
0.704855
0.706546
0.704871
0.710089
0.700565
0.705383
0.700827
0.707946
0.696938
0.699072
0.706338
0.721509
0.706574
0.703873
0.702086
0.703785
0.710973
0.698446
0.69784
0.694027
0.698047
0.701514
0.690469
0.706829
0.710406
0.700049
0.706654
0.704714
0.701407
0.702042
0.696842
0.686544
0.695165
0.691405
0.709084
0.714149
0.708244
0.696293
0.709993
0.706087
0.701621
0.702155
0.695471
0.701749
0.706717
0.705958
0.704049
0.694752
0.697886
0.698045
0.697288
0.706
0.692852
0.699669
0.703489
0.699813
0.695508
0.708067
0.696763
0.701173
0.695451
0.70488
0.742724
0.709713
0.725619
0.704423
0.726077
0.733729
0.702009
0.693052
0.696719
0.691295
0.70119
0.690799
0.696953
0.696313
0.696293
0.694063
0.687464
0.697149
0.694769
0.702212
0.693313
0.697104
0.708588
0.701123
0.691555
0.694081
0.695946
0.697688
0.692344
0.689646
0.694377
0.695225
0.698569
0.698178
0.694511
0.696613
0.700322
0.694681
0.684154
0.694931
0.691254
0.696433
0.701379
0.69772
0.689611
0.691664
0.690864
0.692553
0.700841
0.690737
0.69638
0.695173
0.700431
0.698176
0.700917
0.693319
0.708915
0.694177
0.700901
0.686197
0.686475
0.693985
0.708567
0.691996
0.70139
0.699783
0.689261
0.695328
0.714439
0.691698
0.698172
0.691833
0.686527
0.693996
0.694799
0.683001
0.685608
0.684146
0.692252
0.690995
0.688529
0.697106
0.691758
0.684421
0.68971
0.70004
0.689156
0.68904
0.702502
0.688583
0.701162
0.695522
0.681424
0.685689
0.695026
0.686823
0.691085
0.690333
0.700095
0.684454
0.69667
0.696313
0.690913
0.695795
0.690499
0.681961
0.689188
0.693747
0.692795
0.685527
0.699196
0.685652
0.689894
0.690938
0.68568
0.687049
0.687338
0.700965
0.688517
0.693187
0.693749
0.69564
0.684474
0.684059
0.681894
0.688061
0.684916
0.688301
0.692055
0.695032
0.689136
0.688916
0.690587
0.695324
0.686601
0.69378
0.689029
0.69311
0.696443
0.686389
0.697145
0.691327
0.697498
0.692595
0.696431
0.685041
0.694597
0.684214
0.694781
0.688881
0.687881
0.684575
0.689342
0.688913
0.689366
0.689731
0.694927
0.696917
0.689372
0.691462
0.691886
0.690501
0.689805
0.697329
0.694412
0.690678
0.695328
0.687568
0.695016
0.689696
0.701166
0.705666
0.686125
0.694194
0.68435
0.702664
0.701113
0.686781
0.698594
0.69538
0.691391
0.689061
0.686303
0.691287
0.683538
0.688524
0.686134
0.68761
0.694324
0.692862
0.69893
0.691961
0.693112
0.692609
0.686242
0.695229
0.685253
0.699976
0.687382
0.685691
0.694142
0.687111
0.697015
0.686636
0.688046
0.689678
0.691714
0.691023
0.691577
0.691833
0.689353
0.693528
0.691223
0.703016
0.697379
0.685028
0.69182
0.695971
0.685666
0.686808
0.694885
0.691931
0.691969
0.691057
0.695832
0.686015
0.686455
0.688044
0.700284
0.689286
0.690348
0.689228
0.690006
0.683724
0.686228
0.696212
0.698609
0.692658
0.689686
0.688216
0.69326
0.686945
0.680693
0.698294
0.69062
0.694188
0.687503
0.69713
0.69936
0.692944
0.687828
0.69395
0.689134
0.694658
0.688771
0.693522
0.689855
0.694742
0.694782
0.697547
0.699088
0.695333
0.692333
0.697295
0.694636
0.699197
0.698584
0.696416
0.69975
0.693961
0.689387
0.683547
0.684661
0.692213
0.688397
0.692246
0.687864
0.687463
0.694541
0.691604
0.692888
0.69187
0.690519
0.694193
0.700738
0.687372
0.694503
0.689735
0.697342
0.690996
0.692365
0.697396
0.684388
0.686844
0.688841
0.692958
0.691094
0.691893
0.688019
0.696155
0.68308
0.690531
0.691624
0.690025
0.689218
0.691124
0.684335
0.69065
0.693844
0.691025
0.687886
0.692321
0.686879
0.698311
0.687892
0.700868
0.690472
0.69607
0.686158
0.695856
0.688559
0.697668
0.70573
0.696565
0.694469
0.689511
0.703248
0.681572
0.693316
0.690906
0.69172
0.690249
0.686091
0.693427
0.687359
0.692726
0.688173
0.684044
0.692281
0.690587
0.69287
0.693352
0.688401
0.683285
0.697504
0.704879
0.707693
0.697923
0.687285
0.689099
0.695381
0.688012
0.686643
0.690461
0.685717
0.701018
0.695066
0.698394
0.686633
0.692643
0.697035
0.685675
0.692006
0.696666
0.684959
0.69257
0.697342
0.68596
0.698176
0.682522
0.685216
0.69347
0.689801
0.691842
0.687472
0.695913
0.685085
0.698517
0.689325
0.695432
0.686243
0.688213
0.693935
0.688385
0.693043
0.700263
0.696109
0.692127
0.693739
0.69325
0.695136
0.685128
0.691672
0.684485
0.696775
0.692865
0.689139
0.690626
0.686223
0.689708
0.693719
0.682986
0.68593
0.697347
0.685367
0.684257
0.684153
0.687119
0.690598
0.694403
0.698307
0.688099
0.690285
0.696166
0.690573
0.69409
0.693659
0.701372
0.69482
0.691513
0.689626
0.688844
0.684797
0.707934
0.708878
0.693553
0.693225
0.687503
0.685518
0.70862
0.700674
0.686103
0.680024
0.69546
0.693821
0.686272
0.691925
0.698922
0.689856
0.693155
0.687697
0.690669
0.686024
0.683996
0.688695
0.690268
0.688895
0.680219
0.687009
0.694011
0.696404
0.687574
0.69141
0.689991
0.688401
0.69353
0.695907
0.681931
0.691166
0.685484
0.682291
0.69073
0.685483
0.682836
0.690786
0.685743
0.683351
0.69219
0.685473
0.681944
0.691061
0.685156
0.681975
0.690977
0.685409
0.682591
0.690618
0.685584
0.682697
0.691372
0.685845
0.682594
0.691112
0.685697
0.682408
0.691168
0.685119
0.682016
0.691087
0.685678
0.681855
0.690224
0.685657
0.682313
0.690744
0.68581
0.682703
0.691432
0.68567
0.68258
0.691285
0.685483
0.681876
0.690978
0.685904
0.681938
0.690683
0.685567
0.682185
0.690737
0.68561
0.68265
0.691815
0.685597
0.682094
0.69101
0.684973
0.682054
0.691001
0.685875
0.682323
0.690541
0.685326
0.682704
0.690787
0.6856
0.68281
0.691056
0.686287
0.682229
0.691217
0.685209
0.681858
0.691051
0.685382
0.6823
0.690879
0.685365
0.682583
0.691186
0.685644
0.682569
0.691238
0.685802
0.682456
0.691088
0.68511
0.682083
0.691447
0.6855
0.681925
0.691351
0.685552
0.68247
0.691056
0.685793
0.682546
0.69073
0.685961
0.682285
0.690807
0.685181
0.681709
0.691207
0.685909
0.681733
0.691261
0.685368
0.682568
0.691266
0.685899
0.683621
0.691108
0.685688
0.681904
0.691276
0.685295
0.682347
0.691092
0.685797
0.682323
0.690798
0.685686
0.682629
0.690715
0.686281
0.682746
0.691705
0.686662
0.682566
0.693775
0.685651
0.682344
0.691471
0.686288
0.682633
0.690956
0.685857
0.683078
0.691298
0.686108
0.683005
0.691442
0.686095
0.682719
0.692031
0.685277
0.682602
0.691895
0.68576
0.682965
0.691502
0.686322
0.683603
0.690998
0.686166
0.683018
0.691308
0.686163
0.683114
0.691741
0.685585
0.682973
0.693249
0.686296
0.682605
0.691562
0.686227
0.683421
0.691552
0.685801
0.682371
0.691015
0.685682
0.682666
0.691357
0.685088
0.681693
0.690808
0.685687
0.682231
0.691762
0.685575
0.682689
0.691011
0.685898
0.682445
0.691351
0.68589
0.682479
0.691018
0.685172
0.681948
0.691121
0.685756
0.682552
0.691018
0.686212
0.682639
0.691743
0.686076
0.682417
0.690768
0.685209
0.682592
0.691214
0.68543
0.682305
0.691071
0.685568
0.68236
0.691182
0.685345
0.682716
0.691
0.685557
0.682468
0.69077
0.685465
0.681981
0.691166
0.685298
0.681881
0.691185
0.685849
0.682287
0.690651
0.685654
0.683167
0.691761
0.686118
0.683449
0.691062
0.685906
0.682902
0.692252
0.686911
0.68249
0.691851
0.686224
0.682426
0.69146
0.686287
0.683264
0.691266
0.686624
0.682599
0.691575
0.686312
0.683009
0.691586
0.685216
0.682311
0.691483
0.686124
0.682572
0.691033
0.68562
0.683298
0.690628
0.686286
0.68303
0.691092
0.686375
0.682713
0.692027
0.685837
0.682455
0.691583
0.685914
0.682553
0.690843
0.686261
0.683058
0.691423
0.68614
0.682861
0.6914
0.68613
0.682594
0.69153
0.685618
0.682454
0.691594
0.686275
0.68201
0.691013
0.685745
0.683127
0.690977
0.68599
0.682796
0.691321
0.685972
0.682889
0.691321
0.685837
0.682747
0.691383
0.685812
0.684264
0.692232
0.685905
0.683119
0.692211
0.686061
0.682784
0.691259
0.686408
0.68266
0.69161
0.685632
0.682396
0.691596
0.686286
0.682584
0.691124
0.686132
0.682657
0.691539
0.686061
0.682688
0.691396
0.686157
0.682938
0.691764
0.685743
0.682041
0.691309
0.686082
0.68259
0.690976
0.685897
0.682756
0.692368
0.685865
0.684294
0.690942
0.686342
0.682515
0.691543
0.685544
0.681989
0.691652
0.685972
0.682692
0.691078
0.685731
0.68332
0.691434
0.686063
0.682921
0.691049
0.685565
0.682775
0.691825
0.685518
0.682349
0.691622
0.686096
0.682508
0.690965
0.686333
0.683245
0.691348
0.686326
0.682998
0.691172
0.68749
0.682815
0.691457
0.685999
0.682776
0.692804
0.685954
0.682641
0.691039
0.685634
0.683121
0.690557
0.685762
0.682156
0.690955
0.685651
0.682613
0.691288
0.685657
0.682534
0.691482
0.686187
0.682403
0.691365
0.685493
0.682353
0.691115
0.685705
0.682254
0.690714
0.685596
0.68262
0.691621
0.685085
0.682945
0.690963
0.685626
0.681694
0.69098
0.685247
0.683099
0.691116
0.685657
0.682713
0.691204
0.685447
0.682611
0.691302
0.68502
0.68146
0.691299
0.685211
0.681608
0.690625
0.685366
0.68278
0.690608
0.685971
0.682743
0.692579
0.687014
0.68258
0.692098
0.685854
0.682025
0.69112
0.685978
0.682754
0.691139
0.68751
0.68301
0.691266
0.686349
0.683719
0.691857
0.687436
0.684357
0.693488
0.687365
0.682123
0.691343
0.685827
0.681994
0.690664
0.685989
0.684866
0.69312
0.688095
0.684114
0.692963
0.687979
0.683733
0.693642
0.687035
0.683566
0.693437
0.687708
0.683932
0.693038
0.68762
0.684348
0.693167
0.687842
0.684622
0.692605
0.68557
0.682336
0.691076
0.68535
0.681596
0.691204
0.685723
0.682374
0.690511
0.687429
0.683048
0.690757
0.685519
0.6823
0.690988
0.685758
0.682203
0.691019
0.685363
0.681828
0.690787
0.685563
0.681818
0.690347
0.685543
0.682404
0.691289
0.6857
0.682955
0.691546
0.685563
0.682405
0.693855
0.685402
0.682384
0.690802
0.685214
0.682286
0.690662
0.68572
0.68276
0.690736
0.685811
0.682709
0.690738
0.685281
0.682602
0.691225
0.685277
0.682197
0.690771
0.685599
0.681652
0.690849
0.685768
0.682501
0.691096
0.685999
0.682412
0.691023
0.685981
0.682396
0.691608
0.685678
0.682562
0.690895
0.6869
0.682615
0.690792
0.686154
0.683228
0.691402
0.686207
0.682821
0.692232
0.686856
0.682201
0.691407
0.685461
0.682472
0.691287
0.686201
0.682399
0.691373
0.686429
0.684495
0.693144
0.688043
0.682966
0.691083
0.6853
0.682472
0.6912
0.685175
0.681788
0.690661
0.685513
0.681877
0.691
0.685745
0.683212
0.690793
0.685643
0.682765
0.69099
0.685449
0.681969
0.691101
0.685401
0.682196
0.690972
0.685342
0.682124
0.69056
0.685836
0.682435
0.69164
0.686358
0.68259
0.691592
0.685823
0.682995
0.691705
0.685875
0.682616
0.691195
0.686175
0.681874
0.691348
0.686237
0.682962
0.691214
0.686404
0.683022
0.691686
0.686978
0.685146
0.691725
0.685861
0.68292
0.691231
0.686029
0.682498
0.692238
0.686523
0.682746
0.691307
0.686584
0.683127
0.691745
0.685855
0.682635
0.691118
0.685109
0.682564
0.691114
0.686021
0.682328
0.691177
0.685783
0.683179
0.691634
0.68619
0.682398
0.691267
0.685388
0.683325
0.693675
0.68763
0.685652
0.69337
0.68743
0.683778
0.693263
0.687695
0.684909
0.693043
0.687699
0.682265
0.691094
0.685561
0.682052
0.691246
0.685164
0.682114
0.690938
0.68546
0.681954
0.690944
0.685823
0.682509
0.691011
0.685591
0.682549
0.691555
0.685374
0.681943
0.691136
0.685322
0.681694
0.690654
0.685872
0.682212
0.690784
0.686229
0.682601
0.691301
0.686327
0.681856
0.690843
0.685649
0.681933
0.691363
0.68526
0.682171
0.691712
0.685554
0.681875
0.69112
0.685603
0.682953
0.690891
0.685672
0.682347
0.691562
0.68763
0.684326
0.693171
0.687394
0.684235
0.693222
0.68796
0.683675
0.692676
0.688
0.684877
0.692908
0.688737
0.684512
0.693158
0.687268
0.684455
0.693381
0.687354
0.683843
0.692912
0.687724
0.68391
0.693034
0.687734
0.684567
0.693331
0.685838
0.682287
0.691252
0.685363
0.682231
0.691269
0.685363
0.6822
0.690778
0.68545
0.681826
0.690769
0.685532
0.682383
0.690875
0.685711
0.682181
0.691377
0.686919
0.684848
0.693357
0.687486
0.68704
0.69304
0.687757
0.684218
0.693204
0.688032
0.684885
0.693213
0.687394
0.683288
0.691129
0.685633
0.682622
0.691248
0.685423
0.682122
0.690839
0.686143
0.681915
0.690952
0.685794
0.68251
0.690987
0.685879
0.682642
0.691413
0.685452
0.682404
0.691139
0.685163
0.681829
0.690741
0.685871
0.681924
0.690827
0.685796
0.682782
0.690765
0.685829
0.682335
0.691066
0.685527
0.682207
0.69099
0.685089
0.68199
0.691056
0.685526
0.681987
0.690848
0.687009
0.683544
0.69317
0.68786
0.684405
0.693632
0.687515
0.684111
0.69314
0.687319
0.684026
0.693277
0.687786
0.683621
0.693035
0.687454
0.686425
0.693107
0.687897
0.684075
0.693045
0.687615
0.684387
0.69323
0.687106
0.683878
0.693487
0.687708
0.683755
0.692979
0.68749
0.684774
0.693153
0.687817
0.682702
0.691257
0.685334
0.682091
0.691325
0.685552
0.682031
0.690797
0.685468
0.682015
0.690784
0.685836
0.682571
0.690973
0.686083
0.682158
0.694348
0.685778
0.682635
0.691135
0.685234
0.68278
0.690854
0.68585
0.682557
0.691172
0.686201
0.683029
0.691389
0.686367
0.68219
0.692259
0.686336
0.682583
0.691315
0.685374
0.681913
0.69078
0.685416
0.68166
0.690659
0.686062
0.682564
0.691093
0.68569
0.682476
0.691388
0.685816
0.682977
0.691658
0.686818
0.683394
0.691207
0.686211
0.682121
0.691339
0.686083
0.682754
0.690973
0.686253
0.682969
0.692158
0.685667
0.682668
0.691146
0.685775
0.684413
0.690999
0.686287
0.682162
0.69106
0.686093
0.682709
0.691071
0.68617
0.682432
0.690968
0.685859
0.68258
0.691469
0.685933
0.68227
0.691297
0.686097
0.682687
0.690908
0.686426
0.683227
0.691801
0.686316
0.682386
0.693115
0.685945
0.682798
0.69133
0.685852
0.68247
0.691177
0.686029
0.682146
0.692339
0.686471
0.683326
0.691316
0.685934
0.682813
0.691385
0.686312
0.68225
0.691536
0.685675
0.681573
0.691001
0.685669
0.681883
0.690577
0.68593
0.682797
0.691319
0.686135
0.682425
0.691151
0.685451
0.682138
0.691354
0.685152
0.681803
0.690722
0.685523
0.681802
0.690651
0.685974
0.682549
0.69115
0.685764
0.682496
0.69101
0.685621
0.682043
0.691229
0.685313
0.682552
0.691518
0.685998
0.682682
0.690558
0.685568
0.682187
0.690584
0.68622
0.68312
0.691811
0.685933
0.682844
0.691483
0.685895
0.681902
0.690815
0.685958
0.681887
0.690583
0.685935
0.682224
0.690708
0.685712
0.682653
0.691233
0.685631
0.682153
0.691266
0.685219
0.682512
0.692336
0.685992
0.681958
0.691557
0.686116
0.683121
0.691055
0.685967
0.682757
0.69182
0.685452
0.682037
0.691309
0.685854
0.68198
0.692312
0.687689
0.681911
0.690526
0.685643
0.682775
0.69101
0.685899
0.682188
0.691186
0.685468
0.682771
0.69162
0.685387
0.682094
0.690389
0.685416
0.681912
0.690652
0.685689
0.682696
0.691132
0.685892
0.682478
0.691425
0.685416
0.682416
0.690708
0.685303
0.681945
0.690898
0.685662
0.682005
0.690984
0.686587
0.683765
0.690917
0.686038
0.682149
0.691447
0.687527
0.682358
0.691297
0.685409
0.681832
0.691072
0.685975
0.682268
0.691175
0.686052
0.682741
0.691906
0.686427
0.683284
0.691523
0.685996
0.682283
0.691612
0.685369
0.682518
0.691109
0.685877
0.682479
0.690892
0.686038
0.682926
0.691317
0.686024
0.682832
0.691203
0.686146
0.682211
0.692007
0.685491
0.682087
0.691432
0.68592
0.682571
0.691334
0.685898
0.683283
0.691192
0.686589
0.683076
0.691406
0.68589
0.682596
0.691438
0.68577
0.682295
0.691298
0.686187
0.68231
0.691089
0.686006
0.682766
0.691637
0.686287
0.68293
0.691485
0.686008
0.682311
0.691442
0.686755
0.682496
0.693523
0.685848
0.682204
0.6914
0.687569
0.684356
0.693517
0.687708
0.684234
0.693417
0.687589
0.683973
0.693043
0.687464
0.68395
0.692587
0.687943
0.683721
0.693004
0.687986
0.684024
0.693045
0.687956
0.684426
0.693233
0.68738
0.684279
0.693428
0.687377
0.684488
0.691754
0.685827
0.682428
0.693754
0.685744
0.682791
0.691241
0.685545
0.682656
0.691144
0.685345
0.682235
0.690949
0.685258
0.682057
0.691161
0.685692
0.682064
0.691093
0.685806
0.682484
0.690948
0.685922
0.682464
0.69124
0.685343
0.682019
0.69108
0.685473
0.681933
0.690562
0.685639
0.681812
0.691032
0.686053
0.682996
0.691717
0.686215
0.683166
0.691484
0.685914
0.682998
0.693012
0.685664
0.682535
0.691463
0.686028
0.682496
0.691306
0.686333
0.682802
0.691101
0.686369
0.682788
0.691631
0.686165
0.682551
0.691383
0.685545
0.681802
0.691251
0.686345
0.682496
0.691336
0.686107
0.683092
0.691288
0.686605
0.683189
0.691391
0.685792
0.682392
0.6915
0.68505
0.682219
0.690703
0.685949
0.682149
0.69044
0.68578
0.682565
0.690649
0.686093
0.682327
0.691104
0.685382
0.682621
0.691056
0.685471
0.681648
0.690915
0.68561
0.682113
0.690848
0.685787
0.682754
0.691495
0.686898
0.682666
0.691171
0.685396
0.682649
0.691197
0.685294
0.68216
0.691068
0.686055
0.681704
0.690681
0.685682
0.683116
0.690991
0.685784
0.682415
0.691162
0.685656
0.682175
0.691445
0.685338
0.68181
0.690699
0.685068
0.68179
0.690699
0.686928
0.682867
0.691354
0.685711
0.682625
0.691175
0.685445
0.682438
0.691354
0.685017
0.681868
0.690732
0.685613
0.68166
0.691087
0.685878
0.682913
0.690861
0.686036
0.682556
0.691431
0.685402
0.682604
0.691791
0.686018
0.682668
0.69138
0.687645
0.683488
0.691499
0.686148
0.683259
0.691684
0.686476
0.682953
0.691675
0.685846
0.682501
0.69141
0.685537
0.68221
0.691304
0.686027
0.682903
0.691098
0.686369
0.682981
0.691385
0.686197
0.683067
0.691119
0.685978
0.682297
0.691255
0.685756
0.682507
0.691406
0.686012
0.682614
0.691186
0.685997
0.683375
0.691385
0.686071
0.682853
0.692022
0.685949
0.682506
0.691645
0.68558
0.682477
0.691222
0.685974
0.682705
0.691105
0.686887
0.683363
0.691375
0.686154
0.682956
0.691644
0.68611
0.68294
0.691702
0.685757
0.682465
0.690948
0.686131
0.681973
0.691133
0.686473
0.683054
0.691847
0.687565
0.683209
0.69154
0.685792
0.682938
0.691326
0.68535
0.682413
0.691009
0.686001
0.682367
0.691214
0.685874
0.682967
0.691085
0.686149
0.683252
0.692148
0.685976
0.682755
0.691625
0.685698
0.682559
0.691711
0.685897
0.682561
0.691299
0.686053
0.683125
0.69142
0.686391
0.68294
0.69162
0.685867
0.682219
0.691599
0.685706
0.68262
0.691301
0.685896
0.682732
0.691451
0.68581
0.682653
0.6916
0.686279
0.6828
0.691442
0.685825
0.682604
0.691527
0.685718
0.682342
0.691017
0.685909
0.682652
0.691193
0.685648
0.683006
0.693946
0.687282
0.682891
0.691537
0.686132
0.682617
0.691782
0.685384
0.682445
0.692213
0.685894
0.682457
0.69145
0.686153
0.68298
0.691188
0.686259
0.683064
0.691442
0.685939
0.68267
0.691725
0.685523
0.682513
0.690772
0.686184
0.68229
0.691382
0.686322
0.682948
0.69118
0.686362
0.682799
0.691464
0.688231
0.682463
0.691401
0.685728
0.682251
0.691302
0.686249
0.682492
0.691147
0.686181
0.682752
0.691493
0.686384
0.682847
0.691807
0.686297
0.68247
0.691405
0.685812
0.682639
0.691216
0.685649
0.682641
0.690738
0.68623
0.682813
0.691774
0.686447
0.682728
0.691156
0.685718
0.682312
0.691876
0.686068
0.682721
0.691386
0.686028
0.68226
0.691183
0.686112
0.682707
0.691507
0.685729
0.682722
0.691593
0.685788
0.682681
0.692275
0.685332
0.682384
0.691096
0.68617
0.682585
0.691352
0.686106
0.682718
0.691507
0.686065
0.682826
0.691349
0.686063
0.682399
0.691282
0.685623
0.682401
0.691769
0.686066
0.682696
0.692693
0.686748
0.682931
0.691363
0.685602
0.682594
0.691581
0.686129
0.683212
0.691661
0.685929
0.68241
0.690848
0.686007
0.682067
0.691546
0.68642
0.683098
0.691397
0.686144
0.682885
0.691549
0.686043
0.682957
0.691439
0.686299
0.682453
0.691066
0.685977
0.682814
0.69118
0.686359
0.682711
0.691538
0.687628
0.68335
0.691772
0.685945
0.682534
0.6915
0.685906
0.682416
0.691087
0.685953
0.682168
0.690907
0.686189
0.68317
0.691396
0.686176
0.682809
0.691676
0.685923
0.683385
0.691669
0.686002
0.682347
0.691114
0.685924
0.682421
0.690874
0.685993
0.682744
0.691283
0.686353
0.683567
0.691323
0.686209
0.682963
0.692978
0.685921
0.682588
0.690791
0.685941
0.682208
0.691362
0.686103
0.682806
0.691119
0.685917
0.682713
0.69156
0.686193
0.682407
0.691746
0.68566
0.682401
0.691227
0.685952
0.68211
0.69085
0.686165
0.682928
0.691645
0.686101
0.683059
0.691187
0.686157
0.682627
0.692446
0.685946
0.6823
0.691105
0.686393
0.682574
0.690884
0.686202
0.682418
0.691127
0.686471
0.682909
0.691277
0.68604
0.68277
0.690961
0.685785
0.682447
0.691073
0.685968
0.682467
0.691144
0.686324
0.682626
0.691281
0.685933
0.683173
0.69165
0.686166
0.682403
0.691426
0.685551
0.682717
0.690941
0.685777
0.682209
0.691111
0.686063
0.682786
0.692097
0.68625
0.682256
0.691428
0.685989
0.682906
0.691174
0.685884
0.68224
0.690987
0.685828
0.68239
0.691365
0.686271
0.68303
0.691438
0.686362
0.682714
0.691477
0.685836
0.682895
0.691776
0.686073
0.682469
0.691026
0.685563
0.682664
0.690782
0.686429
0.682045
0.691509
0.685783
0.68276
0.693287
0.685688
0.683224
0.691622
0.685958
0.682631
0.691007
0.686195
0.68231
0.690935
0.686356
0.683363
0.691396
0.686468
0.682814
0.691546
0.686487
0.682925
0.691645
0.685624
0.682086
0.691401
0.685773
0.682114
0.691373
0.686176
0.68296
0.691536
0.686125
0.682541
0.691256
0.686343
0.682546
0.691514
0.686067
0.68439
0.691483
0.684857
0.682617
0.691163
0.686165
0.683291
0.691476
0.686057
0.68262
0.691645
0.686041
0.682854
0.691461
0.685697
0.682853
0.691018
0.685559
0.682559
0.691265
0.687277
0.682934
0.691221
0.686297
0.682386
0.691133
0.686073
0.683009
0.691607
0.685866
0.682281
0.691158
0.685731
0.682878
0.692205
0.685595
0.683386
0.691336
0.685938
0.683014
0.691321
0.686405
0.682811
0.691833
0.685845
0.682452
0.690955
0.685918
0.682546
0.691359
0.686517
0.682978
0.691186
0.685993
0.682718
0.691798
0.686088
0.682695
0.691566
0.685763
0.682465
0.691236
0.685492
0.682129
0.691334
0.686042
0.682897
0.691641
0.687497
0.682717
0.691294
0.686094
0.682525
0.691232
0.686047
0.682055
0.691236
0.685901
0.682145
0.691448
0.686334
0.682605
0.691166
0.686027
0.683172
0.693313
0.68592
0.682905
0.691245
0.685384
0.682647
0.691206
0.686022
0.682637
0.69121
0.686391
0.683035
0.691576
0.685929
0.68305
0.691759
0.686318
0.684124
0.694266
0.685776
0.682194
0.691174
0.686063
0.682585
0.690989
0.686067
0.682198
0.69177
0.686063
0.682211
0.691483
0.68564
0.682706
0.691789
0.685442
0.682314
0.691022
0.685605
0.682402
0.690982
0.686156
0.682531
0.691525
0.686084
0.682934
0.691518
0.686021
0.682582
0.691354
0.685947
0.682549
0.69106
0.686319
0.682652
0.690992
0.686496
0.682984
0.691529
0.686828
0.683139
0.69167
0.686135
0.682644
0.691891
0.686045
0.682502
0.691139
0.686131
0.682833
0.6913
0.686285
0.683183
0.692433
0.685789
0.683493
0.691728
0.686108
0.682588
0.69178
0.686169
0.682642
0.691078
0.685648
0.682357
0.691247
0.686466
0.683365
0.691627
0.686228
0.682392
0.691841
0.686041
0.682799
0.691357
0.686074
0.682515
0.691324
0.685994
0.682752
0.691246
0.686148
0.682556
0.691371
0.686344
0.682434
0.691841
0.686136
0.682969
0.691542
0.685811
0.683085
0.691385
0.685722
0.682523
0.69069
0.686161
0.682898
0.691235
0.686282
0.682822
0.692899
0.686149
0.682935
0.69139
0.68579
0.682127
0.691766
0.686953
0.686548
0.691305
0.686473
0.682757
0.691654
0.686045
0.682873
0.692013
0.685981
0.682917
0.691463
0.685674
0.683283
0.691114
0.68573
0.68238
0.691377
0.686204
0.682978
0.691464
0.686188
0.682696
0.691371
0.686113
0.682884
0.69193
0.686652
0.68439
0.690781
0.685741
0.682388
0.6914
0.686538
0.682956
0.6914
0.686023
0.682783
0.691678
0.686191
0.68305
0.691471
0.685533
0.682434
0.691059
0.685844
0.682267
0.691089
0.686254
0.682498
0.691506
0.685932
0.682794
0.691623
0.688007
0.683924
0.691788
0.685929
0.682574
0.691135
0.685664
0.68277
0.691182
0.68609
0.682931
0.691361
0.686022
0.682714
0.691225
0.686265
0.682938
0.691659
0.685818
0.682796
0.691199
0.685872
0.682113
0.690944
0.686383
0.682711
0.691476
0.685938
0.683293
0.691703
0.685762
0.682777
0.692763
0.685809
0.682455
0.69122
0.685853
0.68253
0.690901
0.686267
0.682764
0.691305
0.686518
0.682938
0.691795
0.686071
0.682846
0.691369
0.686037
0.682635
0.691324
0.685839
0.682307
0.691229
0.686131
0.682627
0.691295
0.686155
0.682878
0.691796
0.686061
0.682818
0.691516
0.685799
0.68211
0.691829
0.687097
0.682668
0.691143
0.686177
0.682488
0.691507
0.686076
0.68315
0.691286
0.686197
0.683691
0.691961
0.685751
0.682304
0.690961
0.685993
0.682635
0.691421
0.686193
0.682664
0.69126
0.686133
0.682404
0.691515
0.685993
0.682586
0.69154
0.685908
0.682236
0.691029
0.685762
0.68224
0.691036
0.686153
0.683156
0.691507
0.686319
0.682683
0.691641
0.685916
0.682737
0.691299
0.685687
0.682029
0.692046
0.685672
0.682658
0.691192
0.686259
0.682813
0.691316
0.686319
0.682975
0.691517
0.68609
0.682645
0.691446
0.685539
0.682319
0.691215
0.685656
0.682119
0.691153
0.686335
0.682507
0.691518
0.686253
0.683
0.692905
0.686281
0.68281
0.691812
0.686246
0.682599
0.691406
0.686059
0.68255
0.691088
0.68659
0.682863
0.691522
0.686107
0.68291
0.691869
0.68617
0.682803
0.691378
0.686018
0.682391
0.691179
0.68576
0.682547
0.691233
0.686572
0.682794
0.691301
0.686544
0.682697
0.691274
0.686245
0.682836
0.691782
0.686104
0.682447
0.691264
0.686053
0.682391
0.691589
0.686431
0.682962
0.691713
0.685767
0.682813
0.691654
0.686204
0.682722
0.691826
0.686128
0.682588
0.691028
0.685732
0.682355
0.691285
0.686091
0.682978
0.691458
0.686443
0.683152
0.69136
0.685912
0.682598
0.691819
0.685715
0.682539
0.691228
0.685879
0.682765
0.690811
0.686251
0.683081
0.692451
0.68635
0.68293
0.691518
0.6861
0.682669
0.691275
0.68967
0.682451
0.691126
0.685693
0.682422
0.691357
0.686353
0.682696
0.691445
0.685722
0.682769
0.692026
0.685988
0.682779
0.691478
0.685838
0.682403
0.691397
0.685832
0.682645
0.691512
0.68608
0.683101
0.6917
0.686406
0.683051
0.691484
0.685869
0.68223
0.69206
0.685736
0.682358
0.691053
0.685597
0.683837
0.691277
0.686238
0.682659
0.691831
0.6864
0.68304
0.691459
0.686078
0.682347
0.691064
0.685942
0.685964
0.691649
0.687428
0.682969
0.691174
0.686328
0.683164
0.691543
0.686277
0.683052
0.691679
0.686297
0.68305
0.691546
0.685711
0.682698
0.691467
0.68533
0.68267
0.691512
0.686424
0.682846
0.691763
0.686046
0.682994
0.691586
0.685608
0.682644
0.69176
0.686116
0.682145
0.69136
0.686081
0.6826
0.691273
0.686117
0.682689
0.691377
0.685962
0.68263
0.691612
0.686041
0.683151
0.691557
0.685776
0.682549
0.691292
0.68582
0.682214
0.691092
0.68608
0.682374
0.691307
0.685898
0.682886
0.691526
0.686879
0.682698
0.691613
0.685845
0.682316
0.691264
0.685708
0.682448
0.691104
0.686303
0.682713
0.692394
0.686301
0.683056
0.692444
0.686118
0.682803
0.691443
0.685963
0.682151
0.691011
0.685901
0.682298
0.690917
0.686583
0.682804
0.691703
0.685976
0.682565
0.691652
0.686223
0.683092
0.691471
0.685757
0.682448
0.691461
0.685647
0.682478
0.691446
0.6866
0.682829
0.691467
0.686435
0.682604
0.691011
0.686266
0.683343
0.691981
0.686052
0.682743
0.691474
0.685676
0.682271
0.691194
0.68664
0.683138
0.691739
0.686336
0.682952
0.691511
0.685919
0.683002
0.691237
0.685591
0.682633
0.691226
0.685931
0.682557
0.691292
0.691034
0.682706
0.691351
0.686318
0.682873
0.69163
0.68609
0.682779
0.691629
0.686004
0.681902
0.691109
0.685642
0.682613
0.692273
0.686076
0.682849
0.691249
0.686164
0.683027
0.691328
0.686124
0.682941
0.691595
0.685882
0.682671
0.691255
0.686354
0.682667
0.691129
0.686155
0.682697
0.691364
0.685961
0.683706
0.691213
0.685878
0.682241
0.691485
0.685574
0.682688
0.691146
0.685656
0.682634
0.691244
0.686092
0.683364
0.691274
0.686063
0.682754
0.691177
0.690838
0.682893
0.691666
0.68588
0.68282
0.691016
0.686015
0.682063
0.691221
0.686386
0.682998
0.691392
0.686298
0.68269
0.69132
0.686007
0.68251
0.693301
0.686938
0.68265
0.691206
0.685757
0.68257
0.690937
0.686359
0.683169
0.691336
0.68604
0.682592
0.691705
0.685892
0.683798
0.691323
0.685472
0.68261
0.691189
0.686045
0.682341
0.691398
0.686358
0.682465
0.691233
0.686417
0.683461
0.69106
0.686209
0.682903
0.691619
0.686167
0.682479
0.691282
0.686471
0.683506
0.690983
0.686269
0.682165
0.69143
0.686134
0.682679
0.691851
0.685903
0.682518
0.691255
0.685546
0.682284
0.691714
0.685738
0.682305
0.69115
0.686302
0.683021
0.691449
0.688302
0.683379
0.691137
0.685734
0.682701
0.691624
0.685691
0.682668
0.691499
0.685692
0.682349
0.691262
0.686482
0.68296
0.691765
0.686175
0.682774
0.69175
0.685936
0.683312
0.691246
0.686128
0.682187
0.691252
0.685969
0.682801
0.691414
0.686022
0.682695
0.691644
0.686278
0.682579
0.691487
0.685788
0.682735
0.691608
0.686201
0.682738
0.691784
0.685434
0.682266
0.691109
0.686393
0.682956
0.691567
0.68625
0.683073
0.691597
0.687794
0.682569
0.691586
0.685703
0.682538
0.691241
0.685526
0.682434
0.691263
0.686586
0.68269
0.691262
0.686158
0.682903
0.691189
0.686256
0.682678
0.692277
0.6872
0.682129
0.690923
0.685607
0.682894
0.691301
0.686022
0.682636
0.691765
0.686014
0.682452
0.691627
0.685854
0.682824
0.691766
0.685739
0.683279
0.691179
0.685775
0.682651
0.690973
0.686258
0.683416
0.691503
0.686028
0.683076
0.691402
0.685927
0.683191
0.691857
0.685863
0.682372
0.691226
0.685842
0.682373
0.690931
0.68625
0.682753
0.691179
0.686077
0.682551
0.691389
0.68592
0.682467
0.691238
0.685394
0.682925
0.690673
0.685565
0.682542
0.6913
0.685993
0.682428
0.691323
0.686431
0.683006
0.69132
0.686698
0.682401
0.691485
0.685939
0.682565
0.691418
0.685508
0.682346
0.691202
0.686304
0.682602
0.692233
0.685874
0.68259
0.691775
0.686033
0.682477
0.691556
0.685753
0.682194
0.690937
0.685708
0.68212
0.691366
0.686351
0.682943
0.691547
0.686729
0.685002
0.691495
0.685966
0.682928
0.691439
0.685772
0.68252
0.691266
0.685955
0.682717
0.691065
0.686312
0.682597
0.691568
0.686191
0.682496
0.691317
0.686551
0.682696
0.691391
0.685638
0.682253
0.691065
0.685947
0.682565
0.690743
0.686072
0.682557
0.691531
0.686377
0.683033
0.691177
0.685555
0.68279
0.692349
0.685506
0.682495
0.691392
0.685639
0.682307
0.690815
0.686221
0.682795
0.691512
0.686075
0.683217
0.69114
0.686382
0.6828
0.691297
0.685803
0.682365
0.690646
0.685649
0.682764
0.692273
0.686044
0.682544
0.691583
0.685927
0.682612
0.691254
0.686191
0.682517
0.691312
0.686037
0.68265
0.690855
0.686327
0.682532
0.691391
0.686136
0.682903
0.691487
0.685858
0.682599
0.691345
0.686058
0.682762
0.691278
0.685745
0.68201
0.691377
0.686352
0.682485
0.69088
0.68625
0.682867
0.691449
0.6862
0.682852
0.691105
0.68625
0.682698
0.691652
0.685531
0.682527
0.690835
0.685769
0.682477
0.690904
0.686237
0.682847
0.691103
0.685917
0.683042
0.691319
0.686007
0.682777
0.691829
0.688583
0.683017
0.691305
0.685811
0.682496
0.691092
0.686411
0.682669
0.691475
0.685993
0.682687
0.691624
0.686175
0.683103
0.691466
0.685775
0.68273
0.69118
0.685616
0.682114
0.691242
0.686134
0.682316
0.691367
0.686036
0.68262
0.692902
0.687905
0.68303
0.691662
0.686069
0.682152
0.690901
0.685784
0.682449
0.690967
0.686299
0.682747
0.691407
0.686272
0.682944
0.691531
0.686007
0.682724
0.691712
0.685966
0.682284
0.691357
0.686115
0.682365
0.691374
0.686525
0.68303
0.691139
0.6861
0.682685
0.691576
0.686008
0.682595
0.69184
0.685708
0.682246
0.691274
0.685871
0.682451
0.693815
0.68648
0.682834
0.691338
0.686188
0.682969
0.691688
0.686476
0.683194
0.691832
0.686058
0.682361
0.691227
0.685779
0.683864
0.692763
0.688537
0.684325
0.693196
0.687563
0.684301
0.693042
0.688049
0.684438
0.693707
0.687621
0.684049
0.692784
0.687352
0.684007
0.693039
0.688097
0.684361
0.693326
0.687896
0.684151
0.692873
0.687944
0.684177
0.693144
0.687704
0.684042
0.692945
0.68757
0.683765
0.692794
0.688102
0.684116
0.692696
0.688014
0.684361
0.693283
0.68789
0.683939
0.693111
0.687569
0.683919
0.692487
0.68784
0.683978
0.692758
0.687881
0.684612
0.692808
0.690125
0.684251
0.693291
0.687944
0.684279
0.693234
0.68758
0.684865
0.693706
0.687095
0.683767
0.692947
0.687988
0.684663
0.69298
0.688053
0.684542
0.693636
0.687674
0.68434
0.693162
0.688607
0.683543
0.692506
0.687593
0.683791
0.692443
0.687947
0.684465
0.69306
0.687813
0.684318
0.693002
0.689258
0.685156
0.69333
0.687432
0.684237
0.692447
0.687332
0.683311
0.692335
0.688032
0.684118
0.693393
0.688218
0.684388
0.693196
0.689082
0.684204
0.693303
0.687581
0.684145
0.692588
0.687686
0.683677
0.692431
0.688079
0.684552
0.693263
0.68823
0.684441
0.695221
0.687635
0.684236
0.693099
0.687829
0.683934
0.692897
0.68788
0.683849
0.692349
0.687922
0.684293
0.694574
0.688779
0.685021
0.692949
0.687889
0.684483
0.693443
0.687571
0.683811
0.692715
0.687387
0.68395
0.692778
0.688028
0.685025
0.693084
0.687897
0.684192
0.693083
0.687901
0.684132
0.693092
0.687592
0.684273
0.693014
0.686962
0.684003
0.693095
0.689419
0.68457
0.692956
0.687835
0.683944
0.692911
0.68774
0.684012
0.693193
0.687654
0.683604
0.692704
0.687708
0.683802
0.692838
0.692806
0.684467
0.692659
0.688204
0.684301
0.693025
0.687706
0.684021
0.69328
0.687542
0.683905
0.692769
0.687609
0.684111
0.692537
0.687975
0.68456
0.692895
0.687978
0.684827
0.693508
0.688101
0.684128
0.693026
0.687758
0.683882
0.692744
0.687331
0.683876
0.6932
0.687778
0.684319
0.693134
0.688087
0.684332
0.693303
0.687958
0.683428
0.691258
0.685854
0.681863
0.690724
0.685771
0.681982
0.690178
0.686243
0.682375
0.69088
0.686255
0.682251
0.691143
0.685591
0.682158
0.691954
0.685575
0.681743
0.690603
0.685456
0.681792
0.690589
0.685746
0.682158
0.690896
0.686166
0.682447
0.692187
0.685786
0.682353
0.690858
0.685017
0.681822
0.690417
0.685073
0.681807
0.690785
0.685785
0.682362
0.690462
0.685846
0.681874
0.690844
0.685701
0.682402
0.691028
0.685842
0.682089
0.690513
0.685507
0.684407
0.690678
0.685649
0.682492
0.6913
0.685585
0.68215
0.691498
0.685566
0.682229
0.691293
0.685527
0.682003
0.690637
0.685618
0.68149
0.690902
0.685704
0.682095
0.690687
0.686018
0.683422
0.691003
0.685494
0.682219
0.691241
0.685606
0.681886
0.690433
0.685518
0.682269
0.690159
0.685916
0.682928
0.69129
0.686441
0.681846
0.691065
0.685564
0.682705
0.690882
0.685474
0.681706
0.690923
0.68553
0.681778
0.690405
0.685993
0.682767
0.691846
0.68592
0.682699
0.691136
0.685899
0.682291
0.691128
0.6856
0.682054
0.690665
0.685574
0.681835
0.690892
0.686258
0.682406
0.690993
0.686077
0.682235
0.69121
0.688036
0.682263
0.691052
0.685539
0.681968
0.690805
0.68562
0.682362
0.691436
0.686015
0.682308
0.690752
0.685592
0.681794
0.690914
0.685612
0.681932
0.691272
0.685698
0.681938
0.690379
0.685636
0.68219
0.690489
0.685784
0.682003
0.690763
0.685675
0.682363
0.691149
0.685933
0.682378
0.691266
0.685392
0.682613
0.694011
0.686987
0.682314
0.69028
0.685999
0.682445
0.690808
0.685718
0.682457
0.690731
0.685626
0.682145
0.690543
0.685296
0.682183
0.690706
0.685805
0.681972
0.690709
0.685885
0.682195
0.690776
0.685791
0.681759
0.690643
0.685905
0.682227
0.691026
0.685653
0.681964
0.690458
0.685589
0.681886
0.69077
0.686324
0.68228
0.690842
0.685974
0.682185
0.691125
0.685696
0.682181
0.690741
0.685643
0.681758
0.690438
0.685308
0.681847
0.690784
0.685945
0.682501
0.690812
0.686028
0.682474
0.691067
0.685589
0.681958
0.690976
0.685542
0.681866
0.690315
0.68573
0.682201
0.690505
0.68583
0.68203
0.692506
0.686085
0.68262
0.690846
0.685849
0.682894
0.690819
0.685479
0.681876
0.690463
0.685439
0.681567
0.690604
0.685511
0.682168
0.69097
0.685669
0.682324
0.690906
0.685878
0.682157
0.691084
0.685752
0.681948
0.690295
0.685635
0.68159
0.690809
0.686153
0.682119
0.690501
0.685904
0.681605
0.690922
0.685865
0.682057
0.691739
0.685442
0.681718
0.690197
0.685393
0.681708
0.690741
0.686029
0.682381
0.690426
0.685774
0.68202
0.69088
0.685478
0.682587
0.690757
0.685942
0.682247
0.690314
0.685765
0.681957
0.690425
0.685965
0.682426
0.690854
0.686082
0.682456
0.691222
0.68592
0.682542
0.691193
0.685328
0.682263
0.690629
0.688553
0.681787
0.691741
0.68592
0.682101
0.690801
0.686265
0.682566
0.691106
0.686085
0.682136
0.691332
0.685375
0.681848
0.690609
0.685918
0.682288
0.690611
0.686128
0.682417
0.690508
0.685636
0.682009
0.691283
0.686063
0.682275
0.691293
0.685542
0.68205
0.690825
0.685638
0.682044
0.69067
0.685772
0.682451
0.690632
0.685424
0.682232
0.691243
0.685607
0.682468
0.690851
0.685743
0.682452
0.69069
0.685283
0.681782
0.690432
0.685853
0.682384
0.690737
0.685921
0.681914
0.690955
0.685691
0.682454
0.6914
0.686835
0.682233
0.690705
0.685691
0.682478
0.69097
0.686012
0.682096
0.690897
0.685907
0.682041
0.691002
0.687496
0.68244
0.690939
0.685576
0.681751
0.6902
0.685291
0.681653
0.690514
0.685962
0.682591
0.691033
0.685735
0.682544
0.691224
0.685962
0.682269
0.691011
0.685716
0.681885
0.690809
0.685512
0.68167
0.690516
0.685869
0.682156
0.690639
0.685888
0.682685
0.691113
0.685533
0.681678
0.69097
0.685663
0.682525
0.690485
0.685261
0.682007
0.691067
0.68573
0.682416
0.690814
0.685996
0.682624
0.690838
0.685839
0.681853
0.691251
0.68542
0.682075
0.690713
0.68522
0.682212
0.691802
