3.58313
2.54153
1.86615
1.36065
1.00514
0.760538
0.588506
0.465805
0.375036
0.305921
0.251882
-0.230915
-0.226932
-0.223147
-0.219537
-0.216083
-0.212771
-0.209586
-0.206518
-0.203559
-0.200699
-0.197932
-0.195252
-0.192654
-0.190132
-0.187683
-0.185302
-0.182986
-0.18076
-0.178594
-0.176479
-0.174414
-0.172397
-0.170426
-0.1685
-0.166617
-0.164776
-0.162976
-0.161214
-0.159491
-0.157804
-0.156153
-0.154537
-0.152953
-0.151403
-0.149883
-0.148394
-0.146935
-0.145505
-0.144102
-0.142727
-0.141378
-0.140054
-0.138756
-0.137481
-0.13623
-0.135002
-0.133796
-0.132611
-0.131447
-0.130304
-0.129181
-0.128077
-0.126991
-0.125924
-0.124875
-0.123843
-0.122828
-0.121829
-0.120847
-0.11988
-0.118928
-0.117991
-0.117068
-0.116159
-0.115264
-0.114383
-0.113515
-0.112659
-0.111815
-0.110984
-0.110165
-0.109357
-0.10856
-0.107774
-0.106999
-0.106235
-0.105481
-0.104736
-0.104002
-0.103277
-0.102561
-0.101854
-0.101157
-0.100468
-0.0997871
-0.0991148
-0.0984508
-0.0977946
-0.0971463
-0.0965055
-0.0958722
-0.0952462
-0.0946273
-0.0940155
-0.0934104
-0.0928121
-0.0922203
-0.0916349
-0.0910559
-0.090483
-0.0899161
-0.0893552
-0.0888001
-0.0882507
-0.0877069
-0.0871685
-0.0866356
-0.0861078
-0.0855853
-0.0850679
-0.0845554
-0.0840478
-0.083545
-0.0830469
-0.0825535
-0.0820646
-0.0815802
-0.0811001
-0.0806244
-0.0801529
-0.0796855
-0.0792223
-0.0787631
-0.0783078
-0.0778564
-0.0774089
-0.0769651
-0.076525
-0.0760886
-0.0756558
-0.0752265
-0.0748006
-0.0743782
-0.0739592
-0.0735435
-0.073131
-0.0727218
-0.0723157
-0.0719128
-0.071513
-0.0711162
-0.0707223
-0.0703315
-0.0699435
-0.0695584
-0.0691762
-0.0687967
-0.06842
-0.068046
-0.0676747
-0.0673061
-0.06694
-0.0665766
-0.0662157
-0.0658572
-0.0655013
-0.0651479
-0.0647968
-0.0644482
-0.0641019
-0.0637579
-0.0634163
-0.0630769
-0.0627398
-0.0624049
-0.0620722
-0.0617417
-0.0614134
-0.0610871
-0.060763
-0.060441
-0.060121
-0.0598031
-0.0594872
-0.0591733
-0.0588613
-0.0585513
-0.0582433
-0.0579371
-0.0576329
-0.0573305
-0.05703
-0.0567314
-0.0564345
-0.0561395
-0.0558462
-0.0555548
-0.055265
-0.054977
-0.0546908
-0.0544062
-0.0541233
-0.0538421
-0.0535626
-0.0532847
-0.0530084
-0.0527338
-0.0524608
-0.0521893
-0.0519194
-0.0516511
-0.0513843
-0.0511191
-0.0508554
-0.0505932
-0.0503325
-0.0500733
-0.0498155
-0.0495593
-0.0493044
-0.049051
-0.0487991
-0.0485485
-0.0482994
-0.0480517
-0.0478053
-0.0475603
-0.0473167
-0.0470744
-0.0468335
-0.0465939
-0.0463556
-0.0461187
-0.045883
-0.0456486
-0.0454156
-0.0451838
-0.0449532
-0.044724
-0.044496
-0.0442692
-0.0440436
-0.0438193
-0.0435962
-0.0433743
-0.0431536
-0.042934
-0.0427157
-0.0424986
-0.0422826
-0.0420677
-0.041854
-0.0416415
-0.0414301
-0.0412198
-0.0410107
-0.0408026
-0.0405957
-0.0403898
-0.0401851
-0.0399814
-0.0397789
-0.0395774
-0.0393769
-0.0391775
-0.0389792
-0.0387819
-0.0385857
-0.0383905
-0.0381963
-0.0380031
-0.037811
-0.0376198
-0.0374297
-0.0372405
-0.0370524
-0.0368652
-0.036679
-0.0364938
-0.0363095
-0.0361262
-0.0359438
-0.0357624
-0.035582
-0.0354025
-0.0352239
-0.0350462
-0.0348695
-0.0346937
-0.0345188
-0.0343448
-0.0341716
-0.0339994
-0.0338281
-0.0336577
-0.0334881
-0.0333194
-0.0331516
-0.0329847
-0.0328186
-0.0326534
-0.032489
-0.0323254
-0.0321627
-0.0320009
-0.0318399
-0.0316797
-0.0315203
-0.0313617
-0.031204
-0.031047
-0.0308909
-0.0307355
-0.030581
-0.0304273
-0.0302743
-0.0301221
-0.0299707
-0.0298201
-0.0296702
-0.0295211
-0.0293728
-0.0292252
-0.0290784
-0.0289323
-0.0287869
-0.0286423
-0.0284985
-0.0283554
-0.028213
-0.0280713
-0.0279303
-0.0277901
-0.0276506
-0.0275118
-0.0273737
-0.0272363
-0.0270996
-0.0269635
-0.0268282
-0.0266936
-0.0265596
-0.0264264
-0.0262938
-0.0261618
-0.0260306
-0.0259
-0.0257701
-0.0256408
-0.0255122
-0.0253842
-0.0252569
-0.0251302
-0.0250042
-0.0248788
-0.024754
-0.0246299
-0.0245064
-0.0243835
-0.0242613
-0.0241397
-0.0240186
-0.0238982
-0.0237784
-0.0236592
-0.0235406
-0.0234226
-0.0233052
-0.0231884
-0.0230722
-0.0229566
-0.0228415
-0.0227271
-0.0226132
-0.0224999
-0.0223871
-0.0222749
-0.0221633
-0.0220523
-0.0219418
-0.0218319
-0.0217225
-0.0216137
-0.0215054
-0.0213977
-0.0212905
-0.0211838
-0.0210777
-0.0209721
-0.0208671
-0.0207626
-0.0206586
-0.0205551
-0.0204522
-0.0203497
-0.0202478
-0.0201464
-0.0200455
-0.0199452
-0.0198453
-0.0197459
-0.019647
-0.0195487
-0.0194508
-0.0193534
-0.0192565
-0.0191601
-0.0190641
-0.0189687
-0.0188737
-0.0187792
-0.0186852
-0.0185917
-0.0184986
-0.018406
-0.0183138
-0.0182222
-0.0181309
-0.0180402
-0.0179499
-0.01786
-0.0177706
-0.0176817
-0.0175932
-0.0175051
-0.0174175
-0.0173303
-0.0172436
-0.0171573
-0.0170714
-0.016986
-0.016901
-0.0168164
-0.0167322
-0.0166485
-0.0165652
-0.0164823
-0.0163998
-0.0163177
-0.016236
-0.0161548
-0.016074
-0.0159935
-0.0159135
-0.0158339
-0.0157546
-0.0156758
-0.0155974
-0.0155193
-0.0154417
-0.0153644
-0.0152875
-0.015211
-0.0151349
-0.0150592
-0.0149838
-0.0149089
-0.0148343
-0.0147601
-0.0146862
-0.0146127
-0.0145396
-0.0144669
-0.0143945
-0.0143225
-0.0142508
-0.0141795
-0.0141086
-0.014038
-0.0139678
-0.0138979
-0.0138284
-0.0137592
-0.0136904
-0.0136219
-0.0135537
-0.0134859
-0.0134185
-0.0133513
-0.0132845
-0.0132181
-0.013152
-0.0130862
-0.0130207
-0.0129556
-0.0128908
-0.0128263
-0.0127621
-0.0126983
-0.0126348
-0.0125716
-0.0125087
-0.0124461
-0.0123839
-0.0123219
-0.0122603
-0.012199
-0.012138
-0.0120772
-0.0120168
-0.0119567
-0.0118969
-0.0118374
-0.0117782
-0.0117193
-0.0116607
-0.0116024
-0.0115443
-0.0114866
-0.0114291
-0.011372
-0.0113151
-0.0112585
-0.0112022
-0.0111462
-0.0110904
-0.0110349
-0.0109798
-0.0109248
-0.0108702
-0.0108158
-0.0107617
-0.0107079
-0.0106544
-0.0106011
-0.0105481
-0.0104953
-0.0104428
-0.0103906
-0.0103386
-0.0102869
-0.0102355
-0.0101843
-0.0101333
-0.0100827
-0.0100322
-0.00998207
-0.00993215
-0.00988248
-0.00983306
-0.00978388
-0.00973495
-0.00968627
-0.00963783
-0.00958963
-0.00954167
-0.00949395
-0.00944647
-0.00939923
-0.00935223
-0.00930546
-0.00925892
-0.00921262
-0.00916655
-0.00912071
-0.0090751
-0.00902971
-0.00898456
-0.00893963
-0.00889492
-0.00885044
-0.00880618
-0.00876214
-0.00871833
-0.00867473
-0.00863135
-0.00858818
-0.00854524
-0.00850251
-0.00845999
-0.00841768
-0.00837559
-0.0083337
-0.00829203
-0.00825056
-0.00820931
-0.00816826
-0.00812741
-0.00808677
-0.00804633
-0.00800609
-0.00796606
-0.00792622
-0.00788659
-0.00784715
-0.00780791
-0.00776886
-0.00773001
-0.00769136
-0.0076529
-0.00761463
-0.00757655
-0.00753867
-0.00750097
-0.00746346
-0.00742614
-0.00738901
-0.00735206
-0.00731529
-0.00727871
-0.00724232
-0.0072061
-0.00717007
-0.00713421
-0.00709854
-0.00706304
-0.00702773
-0.00699258
-0.00695762
-0.00692283
-0.00688821
-0.00685377
-0.0068195
-0.0067854
-0.00675147
-0.00671771
-0.00668411
-0.00665069
-0.00661744
-0.00658435
-0.00655142
-0.00651866
-0.00648607
-0.00645363
-0.00642136
-0.00638926
-0.00635731
-0.00632552
-0.00629389
-0.00626242
-0.0062311
-0.00619995
-0.00616895
-0.0061381
-0.00610741
-0.00607687
-0.00604648
-0.00601625
-0.00598616
-0.00595623
-0.00592645
-0.00589682
-0.00586733
-0.00583799
-0.0058088
-0.00577975
-0.00575085
-0.0057221
-0.00569349
-0.00566502
-0.00563669
-0.00560851
-0.00558046
-0.00555256
-0.0055248
-0.00549717
-0.00546968
-0.00544233
-0.00541512
-0.00538804
-0.0053611
-0.0053343
-0.00530762
-0.00528109
-0.00525468
-0.0052284
-0.00520226
-0.00517625
-0.00515037
-0.00512461
-0.00509899
-0.00507349
-0.00504813
-0.00502288
-0.00499777
-0.00497278
-0.00494792
-0.00492317
-0.00489856
-0.00487406
-0.00484969
-0.00482544
-0.00480132
-0.00477731
-0.00475342
-0.00472965
-0.00470601
-0.00468247
-0.00465906
-0.00463577
-0.00461259
-0.00458952
-0.00456657
-0.00454374
-0.00452102
-0.00449842
-0.00447592
-0.00445354
-0.00443127
-0.00440912
-0.00438707
-0.00436514
-0.00434331
-0.00432159
-0.00429998
-0.00427848
-0.00425709
-0.00423581
-0.00421463
-0.00419355
-0.00417258
-0.00415172
-0.00413096
-0.00411031
-0.00408975
-0.00406931
-0.00404896
-0.00402871
-0.00400857
-0.00398853
-0.00396858
-0.00394874
-0.003929
-0.00390935
-0.0038898
-0.00387035
-0.003851
-0.00383175
-0.00381259
-0.00379352
-0.00377456
-0.00375568
-0.0037369
-0.00371822
-0.00369963
-0.00368113
-0.00366272
-0.00364441
-0.0036262
-0.00360806
-0.00359002
-0.00357207
-0.00355421
-0.00353644
-0.00351875
-0.00350116
-0.00348365
-0.00346623
-0.0034489
-0.00343166
-0.0034145
-0.00339743
-0.00338044
-0.00336354
-0.00334672
-0.00332999
-0.00331333
-0.00329677
-0.00328028
-0.00326388
-0.00324756
-0.00323133
-0.00321517
-0.0031991
-0.0031831
-0.00316719
-0.00315135
-0.0031356
-0.00311992
-0.00310432
-0.0030888
-0.00307336
-0.00305799
-0.0030427
-0.00302749
-0.00301236
-0.00299729
-0.00298231
-0.0029674
-0.00295256
-0.0029378
-0.00292311
-0.0029085
-0.00289396
-0.00287949
-0.00286509
-0.00285077
-0.00283651
-0.00282233
-0.00280822
-0.00279418
-0.00278021
-0.00276631
-0.00275248
-0.00273872
-0.00272503
-0.0027114
-0.00269785
-0.00268436
-0.00267094
-0.00265758
-0.0026443
-0.00263108
-0.00261792
-0.00260483
-0.00259181
-0.00257885
-0.00256596
-0.00255313
-0.00254036
-0.00252766
-0.00251503
-0.00250245
-0.00248994
-0.00247749
-0.0024651
-0.00245278
-0.00244052
-0.00242832
-0.00241617
-0.00240409
-0.00239207
-0.00238012
-0.00236822
-0.00235638
-0.00234459
-0.00233287
-0.00232121
-0.0023096
-0.00229806
-0.00228657
-0.00227513
-0.00226376
-0.00225244
-0.00224118
-0.00222998
-0.00221883
-0.00220773
-0.00219669
-0.00218571
-0.00217478
-0.00216391
-0.00215309
-0.00214233
-0.00213162
-0.00212096
-0.00211036
-0.0020998
-0.00208931
-0.00207886
-0.00206847
-0.00205812
-0.00204783
-0.0020376
-0.00202741
-0.00201727
-0.00200719
-0.00199715
-0.00198717
-0.00197723
-0.00196735
-0.00195751
-0.00194772
-0.00193798
-0.0019283
-0.00191865
-0.00190906
-0.00189952
-0.00189002
-0.00188057
-0.00187117
-0.00186181
-0.00185251
-0.00184324
-0.00183403
-0.00182486
-0.00181573
-0.00180666
-0.00179762
-0.00178864
-0.00177969
-0.0017708
-0.00176194
-0.00175313
-0.00174437
-0.00173565
-0.00172697
-0.00171833
-0.00170974
-0.00170119
-0.00169269
-0.00168423
-0.00167581
-0.00166743
-0.00165909
-0.0016508
-0.00164254
-0.00163433
-0.00162616
-0.00161803
-0.00160994
-0.00160189
-0.00159388
-0.00158591
-0.00157798
-0.00157009
-0.00156224
-0.00155443
-0.00154666
-0.00153893
-0.00153123
-0.00152358
-0.00151596
-0.00150838
-0.00150084
-0.00149334
-0.00148587
-0.00147844
-0.00147105
-0.00146369
-0.00145637
-0.00144909
-0.00144185
-0.00143464
-0.00142747
-0.00142033
-0.00141323
-0.00140616
-0.00139913
-0.00139214
-0.00138518
-0.00137825
-0.00137136
-0.0013645
-0.00135768
-0.00135089
-0.00134414
-0.00133742
-0.00133073
-0.00132408
-0.00131746
-0.00131087
-0.00130432
-0.0012978
-0.00129131
-0.00128485
-0.00127843
-0.00127203
-0.00126567
-0.00125935
-0.00125305
-0.00124679
-0.00124055
-0.00123435
-0.00122818
-0.00122204
-0.00121593
-0.00120985
-0.0012038
-0.00119778
-0.00119179
-0.00118583
-0.0011799
-0.001174
-0.00116813
-0.00116229
-0.00115648
-0.0011507
-0.00114495
-0.00113922
-0.00113353
-0.00112786
-0.00112222
-0.00111661
-0.00111103
-0.00110547
-0.00109994
-0.00109444
-0.00108897
-0.00108353
-0.00107811
-0.00107272
-0.00106736
-0.00106202
-0.00105671
-0.00105143
-0.00104617
-0.00104094
-0.00103573
-0.00103056
-0.0010254
-0.00102028
-0.00101517
-0.0010101
-0.00100505
-0.00100002
-0.000995023
-0.000990048
-0.000985098
-0.000980172
-0.000975272
-0.000970395
-0.000965544
-0.000960716
-0.000955912
-0.000951133
-0.000946377
-0.000941646
-0.000936937
-0.000932253
-0.000927592
-0.000922954
-0.000918339
-0.000913747
-0.000909179
-0.000904633
-0.00090011
-0.000895609
-0.000891131
-0.000886676
-0.000882242
-0.000877831
-0.000873442
-0.000869075
-0.00086473
-0.000860406
-0.000856104
-0.000851824
-0.000847564
-0.000843327
-0.00083911
-0.000834915
-0.00083074
-0.000826586
-0.000822454
-0.000818341
-0.00081425
-0.000810178
-0.000806128
-0.000802097
-0.000798087
-0.000794096
-0.000790126
-0.000786175
-0.000782244
-0.000778333
-0.000774441
-0.000770569
-0.000766716
-0.000762883
-0.000759068
-0.000755273
-0.000751497
-0.000747739
-0.000744001
-0.000740281
-0.000736579
-0.000732896
-0.000729232
-0.000725586
-0.000721958
-0.000718348
-0.000714756
-0.000711183
-0.000707627
-0.000704089
-0.000700568
-0.000697065
-0.00069358
-0.000690112
-0.000686662
-0.000683228
-0.000679812
-0.000676414
-0.000673032
-0.000669666
-0.000666318
-0.000662987
-0.000659672
-0.000656373
-0.000653092
-0.000649826
-0.000646577
-0.000643344
-0.000640127
-0.000636927
-0.000633742
-0.000630574
-0.000627421
-0.000624284
-0.000621162
-0.000618057
-0.000614967
-0.000611892
-0.000608833
-0.000605788
-0.00060276
-0.000599746
-0.000596747
-0.000593763
-0.000590795
-0.000587841
-0.000584901
-0.000581977
-0.000579067
-0.000576172
-0.000573291
-0.000570424
-0.000567572
-0.000564734
-0.000561911
-0.000559101
-0.000556306
-0.000553524
-0.000550756
-0.000548003
-0.000545263
-0.000542536
-0.000539824
-0.000537125
-0.000534439
-0.000531767
-0.000529108
-0.000526463
-0.000523831
-0.000521211
-0.000518605
-0.000516012
-0.000513432
-0.000510865
-0.000508311
-0.00050577
-0.000503241
-0.000500725
-0.000498221
-0.00049573
-0.000493252
-0.000490785
-0.000488332
-0.00048589
-0.000483461
-0.000481043
-0.000478638
-0.000476245
-0.000473864
-0.000471495
-0.000469137
-0.000466792
-0.000464458
-0.000462136
-0.000459825
-0.000457526
-0.000455238
-0.000452962
-0.000450698
-0.000448444
-0.000446202
-0.000443971
-0.000441751
-0.000439543
-0.000437345
-0.000435158
-0.000432983
-0.000430818
-0.000428664
-0.000426521
-0.000424388
-0.000422266
-0.000420155
-0.000418054
-0.000415964
-0.000413885
-0.000411815
-0.000409756
-0.000407708
-0.000405669
-0.000403641
-0.000401623
-0.000399615
-0.000397617
-0.000395629
-0.000393651
-0.000391683
-0.000389725
-0.000387776
-0.000385837
-0.000383908
-0.000381989
-0.000380079
-0.000378179
-0.000376288
-0.000374407
-0.000372535
-0.000370672
-0.000368819
-0.000366975
-0.00036514
-0.000363315
-0.000361498
-0.000359691
-0.000357893
-0.000356103
-0.000354323
-0.000352551
-0.000350789
-0.000349035
-0.00034729
-0.000345554
-0.000343826
-0.000342107
-0.000340397
-0.000338695
-0.000337001
-0.000335317
-0.00033364
-0.000331972
-0.000330312
-0.000328661
-0.000327018
-0.000325383
-0.000323756
-0.000322138
-0.000320527
-0.000318925
-0.00031733
-0.000315744
-0.000314165
-0.000312594
-0.000311032
-0.000309477
-0.000307929
-0.00030639
-0.000304858
-0.000303334
-0.000301817
-0.000300309
-0.000298807
-0.000297313
-0.000295827
-0.000294348
-0.000292876
-0.000291412
-0.000289955
-0.000288506
-0.000287063
-0.000285628
-0.000284201
-0.00028278
-0.000281367
-0.00027996
-0.00027856
-0.000277167
-0.000275782
-0.000274403
-0.000273031
-0.000271666
-0.000270308
-0.000268957
-0.000267612
-0.000266274
-0.000264943
-0.000263618
-0.000262301
-0.000260989
-0.000259684
-0.000258386
-0.000257095
-0.000255809
-0.00025453
-0.000253258
-0.000251992
-0.000250732
-0.000249479
-0.000248231
-0.00024699
-0.000245756
-0.000244527
-0.000243305
-0.000242088
-0.000240878
-0.000239674
-0.000238475
-0.000237283
-0.000236097
-0.000234917
-0.000233742
-0.000232574
-0.000231411
-0.000230254
-0.000229103
-0.000227958
-0.000226818
-0.000225684
-0.000224556
-0.000223433
-0.000222316
-0.000221205
-0.000220099
-0.000218999
-0.000217904
-0.000216814
-0.00021573
-0.000214652
-0.000213579
-0.000212511
-0.000211449
-0.000210392
-0.00020934
-0.000208293
-0.000207252
-0.000206216
-0.000205185
-0.000204159
-0.000203139
-0.000202123
-0.000201113
-0.000200107
-0.000199107
-0.000198112
-0.000197121
-0.000196136
-0.000195155
-0.00019418
-0.000193209
-0.000192243
-0.000191282
-0.000190326
-0.000189374
-0.000188428
-0.000187486
-0.000186548
-0.000185616
-0.000184688
-0.000183765
-0.000182846
-0.000181932
-0.000181023
-0.000180118
-0.000179217
-0.000178321
-0.00017743
-0.000176543
-0.00017566
-0.000174782
-0.000173908
-0.000173039
-0.000172174
-0.000171313
-0.000170457
-0.000169605
-0.000168757
-0.000167913
-0.000167074
-0.000166239
-0.000165408
-0.000164581
-0.000163758
-0.00016294
-0.000162125
-0.000161315
-0.000160508
-0.000159706
-0.000158907
-0.000158113
-0.000157323
-0.000156536
-0.000155754
-0.000154975
-0.0001542
-0.000153429
-0.000152663
-0.000151899
-0.00015114
-0.000150384
-0.000149633
-0.000148885
-0.00014814
-0.0001474
-0.000146663
-0.00014593
-0.0001452
-0.000144475
-0.000143752
-0.000143034
-0.000142319
-0.000141607
-0.000140899
-0.000140195
-0.000139494
-0.000138797
-0.000138103
-0.000137413
-0.000136726
-0.000136042
-0.000135362
-0.000134686
-0.000134012
-0.000133342
-0.000132676
-0.000132013
-0.000131353
-0.000130696
-0.000130043
-0.000129393
-0.000128746
-0.000128102
-0.000127462
-0.000126825
-0.000126191
-0.00012556
-0.000124932
-0.000124308
-0.000123686
-0.000123068
-0.000122453
-0.000121841
-0.000121232
-0.000120626
-0.000120023
-0.000119423
-0.000118826
-0.000118232
-0.000117641
-0.000117053
-0.000116467
-0.000115885
-0.000115306
-0.000114729
-0.000114156
-0.000113585
-0.000113018
-0.000112453
-0.000111891
-0.000111332
-0.000110775
-0.000110221
-0.00010967
-0.000109122
-0.000108577
-0.000108034
-0.000107494
-0.000106956
-0.000106421
-0.000105889
-0.00010536
-0.000104833
-0.000104309
-0.000103788
-0.000103269
-0.000102753
-0.000102239
-0.000101728
-0.000101219
-0.000100713
-0.00010021
-9.97089e-05
-9.92105e-05
-9.87146e-05
-9.82211e-05
-9.77301e-05
-9.72415e-05
-9.67554e-05
-9.62718e-05
-9.57905e-05
-9.53116e-05
-9.48352e-05
-9.43611e-05
-9.38894e-05
-9.34201e-05
-9.29531e-05
-9.24884e-05
-9.20261e-05
-9.1566e-05
-9.11083e-05
-9.06528e-05
-9.01997e-05
-8.97488e-05
-8.93001e-05
-8.88537e-05
-8.84095e-05
-8.79676e-05
-8.75278e-05
-8.70903e-05
-8.66549e-05
-8.62217e-05
-8.57907e-05
-8.53618e-05
-8.49351e-05
-8.45105e-05
-8.4088e-05
-8.36677e-05
-8.32494e-05
-8.28332e-05
-8.24192e-05
-8.20071e-05
-8.15972e-05
-8.11893e-05
-8.07834e-05
-8.03796e-05
-7.99777e-05
-7.95779e-05
-7.91801e-05
-7.87843e-05
-7.83904e-05
-7.79985e-05
-7.76086e-05
-7.72207e-05
-7.68346e-05
-7.64505e-05
-7.60683e-05
-7.56881e-05
-7.53097e-05
-7.49332e-05
-7.45586e-05
-7.41859e-05
-7.3815e-05
-7.3446e-05
-7.30789e-05
-7.27135e-05
-7.235e-05
-7.19883e-05
-7.16285e-05
-7.12704e-05
-7.09141e-05
-7.05596e-05
-7.02069e-05
-6.98559e-05
-6.95067e-05
-6.91592e-05
-6.88135e-05
-6.84695e-05
-6.81272e-05
-6.77866e-05
-6.74477e-05
-6.71106e-05
-6.67751e-05
-6.64412e-05
-6.61091e-05
-6.57786e-05
-6.54498e-05
-6.51226e-05
-6.4797e-05
-6.44731e-05
-6.41508e-05
-6.38301e-05
-6.3511e-05
-6.31935e-05
-6.28776e-05
-6.25633e-05
-6.22505e-05
-6.19393e-05
-6.16297e-05
-6.13216e-05
-6.1015e-05
-6.071e-05
-6.04065e-05
-6.01045e-05
-5.9804e-05
-5.95051e-05
-5.92076e-05
-5.89116e-05
-5.86171e-05
-5.83241e-05
-5.80325e-05
-5.77424e-05
-5.74537e-05
-5.71665e-05
-5.68807e-05
-5.65964e-05
-5.63134e-05
-5.60319e-05
-5.57518e-05
-5.54731e-05
-5.51958e-05
-5.49199e-05
-5.46453e-05
-5.43721e-05
-5.41003e-05
-5.38299e-05
-5.35608e-05
-5.3293e-05
-5.30266e-05
-5.27615e-05
-5.24977e-05
-5.22353e-05
-5.19742e-05
-5.17143e-05
-5.14558e-05
-5.11986e-05
-5.09426e-05
-5.06879e-05
-5.04346e-05
-5.01824e-05
-4.99316e-05
-4.96819e-05
-4.94336e-05
-4.91864e-05
-4.89406e-05
-4.86959e-05
-4.84525e-05
-4.82102e-05
-4.79692e-05
-4.77294e-05
-4.74908e-05
-4.72534e-05
-4.70172e-05
-4.67821e-05
-4.65483e-05
-4.63156e-05
-4.6084e-05
-4.58537e-05
-4.56244e-05
-4.53963e-05
-4.51694e-05
-4.49436e-05
-4.47189e-05
-4.44954e-05
-4.42729e-05
-4.40516e-05
-4.38314e-05
-4.36123e-05
-4.33942e-05
-4.31773e-05
-4.29615e-05
-4.27467e-05
-4.25337e-05
-4.2321e-05
-4.21092e-05
-4.18984e-05
-4.16886e-05
-4.14801e-05
-4.12727e-05
-4.10664e-05
-4.08611e-05
-4.06568e-05
-4.04536e-05
-4.02513e-05
-4.00501e-05
-3.98499e-05
-3.96506e-05
-3.94524e-05
-3.92552e-05
-3.9059e-05
-3.88637e-05
-3.86695e-05
-3.84762e-05
-3.82839e-05
-3.80925e-05
-3.79021e-05
-3.77127e-05
-3.75242e-05
-3.73366e-05
-3.715e-05
-3.69643e-05
-3.67795e-05
-3.65957e-05
-3.64128e-05
-3.62308e-05
-3.60497e-05
-3.58695e-05
-3.56902e-05
-3.55118e-05
-3.53343e-05
-3.51576e-05
-3.49819e-05
-3.4807e-05
-3.4633e-05
-3.44599e-05
-3.42877e-05
-3.41163e-05
-3.39458e-05
-3.37761e-05
-3.36072e-05
-3.34392e-05
-3.32721e-05
-3.31058e-05
-3.29403e-05
-3.27756e-05
-3.26118e-05
-3.24488e-05
-3.22866e-05
-3.21252e-05
-3.19646e-05
-3.18048e-05
-3.16459e-05
-3.14877e-05
-3.13303e-05
-3.11737e-05
-3.10178e-05
-3.08628e-05
-3.07085e-05
-3.0555e-05
-3.04023e-05
-3.02503e-05
-3.00991e-05
-2.99487e-05
-2.9799e-05
-2.965e-05
-2.95018e-05
-2.93544e-05
-2.92076e-05
-2.90616e-05
-2.89164e-05
-2.87719e-05
-2.8628e-05
-2.84849e-05
-2.83426e-05
-2.82009e-05
-2.80599e-05
-2.79197e-05
-2.77801e-05
-2.76413e-05
-2.75031e-05
-2.73656e-05
-2.72288e-05
-2.70927e-05
-2.69573e-05
-2.68226e-05
-2.66885e-05
-2.65551e-05
-2.64224e-05
-2.62903e-05
-2.61589e-05
-2.60281e-05
-2.5898e-05
-2.57686e-05
-2.56398e-05
-2.55116e-05
-2.53841e-05
-2.52572e-05
-2.5131e-05
-2.50053e-05
-2.48804e-05
-2.4756e-05
-2.46323e-05
-2.45091e-05
-2.43866e-05
-2.42647e-05
-2.41434e-05
-2.40228e-05
-2.39027e-05
-2.37832e-05
-2.36643e-05
-2.35461e-05
-2.34284e-05
-2.33113e-05
-2.31947e-05
-2.30788e-05
-2.29634e-05
-2.28487e-05
-2.27345e-05
-2.26208e-05
-2.25078e-05
-2.23952e-05
-2.22833e-05
-2.21719e-05
-2.20611e-05
-2.19508e-05
-2.18411e-05
-2.17319e-05
-2.16233e-05
-2.15152e-05
-2.14077e-05
-2.13007e-05
-2.11942e-05
-2.10883e-05
-2.09829e-05
-2.0878e-05
-2.07737e-05
-2.06698e-05
-2.05665e-05
-2.04637e-05
-2.03614e-05
-2.02597e-05
-2.01584e-05
-2.00577e-05
-1.99574e-05
-1.98576e-05
-1.97584e-05
-1.96596e-05
-1.95614e-05
-1.94636e-05
-1.93663e-05
-1.92695e-05
-1.91732e-05
-1.90774e-05
-1.8982e-05
-1.88872e-05
-1.87928e-05
-1.86988e-05
-1.86054e-05
-1.85124e-05
-1.84199e-05
-1.83278e-05
-1.82362e-05
-1.8145e-05
-1.80544e-05
-1.79641e-05
-1.78743e-05
-1.7785e-05
-1.76961e-05
-1.76077e-05
-1.75197e-05
-1.74321e-05
-1.7345e-05
-1.72583e-05
-1.7172e-05
-1.70862e-05
-1.70008e-05
-1.69158e-05
-1.68313e-05
-1.67472e-05
-1.66635e-05
-1.65802e-05
-1.64973e-05
-1.64149e-05
-1.63328e-05
-1.62512e-05
-1.617e-05
-1.60899e-05
-1.601e-05
-1.593e-05
-1.585e-05
-1.57704e-05
-1.56916e-05
-1.56131e-05
-1.5535e-05
-1.54574e-05
-1.53801e-05
-1.53031e-05
-1.52266e-05
-1.51505e-05
-1.50747e-05
-1.49993e-05
-1.49244e-05
-1.48497e-05
-1.47755e-05
-1.47017e-05
-1.46282e-05
-1.45551e-05
-1.44823e-05
-1.44099e-05
-1.43379e-05
-1.42662e-05
-1.41949e-05
-1.4124e-05
-1.40534e-05
-1.39832e-05
-1.39133e-05
-1.38438e-05
-1.37746e-05
-1.37058e-05
-1.36373e-05
-1.35692e-05
-1.35014e-05
-1.34339e-05
-1.33668e-05
-1.33e-05
-1.32335e-05
-1.31674e-05
-1.31016e-05
-1.30362e-05
-1.2971e-05
-1.29062e-05
-1.28417e-05
-1.27776e-05
-1.27137e-05
-1.26502e-05
-1.2587e-05
-1.25241e-05
-1.24615e-05
-1.23992e-05
-1.23373e-05
-1.22756e-05
-1.22143e-05
-1.21532e-05
-1.20925e-05
-1.20321e-05
-1.1972e-05
-1.19121e-05
-1.18526e-05
-1.17934e-05
-1.17344e-05
-1.16758e-05
-1.16174e-05
-1.15594e-05
-1.15016e-05
-1.14441e-05
-1.13869e-05
-1.133e-05
-1.12734e-05
-1.12171e-05
-1.1161e-05
-1.11052e-05
-1.10497e-05
-1.09945e-05
-1.09396e-05
-1.08849e-05
-1.08305e-05
-1.07764e-05
-1.07225e-05
-1.06689e-05
-1.06156e-05
-1.05625e-05
-1.05098e-05
-1.04572e-05
-1.0405e-05
-1.0353e-05
-1.03013e-05
-1.02498e-05
-1.01986e-05
-1.01476e-05
-1.00969e-05
-1.00464e-05
-9.99623e-06
-9.94628e-06
-9.89658e-06
-9.84712e-06
-9.79792e-06
-9.74896e-06
-9.70024e-06
-9.65177e-06
-9.60354e-06
-9.55555e-06
-9.5078e-06
-9.46029e-06
-9.41301e-06
-9.36597e-06
-9.31917e-06
-9.2726e-06
-9.22627e-06
-9.18016e-06
-9.13429e-06
-9.08864e-06
-9.04323e-06
-8.99804e-06
-8.95307e-06
-8.90833e-06
-8.86382e-06
-8.81952e-06
-8.77545e-06
-8.7316e-06
-8.68797e-06
-8.64455e-06
-8.60135e-06
-8.55837e-06
-8.51561e-06
-8.47305e-06
-8.43071e-06
