3.36148
2.30019
1.86749
1.58635
1.27011
0.969992
0.724457
0.540166
0.408149
-0.340828
-0.334926
-0.32881
-0.322656
-0.316564
-0.310646
-0.304794
-0.299131
-0.293657
-0.288368
-0.283262
-0.278332
-0.273573
-0.26898
-0.264549
-0.260269
-0.256135
-0.252143
-0.248285
-0.244551
-0.240942
-0.237448
-0.234064
-0.230788
-0.227611
-0.224528
-0.221541
-0.21864
-0.215822
-0.213084
-0.210422
-0.207834
-0.205315
-0.202863
-0.200475
-0.198148
-0.195879
-0.193667
-0.191508
-0.189401
-0.187343
-0.185333
-0.183369
-0.181448
-0.17957
-0.177732
-0.175934
-0.174173
-0.172448
-0.170759
-0.169103
-0.167396
-0.165834
-0.164317
-0.162796
-0.161295
-0.159821
-0.158373
-0.156952
-0.155555
-0.154184
-0.152836
-0.151512
-0.150209
-0.148929
-0.14767
-0.146432
-0.145214
-0.144015
-0.142835
-0.141674
-0.140531
-0.139406
-0.138297
-0.137205
-0.13613
-0.13507
-0.134026
-0.132996
-0.131982
-0.130981
-0.129995
-0.129022
-0.128062
-0.127116
-0.126182
-0.12526
-0.12435
-0.123452
-0.122566
-0.121691
-0.120827
-0.119973
-0.11913
-0.118298
-0.117475
-0.116662
-0.115859
-0.115065
-0.114281
-0.113505
-0.112738
-0.11198
-0.11123
-0.110489
-0.109756
-0.10903
-0.108313
-0.107603
-0.106901
-0.106206
-0.105518
-0.104837
-0.104163
-0.103496
-0.102836
-0.102182
-0.101535
-0.100894
-0.100259
-0.0996309
-0.0990083
-0.0983916
-0.0977807
-0.0971756
-0.096576
-0.0959819
-0.0953933
-0.09481
-0.0942319
-0.093659
-0.0930912
-0.0925284
-0.0919705
-0.0914175
-0.0908692
-0.0903256
-0.0897866
-0.0892522
-0.0887223
-0.0881968
-0.0876757
-0.0871589
-0.0866462
-0.0861378
-0.0856335
-0.0851332
-0.084637
-0.0841446
-0.0836562
-0.0831716
-0.0826908
-0.0822138
-0.0817404
-0.0812706
-0.0808045
-0.0803419
-0.0798828
-0.0794271
-0.0789749
-0.078526
-0.0780805
-0.0776382
-0.0771992
-0.0767634
-0.0763308
-0.0759013
-0.0754749
-0.0750516
-0.0746313
-0.0742139
-0.0737996
-0.0733881
-0.0729796
-0.0725738
-0.072171
-0.0717709
-0.0713735
-0.0709789
-0.070587
-0.0701978
-0.0698113
-0.0694273
-0.0690459
-0.0686671
-0.0682909
-0.0679171
-0.0675458
-0.067177
-0.0668106
-0.0664467
-0.0660851
-0.0657259
-0.065369
-0.0650145
-0.0646622
-0.0643122
-0.0639645
-0.063619
-0.0632757
-0.0629346
-0.0625956
-0.0622588
-0.0619242
-0.0615916
-0.0612611
-0.0609327
-0.0606064
-0.0602821
-0.0599598
-0.0596395
-0.0593212
-0.0590048
-0.0586904
-0.0583779
-0.0580674
-0.0577587
-0.0574519
-0.057147
-0.0568439
-0.0565426
-0.0562432
-0.0559456
-0.0556498
-0.0553557
-0.0550634
-0.0547728
-0.054484
-0.0541969
-0.0539115
-0.0536277
-0.0533457
-0.0530653
-0.0527866
-0.0525095
-0.052234
-0.0519601
-0.0516879
-0.0514172
-0.0511481
-0.0508806
-0.0506146
-0.0503501
-0.0500872
-0.0498258
-0.0495659
-0.0493075
-0.0490505
-0.0487951
-0.0485411
-0.0482885
-0.0480374
-0.0477878
-0.0475395
-0.0472926
-0.0470472
-0.0468031
-0.0465604
-0.0463191
-0.0460792
-0.0458406
-0.0456033
-0.0453674
-0.0451327
-0.0448994
-0.0446674
-0.0444367
-0.0442073
-0.0439792
-0.0437523
-0.0435267
-0.0433023
-0.0430792
-0.0428573
-0.0426366
-0.0424171
-0.0421989
-0.0419819
-0.041766
-0.0415513
-0.0413379
-0.0411255
-0.0409144
-0.0407044
-0.0404955
-0.0402878
-0.0400812
-0.0398758
-0.0396714
-0.0394682
-0.0392661
-0.039065
-0.0388651
-0.0386662
-0.0384685
-0.0382717
-0.0380761
-0.0378815
-0.0376879
-0.0374954
-0.0373039
-0.0371135
-0.0369241
-0.0367356
-0.0365482
-0.0363618
-0.0361764
-0.035992
-0.0358086
-0.0356262
-0.0354447
-0.0352642
-0.0350846
-0.034906
-0.0347284
-0.0345517
-0.0343759
-0.0342011
-0.0340272
-0.0338542
-0.0336822
-0.033511
-0.0333407
-0.0331714
-0.0330029
-0.0328354
-0.0326687
-0.0325029
-0.0323379
-0.0321739
-0.0320107
-0.0318483
-0.0316868
-0.0315262
-0.0313664
-0.0312074
-0.0310493
-0.030892
-0.0307355
-0.0305798
-0.030425
-0.0302709
-0.0301177
-0.0299653
-0.0298136
-0.0296628
-0.0295127
-0.0293634
-0.0292149
-0.0290672
-0.0289202
-0.028774
-0.0286286
-0.0284839
-0.0283399
-0.0281967
-0.0280543
-0.0279126
-0.0277716
-0.0276314
-0.0274919
-0.0273531
-0.027215
-0.0270776
-0.026941
-0.026805
-0.0266698
-0.0265352
-0.0264014
-0.0262682
-0.0261357
-0.0260039
-0.0258728
-0.0257424
-0.0256126
-0.0254835
-0.025355
-0.0252273
-0.0251001
-0.0249737
-0.0248478
-0.0247227
-0.0245981
-0.0244742
-0.024351
-0.0242284
-0.0241064
-0.023985
-0.0238643
-0.0237441
-0.0236246
-0.0235057
-0.0233874
-0.0232697
-0.0231526
-0.0230361
-0.0229202
-0.0228049
-0.0226902
-0.0225761
-0.0224625
-0.0223496
-0.0222372
-0.0221254
-0.022014
-0.0219033
-0.0217932
-0.0216837
-0.0215747
-0.0214662
-0.0213583
-0.021251
-0.0211442
-0.0210379
-0.0209322
-0.020827
-0.0207224
-0.0206183
-0.0205147
-0.0204117
-0.0203091
-0.0202071
-0.0201056
-0.0200047
-0.0199042
-0.0198043
-0.0197048
-0.0196059
-0.0195074
-0.0194095
-0.0193121
-0.0192151
-0.0191187
-0.0190227
-0.0189272
-0.0188322
-0.0187377
-0.0186437
-0.0185501
-0.018457
-0.0183644
-0.0182723
-0.0181806
-0.0180894
-0.0179986
-0.0179083
-0.0178185
-0.0177291
-0.0176402
-0.0175517
-0.0174637
-0.0173761
-0.0172889
-0.0172022
-0.017116
-0.0170301
-0.0169447
-0.0168598
-0.0167752
-0.0166911
-0.0166074
-0.0165242
-0.0164413
-0.0163589
-0.0162769
-0.0161953
-0.0161141
-0.0160334
-0.015953
-0.015873
-0.0157935
-0.0157143
-0.0156356
-0.0155572
-0.0154792
-0.0154017
-0.0153245
-0.0152477
-0.0151713
-0.0150953
-0.0150196
-0.0149444
-0.0148695
-0.014795
-0.0147209
-0.0146471
-0.0145737
-0.0145007
-0.0144281
-0.0143558
-0.0142839
-0.0142123
-0.0141412
-0.0140703
-0.0139998
-0.0139297
-0.0138599
-0.0137905
-0.0137215
-0.0136527
-0.0135844
-0.0135163
-0.0134486
-0.0133813
-0.0133143
-0.0132476
-0.0131813
-0.0131153
-0.0130496
-0.0129842
-0.0129192
-0.0128545
-0.0127902
-0.0127261
-0.0126624
-0.012599
-0.0125359
-0.0124732
-0.0124107
-0.0123486
-0.0122868
-0.0122253
-0.0121641
-0.0121032
-0.0120426
-0.0119823
-0.0119223
-0.0118626
-0.0118032
-0.0117442
-0.0116854
-0.0116269
-0.0115687
-0.0115108
-0.0114532
-0.0113958
-0.0113388
-0.011282
-0.0112256
-0.0111694
-0.0111135
-0.0110579
-0.0110025
-0.0109475
-0.0108927
-0.0108382
-0.0107839
-0.0107299
-0.0106763
-0.0106228
-0.0105697
-0.0105168
-0.0104641
-0.0104118
-0.0103597
-0.0103078
-0.0102563
-0.0102049
-0.0101539
-0.0101031
-0.0100525
-0.0100022
-0.00995215
-0.00990235
-0.00985281
-0.00980351
-0.00975445
-0.00970565
-0.00965709
-0.00960877
-0.00956069
-0.00951285
-0.00946526
-0.0094179
-0.00937078
-0.0093239
-0.00927725
-0.00923083
-0.00918465
-0.0091387
-0.00909298
-0.00904749
-0.00900222
-0.00895719
-0.00891238
-0.00886779
-0.00882343
-0.00877928
-0.00873536
-0.00869166
-0.00864818
-0.00860492
-0.00856187
-0.00851904
-0.00847642
-0.00843402
-0.00839183
-0.00834985
-0.00830808
-0.00826652
-0.00822517
-0.00818403
-0.00814309
-0.00810235
-0.00806182
-0.0080215
-0.00798137
-0.00794145
-0.00790172
-0.0078622
-0.00782287
-0.00778374
-0.00774481
-0.00770607
-0.00766752
-0.00762917
-0.00759101
-0.00755304
-0.00751526
-0.00747767
-0.00744027
-0.00740305
-0.00736603
-0.00732918
-0.00729252
-0.00725605
-0.00721976
-0.00718365
-0.00714772
-0.00711196
-0.00707639
-0.007041
-0.00700578
-0.00697074
-0.00693588
-0.00690119
-0.00686667
-0.00683233
-0.00679816
-0.00676416
-0.00673033
-0.00669667
-0.00666317
-0.00662985
-0.00659669
-0.0065637
-0.00653087
-0.00649821
-0.00646571
-0.00643337
-0.0064012
-0.00636918
-0.00633733
-0.00630564
-0.0062741
-0.00624272
-0.0062115
-0.00618044
-0.00614953
-0.00611877
-0.00608817
-0.00605772
-0.00602743
-0.00599729
-0.00596729
-0.00593745
-0.00590776
-0.00587821
-0.00584882
-0.00581957
-0.00579046
-0.0057615
-0.00573269
-0.00570402
-0.0056755
-0.00564711
-0.00561887
-0.00559077
-0.00556282
-0.005535
-0.00550732
-0.00547978
-0.00545237
-0.00542511
-0.00539798
-0.00537098
-0.00534412
-0.0053174
-0.00529081
-0.00526435
-0.00523802
-0.00521183
-0.00518577
-0.00515983
-0.00513403
-0.00510836
-0.00508281
-0.00505739
-0.0050321
-0.00500694
-0.0049819
-0.00495699
-0.0049322
-0.00490754
-0.004883
-0.00485858
-0.00483428
-0.00481011
-0.00478605
-0.00476212
-0.00473831
-0.00471461
-0.00469104
-0.00466758
-0.00464424
-0.00462101
-0.00459791
-0.00457492
-0.00455204
-0.00452928
-0.00450663
-0.00448409
-0.00446167
-0.00443936
-0.00441716
-0.00439507
-0.00437309
-0.00435123
-0.00432947
-0.00430782
-0.00428628
-0.00426485
-0.00424352
-0.0042223
-0.00420119
-0.00418018
-0.00415928
-0.00413848
-0.00411778
-0.00409719
-0.00407671
-0.00405632
-0.00403604
-0.00401586
-0.00399578
-0.0039758
-0.00395592
-0.00393613
-0.00391645
-0.00389687
-0.00387738
-0.003858
-0.0038387
-0.00381951
-0.00380041
-0.00378141
-0.0037625
-0.00374369
-0.00372497
-0.00370634
-0.00368781
-0.00366937
-0.00365102
-0.00363276
-0.0036146
-0.00359653
-0.00357854
-0.00356065
-0.00354284
-0.00352513
-0.0035075
-0.00348996
-0.00347251
-0.00345515
-0.00343787
-0.00342068
-0.00340358
-0.00338656
-0.00336963
-0.00335278
-0.00333602
-0.00331933
-0.00330274
-0.00328622
-0.00326979
-0.00325344
-0.00323717
-0.00322099
-0.00320488
-0.00318886
-0.00317291
-0.00315705
-0.00314126
-0.00312556
-0.00310993
-0.00309438
-0.00307891
-0.00306351
-0.00304819
-0.00303295
-0.00301779
-0.0030027
-0.00298768
-0.00297274
-0.00295788
-0.00294309
-0.00292838
-0.00291373
-0.00289916
-0.00288467
-0.00287025
-0.00285589
-0.00284161
-0.00282741
-0.00281327
-0.0027992
-0.00278521
-0.00277128
-0.00275742
-0.00274364
-0.00272992
-0.00271627
-0.00270269
-0.00268917
-0.00267573
-0.00266235
-0.00264904
-0.00263579
-0.00262261
-0.0026095
-0.00259645
-0.00258347
-0.00257055
-0.0025577
-0.00254491
-0.00253219
-0.00251953
-0.00250693
-0.00249439
-0.00248192
-0.00246951
-0.00245717
-0.00244488
-0.00243266
-0.00242049
-0.00240839
-0.00239635
-0.00238437
-0.00237244
-0.00236058
-0.00234878
-0.00233704
-0.00232535
-0.00231372
-0.00230216
-0.00229065
-0.00227919
-0.0022678
-0.00225646
-0.00224518
-0.00223395
-0.00222278
-0.00221167
-0.00220061
-0.00218961
-0.00217866
-0.00216776
-0.00215693
-0.00214614
-0.00213541
-0.00212473
-0.00211411
-0.00210354
-0.00209302
-0.00208256
-0.00207215
-0.00206179
-0.00205148
-0.00204122
-0.00203101
-0.00202086
-0.00201075
-0.0020007
-0.0019907
-0.00198074
-0.00197084
-0.00196099
-0.00195118
-0.00194143
-0.00193172
-0.00192206
-0.00191245
-0.00190289
-0.00189338
-0.00188391
-0.00187449
-0.00186512
-0.00185579
-0.00184651
-0.00183728
-0.0018281
-0.00181896
-0.00180986
-0.00180081
-0.00179181
-0.00178285
-0.00177394
-0.00176507
-0.00175624
-0.00174746
-0.00173872
-0.00173003
-0.00172138
-0.00171277
-0.00170421
-0.00169569
-0.00168721
-0.00167878
-0.00167038
-0.00166203
-0.00165372
-0.00164545
-0.00163722
-0.00162904
-0.00162089
-0.00161279
-0.00160473
-0.0015967
-0.00158872
-0.00158078
-0.00157287
-0.00156501
-0.00155718
-0.0015494
-0.00154165
-0.00153395
-0.00152628
-0.00151864
-0.00151105
-0.0015035
-0.00149598
-0.0014885
-0.00148106
-0.00147365
-0.00146628
-0.00145895
-0.00145166
-0.0014444
-0.00143718
-0.00142999
-0.00142284
-0.00141573
-0.00140865
-0.00140161
-0.0013946
-0.00138763
-0.00138069
-0.00137379
-0.00136692
-0.00136008
-0.00135328
-0.00134652
-0.00133979
-0.00133309
-0.00132642
-0.00131979
-0.00131319
-0.00130663
-0.00130009
-0.00129359
-0.00128712
-0.00128069
-0.00127429
-0.00126791
-0.00126158
-0.00125527
-0.00124899
-0.00124275
-0.00123653
-0.00123035
-0.0012242
-0.00121808
-0.00121199
-0.00120593
-0.0011999
-0.0011939
-0.00118793
-0.00118199
-0.00117608
-0.0011702
-0.00116435
-0.00115853
-0.00115274
-0.00114697
-0.00114124
-0.00113553
-0.00112986
-0.00112421
-0.00111859
-0.00111299
-0.00110743
-0.00110189
-0.00109638
-0.0010909
-0.00108545
-0.00108002
-0.00107462
-0.00106925
-0.0010639
-0.00105858
-0.00105329
-0.00104802
-0.00104278
-0.00103757
-0.00103238
-0.00102722
-0.00102208
-0.00101697
-0.00101189
-0.00100683
-0.0010018
-0.000996788
-0.000991804
-0.000986845
-0.000981911
-0.000977002
-0.000972117
-0.000967256
-0.00096242
-0.000957609
-0.000952821
-0.000948057
-0.000943317
-0.0009386
-0.000933907
-0.000929238
-0.000924592
-0.000919969
-0.00091537
-0.000910793
-0.000906239
-0.000901708
-0.0008972
-0.000892714
-0.000888251
-0.000883809
-0.000879391
-0.000874994
-0.000870619
-0.000866266
-0.000861935
-0.000857625
-0.000853337
-0.000849071
-0.000844826
-0.000840602
-0.000836399
-0.000832217
-0.000828056
-0.000823916
-0.000819796
-0.000815698
-0.000811619
-0.000807561
-0.000803524
-0.000799506
-0.000795509
-0.000791531
-0.000787574
-0.000783636
-0.000779718
-0.00077582
-0.000771941
-0.000768081
-0.000764241
-0.00076042
-0.000756618
-0.000752835
-0.000749071
-0.000745325
-0.000741599
-0.000737891
-0.000734202
-0.000730531
-0.000726878
-0.000723244
-0.000719628
-0.00071603
-0.00071245
-0.000708888
-0.000705343
-0.000701817
-0.000698308
-0.000694816
-0.000691342
-0.000687886
-0.000684446
-0.000681024
-0.000677619
-0.000674231
-0.00067086
-0.000667506
-0.000664168
-0.000660848
-0.000657543
-0.000654256
-0.000650985
-0.00064773
-0.000644491
-0.000641269
-0.000638063
-0.000634872
-0.000631698
-0.00062854
-0.000625397
-0.000622271
-0.000619159
-0.000616064
-0.000612983
-0.000609919
-0.000606869
-0.000603835
-0.000600816
-0.000597812
-0.000594823
-0.000591849
-0.000588889
-0.000585945
-0.000583016
-0.000580101
-0.0005772
-0.000574314
-0.000571443
-0.000568586
-0.000565743
-0.000562914
-0.0005601
-0.000557299
-0.000554513
-0.00055174
-0.000548982
-0.000546237
-0.000543506
-0.000540788
-0.000538084
-0.000535394
-0.000532717
-0.000530053
-0.000527403
-0.000524766
-0.000522142
-0.000519531
-0.000516934
-0.000514349
-0.000511777
-0.000509218
-0.000506672
-0.000504139
-0.000501618
-0.00049911
-0.000496615
-0.000494132
-0.000491661
-0.000489203
-0.000486757
-0.000484323
-0.000481902
-0.000479492
-0.000477095
-0.000474709
-0.000472336
-0.000469974
-0.000467624
-0.000465286
-0.00046296
-0.000460645
-0.000458342
-0.00045605
-0.00045377
-0.000451501
-0.000449244
-0.000446998
-0.000444763
-0.000442539
-0.000440326
-0.000438125
-0.000435934
-0.000433754
-0.000431586
-0.000429428
-0.000427281
-0.000425144
-0.000423019
-0.000420903
-0.000418799
-0.000416705
-0.000414622
-0.000412548
-0.000410486
-0.000408433
-0.000406391
-0.000404359
-0.000402338
-0.000400326
-0.000398324
-0.000396333
-0.000394351
-0.000392379
-0.000390417
-0.000388465
-0.000386523
-0.000384591
-0.000382668
-0.000380754
-0.000378851
-0.000376956
-0.000375072
-0.000373196
-0.00037133
-0.000369474
-0.000367626
-0.000365788
-0.000363959
-0.00036214
-0.000360329
-0.000358527
-0.000356735
-0.000354951
-0.000353176
-0.000351411
-0.000349653
-0.000347905
-0.000346166
-0.000344435
-0.000342713
-0.000340999
-0.000339294
-0.000337598
-0.00033591
-0.00033423
-0.000332559
-0.000330897
-0.000329242
-0.000327596
-0.000325958
-0.000324328
-0.000322707
-0.000321093
-0.000319488
-0.00031789
-0.000316301
-0.000314719
-0.000313146
-0.00031158
-0.000310022
-0.000308472
-0.00030693
-0.000305395
-0.000303868
-0.000302349
-0.000300837
-0.000299333
-0.000297837
-0.000296347
-0.000294866
-0.000293392
-0.000291925
-0.000290465
-0.000289013
-0.000287568
-0.00028613
-0.000284699
-0.000283276
-0.00028186
-0.00028045
-0.000279048
-0.000277653
-0.000276265
-0.000274883
-0.000273509
-0.000272142
-0.000270781
-0.000269427
-0.00026808
-0.00026674
-0.000265406
-0.000264079
-0.000262759
-0.000261445
-0.000260138
-0.000258837
-0.000257543
-0.000256255
-0.000254974
-0.000253699
-0.000252431
-0.000251169
-0.000249913
-0.000248663
-0.00024742
-0.000246184
-0.000244953
-0.000243728
-0.000242509
-0.000241297
-0.000240091
-0.00023889
-0.000237696
-0.000236507
-0.000235325
-0.000234148
-0.000232978
-0.000231813
-0.000230654
-0.000229501
-0.000228353
-0.000227211
-0.000226075
-0.000224945
-0.00022382
-0.000222701
-0.000221588
-0.00022048
-0.000219378
-0.000218281
-0.00021719
-0.000216104
-0.000215023
-0.000213948
-0.000212879
-0.000211814
-0.000210755
-0.000209701
-0.000208653
-0.00020761
-0.000206572
-0.000205539
-0.000204511
-0.000203489
-0.000202471
-0.000201459
-0.000200452
-0.00019945
-0.000198452
-0.00019746
-0.000196473
-0.00019549
-0.000194513
-0.000193541
-0.000192573
-0.00019161
-0.000190652
-0.000189699
-0.00018875
-0.000187807
-0.000186868
-0.000185933
-0.000185004
-0.000184079
-0.000183159
-0.000182243
-0.000181332
-0.000180425
-0.000179523
-0.000178625
-0.000177732
-0.000176844
-0.00017596
-0.00017508
-0.000174204
-0.000173334
-0.000172467
-0.000171605
-0.000170747
-0.000169893
-0.000169044
-0.000168198
-0.000167357
-0.000166521
-0.000165688
-0.00016486
-0.000164036
-0.000163215
-0.000162399
-0.000161588
-0.00016078
-0.000159976
-0.000159176
-0.00015838
-0.000157588
-0.0001568
-0.000156017
-0.000155237
-0.00015446
-0.000153688
-0.00015292
-0.000152155
-0.000151395
-0.000150638
-0.000149885
-0.000149135
-0.00014839
-0.000147648
-0.00014691
-0.000146175
-0.000145444
-0.000144717
-0.000143994
-0.000143274
-0.000142557
-0.000141845
-0.000141136
-0.00014043
-0.000139728
-0.000139029
-0.000138334
-0.000137643
-0.000136954
-0.00013627
-0.000135588
-0.000134911
-0.000134236
-0.000133565
-0.000132897
-0.000132233
-0.000131572
-0.000130914
-0.000130259
-0.000129608
-0.00012896
-0.000128316
-0.000127674
-0.000127036
-0.000126401
-0.000125769
-0.00012514
-0.000124514
-0.000123892
-0.000123272
-0.000122656
-0.000122043
-0.000121433
-0.000120826
-0.000120222
-0.000119621
-0.000119022
-0.000118427
-0.000117835
-0.000117246
-0.00011666
-0.000116077
-0.000115497
-0.000114919
-0.000114345
-0.000113773
-0.000113204
-0.000112638
-0.000112075
-0.000111515
-0.000110957
-0.000110403
-0.000109851
-0.000109301
-0.000108755
-0.000108211
-0.00010767
-0.000107132
-0.000106596
-0.000106063
-0.000105533
-0.000105006
-0.000104481
-0.000103958
-0.000103439
-0.000102921
-0.000102407
-0.000101895
-0.000101386
-0.000100879
-0.000100374
-9.98725e-05
-9.93732e-05
-9.88764e-05
-9.83821e-05
-9.78902e-05
-9.74008e-05
-9.69139e-05
-9.64294e-05
-9.59473e-05
-9.54676e-05
-9.49903e-05
-9.45154e-05
-9.40429e-05
-9.35728e-05
-9.3105e-05
-9.26395e-05
-9.21772e-05
-9.1717e-05
-9.12587e-05
-9.08023e-05
-9.03481e-05
-8.98961e-05
-8.94465e-05
-8.89991e-05
-8.8554e-05
-8.81112e-05
-8.76706e-05
-8.72321e-05
-8.67959e-05
-8.63618e-05
-8.59301e-05
-8.55005e-05
-8.5073e-05
-8.46477e-05
-8.42246e-05
-8.38035e-05
-8.33846e-05
-8.29677e-05
-8.25529e-05
-8.21402e-05
-8.17296e-05
-8.1321e-05
-8.09145e-05
-8.05099e-05
-8.01074e-05
-7.9707e-05
-7.93085e-05
-7.8912e-05
-7.85175e-05
-7.81249e-05
-7.77344e-05
-7.73457e-05
-7.69591e-05
-7.65743e-05
-7.61915e-05
-7.58106e-05
-7.54316e-05
-7.50545e-05
-7.46792e-05
-7.43059e-05
-7.39344e-05
-7.35648e-05
-7.3197e-05
-7.28311e-05
-7.2467e-05
-7.21047e-05
-7.17442e-05
-7.13855e-05
-7.10286e-05
-7.06735e-05
-7.03202e-05
-6.99687e-05
-6.96189e-05
-6.92708e-05
-6.89245e-05
-6.85799e-05
-6.82371e-05
-6.78959e-05
-6.75565e-05
-6.72187e-05
-6.68827e-05
-6.65483e-05
-6.62156e-05
-6.58846e-05
-6.55552e-05
-6.52274e-05
-6.49013e-05
-6.45769e-05
-6.4254e-05
-6.39328e-05
-6.36132e-05
-6.32951e-05
-6.29787e-05
-6.26638e-05
-6.23505e-05
-6.20388e-05
-6.17287e-05
-6.14201e-05
-6.1113e-05
-6.08074e-05
-6.05034e-05
-6.0201e-05
-5.99e-05
-5.96005e-05
-5.93025e-05
-5.90061e-05
-5.87111e-05
-5.84175e-05
-5.81255e-05
-5.78349e-05
-5.75457e-05
-5.7258e-05
-5.69718e-05
-5.66869e-05
-5.64035e-05
-5.61216e-05
-5.5841e-05
-5.55618e-05
-5.5284e-05
-5.50076e-05
-5.47326e-05
-5.4459e-05
-5.41867e-05
-5.39158e-05
-5.36463e-05
-5.33781e-05
-5.31112e-05
-5.28457e-05
-5.25815e-05
-5.23186e-05
-5.2057e-05
-5.17968e-05
-5.15378e-05
-5.12802e-05
-5.10238e-05
-5.07687e-05
-5.05149e-05
-5.02623e-05
-5.0011e-05
-4.9761e-05
-4.95122e-05
-4.92647e-05
-4.90184e-05
-4.87733e-05
-4.85295e-05
-4.82868e-05
-4.80454e-05
-4.78052e-05
-4.75662e-05
-4.73284e-05
-4.70918e-05
-4.68564e-05
-4.66221e-05
-4.6389e-05
-4.61571e-05
-4.59263e-05
-4.56967e-05
-4.54682e-05
-4.52409e-05
-4.50147e-05
-4.47897e-05
-4.45658e-05
-4.43429e-05
-4.41213e-05
-4.39007e-05
-4.36812e-05
-4.34628e-05
-4.32455e-05
-4.30293e-05
-4.28142e-05
-4.26001e-05
-4.23871e-05
-4.21752e-05
-4.19643e-05
-4.17545e-05
-4.15458e-05
-4.13381e-05
-4.11314e-05
-4.09258e-05
-4.07211e-05
-4.05176e-05
-4.0315e-05
-4.01134e-05
-3.99129e-05
-3.97133e-05
-3.95148e-05
-3.93172e-05
-3.91206e-05
-3.89251e-05
-3.87304e-05
-3.85368e-05
-3.83441e-05
-3.81524e-05
-3.79617e-05
-3.77719e-05
-3.7583e-05
-3.73951e-05
-3.72082e-05
-3.70222e-05
-3.68371e-05
-3.66529e-05
-3.64696e-05
-3.62873e-05
-3.61059e-05
-3.59254e-05
-3.57457e-05
-3.5567e-05
-3.53892e-05
-3.52123e-05
-3.50362e-05
-3.48611e-05
-3.46868e-05
-3.45133e-05
-3.43434e-05
-3.41694e-05
-3.39983e-05
-3.38281e-05
-3.36589e-05
-3.34906e-05
-3.33232e-05
-3.31565e-05
-3.29908e-05
-3.28258e-05
-3.26617e-05
-3.24983e-05
-3.23358e-05
-3.21741e-05
-3.20133e-05
-3.18532e-05
-3.16939e-05
-3.15355e-05
-3.13778e-05
-3.1221e-05
-3.10649e-05
-3.09096e-05
-3.07551e-05
-3.06014e-05
-3.04484e-05
-3.02962e-05
-3.01448e-05
-2.99941e-05
-2.98442e-05
-2.9695e-05
-2.95466e-05
-2.93989e-05
-2.92519e-05
-2.91057e-05
-2.89602e-05
-2.88155e-05
-2.86714e-05
-2.85281e-05
-2.83855e-05
-2.82436e-05
-2.81024e-05
-2.79619e-05
-2.78222e-05
-2.76831e-05
-2.75447e-05
-2.7407e-05
-2.727e-05
-2.71337e-05
-2.6998e-05
-2.68631e-05
-2.67288e-05
-2.65952e-05
-2.64622e-05
-2.63299e-05
-2.61983e-05
-2.60673e-05
-2.5937e-05
-2.58074e-05
-2.56783e-05
-2.555e-05
-2.54223e-05
-2.52952e-05
-2.51687e-05
-2.50429e-05
-2.49177e-05
-2.47931e-05
-2.46692e-05
-2.45459e-05
-2.44232e-05
-2.43011e-05
-2.41796e-05
-2.40587e-05
-2.39385e-05
-2.38188e-05
-2.36997e-05
-2.35813e-05
-2.34634e-05
-2.33461e-05
-2.32294e-05
-2.31132e-05
-2.29977e-05
-2.28827e-05
-2.27683e-05
-2.26545e-05
-2.25413e-05
-2.24286e-05
-2.23165e-05
-2.22049e-05
-2.20939e-05
-2.19834e-05
-2.18736e-05
-2.17642e-05
-2.16554e-05
-2.15471e-05
-2.14394e-05
-2.13322e-05
-2.12256e-05
-2.11195e-05
-2.10139e-05
-2.09089e-05
-2.08043e-05
-2.07003e-05
-2.05968e-05
-2.04939e-05
-2.03914e-05
-2.02895e-05
-2.0188e-05
-2.00871e-05
-1.99867e-05
-1.98868e-05
-1.97874e-05
-1.96884e-05
-1.959e-05
-1.94921e-05
-1.93946e-05
-1.92977e-05
-1.92012e-05
-1.91052e-05
-1.90097e-05
-1.89146e-05
-1.88201e-05
-1.8726e-05
-1.86324e-05
-1.85392e-05
-1.84466e-05
-1.83543e-05
-1.82626e-05
-1.81713e-05
-1.80804e-05
-1.799e-05
-1.79001e-05
-1.78106e-05
-1.77216e-05
-1.7633e-05
-1.75448e-05
-1.74571e-05
-1.73698e-05
-1.7283e-05
-1.71966e-05
-1.71106e-05
-1.70251e-05
-1.694e-05
-1.68553e-05
-1.6771e-05
-1.66872e-05
-1.66037e-05
-1.65207e-05
-1.64381e-05
-1.6356e-05
-1.62742e-05
-1.61928e-05
-1.61119e-05
-1.60313e-05
-1.59512e-05
-1.58714e-05
-1.57921e-05
-1.57131e-05
-1.56346e-05
-1.55564e-05
-1.54787e-05
-1.54013e-05
-1.53243e-05
-1.52477e-05
-1.51714e-05
-1.50956e-05
-1.50201e-05
-1.4945e-05
-1.48703e-05
-1.4796e-05
-1.4722e-05
-1.46484e-05
-1.45752e-05
-1.45023e-05
-1.44298e-05
-1.43577e-05
-1.42859e-05
-1.42145e-05
-1.41434e-05
-1.40727e-05
-1.40024e-05
-1.39324e-05
-1.38627e-05
-1.37934e-05
-1.37245e-05
-1.36558e-05
-1.35876e-05
-1.35197e-05
-1.34521e-05
-1.33848e-05
-1.33179e-05
-1.32513e-05
-1.31851e-05
-1.31192e-05
-1.30536e-05
-1.29883e-05
-1.29234e-05
-1.28588e-05
-1.27945e-05
-1.27305e-05
-1.26669e-05
-1.26036e-05
-1.25406e-05
-1.24779e-05
-1.24155e-05
-1.23608e-05
-1.22964e-05
-1.22331e-05
-1.21707e-05
-1.21089e-05
-1.20483e-05
-1.1988e-05
-1.1928e-05
-1.18684e-05
-1.1809e-05
-1.17499e-05
-1.16911e-05
-1.16327e-05
-1.15745e-05
-1.15166e-05
-1.1459e-05
-1.14017e-05
-1.13447e-05
-1.12881e-05
-1.12316e-05
-1.11755e-05
-1.11196e-05
-1.1064e-05
-1.10087e-05
-1.09536e-05
-1.08988e-05
-1.08443e-05
-1.07901e-05
-1.07361e-05
-1.06824e-05
-1.0629e-05
-1.05758e-05
-1.0523e-05
-1.04704e-05
-1.04181e-05
-1.0366e-05
-1.03142e-05
-1.02626e-05
-1.02113e-05
-1.01603e-05
-1.01095e-05
-1.0059e-05
-1.00087e-05
-9.95871e-06
