194.21
68.7938
49.3016
36.7556
33.3573
20.7126
0.920799
6.65941
1.15861
0.941374
0.932843
0.931949
0.925112
0.920152
0.920958
4.38637
2.26166
1.85257
1.55997
1.44734
1.32559
1.26034
1.21381
1.21054
1.10979
1.11714
1.09153
1.03658
0.982301
1.031
0.980893
0.969322
0.974192
0.912617
0.913384
0.972137
0.911693
0.926047
0.92704
0.921878
0.913896
0.920359
0.910407
0.923483
0.917195
0.909773
0.914547
0.917314
0.914585
0.920315
0.920914
0.917506
0.917947
0.91572
0.920992
0.913511
0.915027
0.912245
0.912495
0.915208
0.919184
5.34433
0.924815
0.912702
0.911259
0.915524
0.911042
0.909845
0.917235
0.909149
0.921612
0.919907
0.929792
0.912336
0.917868
0.925826
0.912791
0.911931
0.913265
0.918773
0.917641
0.923313
0.917478
0.921803
0.921839
0.938088
0.921242
0.925778
0.9114
0.913151
0.912747
0.919873
0.914624
0.933103
0.912899
0.912587
0.909423
0.913398
0.920023
0.916738
0.918509
0.914953
0.923095
0.920467
0.925994
0.912455
0.914406
0.919438
0.919564
0.92066
0.91848
0.929141
0.944556
0.915005
0.91637
0.914458
0.91624
0.927906
0.916813
0.909117
0.922847
0.915576
0.916227
0.920451
0.930499
0.926065
0.917304
0.920046
0.924909
0.920445
0.920551
0.923393
0.916067
0.913687
0.923815
0.913332
0.912704
0.930141
0.927525
0.910895
0.914691
0.916759
0.924167
0.916818
0.921763
0.927307
0.918852
0.917991
0.922678
0.919422
0.92653
0.911703
0.927894
0.930588
0.935624
0.919808
0.916831
0.917184
0.916906
0.92092
0.924544
0.914483
0.92397
0.921732
0.939266
0.918603
0.912619
0.922917
0.918722
0.915685
0.91661
0.931313
0.924665
0.914131
0.911827
0.933019
0.930611
0.934733
0.913253
0.918326
0.923
0.912642
0.920704
0.918532
0.912772
0.90817
0.910308
0.901625
0.92112
0.929447
0.928418
0.905786
0.909055
0.913749
0.909728
0.908681
0.913608
0.905937
0.923293
0.922274
0.915755
0.921933
0.914714
0.923298
0.905464
0.918778
0.910238
0.918389
0.916548
0.914675
0.920588
0.911702
0.907383
0.90994
0.911031
0.909077
0.916215
0.929735
0.913705
0.904099
0.916601
0.910519
0.906398
0.912196
0.906699
0.909405
0.903245
0.901315
0.901836
0.913731
0.920508
0.908576
0.90851
0.91065
0.902632
0.909879
0.913333
0.910921
0.899382
0.921587
0.902197
0.902746
0.898423
0.926081
0.923701
0.907876
0.912409
0.905882
0.912501
0.903121
0.911634
0.906678
0.908333
0.905783
0.909397
0.909198
0.906324
0.911719
0.906478
0.898823
0.903186
0.907952
0.922066
0.901753
0.91134
0.902254
0.911261
0.919916
0.914421
0.91238
0.917662
0.907353
0.914954
0.903903
0.917841
0.90661
0.917093
0.905038
0.90588
0.915603
0.905523
0.907908
0.922099
0.928312
0.912533
0.916986
0.911089
0.907472
0.908964
0.905414
0.901948
0.917116
0.91102
0.899333
0.908022
0.908617
0.919555
0.902876
0.910695
0.909987
0.905758
0.911125
0.910993
0.912625
0.908853
0.902445
0.909813
0.906809
0.911947
0.918923
0.912812
0.90706
0.91491
0.910533
0.913162
0.901269
0.897843
0.905736
0.907071
0.914382
0.907001
0.912141
0.905742
0.902381
0.904969
0.916096
0.925147
0.905853
0.904398
0.903353
0.903925
0.909587
0.903999
0.902124
0.900736
0.90425
0.914595
0.931634
0.915694
0.903629
0.916621
0.922472
0.926704
0.914361
0.905976
0.914579
0.906578
0.913596
0.900674
0.914691
0.923556
0.91089
0.900577
0.911355
0.904738
0.907539
0.902467
0.903852
0.907824
0.921728
0.893853
0.900706
0.901305
0.89812
0.910334
0.901647
0.89741
0.900627
0.908415
0.902485
0.913075
0.917108
0.89963
0.897691
0.897822
0.903515
0.900784
0.90014
0.90476
0.90032
0.906447
0.897392
0.904495
0.906637
0.899413
0.890886
0.893115
0.897695
0.893756
0.895416
0.894372
0.889411
0.891808
0.890572
0.891929
0.891706
0.892221
0.895936
0.89326
0.896221
0.891518
0.904512
0.908861
0.916105
0.902786
0.887854
0.895784
0.897326
0.893445
0.895335
0.910429
0.895398
0.89041
0.893846
0.846449
0.838687
0.864156
0.83515
0.849423
0.849155
0.835262
0.841898
0.831867
0.839797
0.836782
0.837574
0.844986
0.837368
0.836808
0.841298
0.846445
0.843318
0.82944
0.839892
0.833557
0.843477
0.839069
0.839663
0.833075
0.851057
0.854817
0.837001
0.84362
0.840823
0.831342
0.836396
0.842664
0.859088
0.857127
0.861026
0.857185
0.856683
0.861703
0.857491
0.857348
0.861283
0.858263
0.857668
0.865451
0.875713
0.85716
0.860767
0.857385
0.84776
0.83943
0.844108
0.83476
0.83251
0.833783
0.834803
0.830541
0.833882
0.8454
0.857538
0.832349
0.840853
0.835553
0.833825
0.841507
0.832491
0.833274
0.845097
0.838603
0.844911
0.834107
0.840124
0.842187
0.848004
0.849261
0.84305
0.837583
0.840795
0.834569
0.853548
0.836409
0.834226
0.840841
0.846108
0.836687
0.836699
0.833246
0.850771
0.842521
0.831857
0.840626
0.832701
0.844158
0.840173
0.843213
0.836781
0.834586
0.832158
0.837576
0.831966
0.830902
0.830473
0.831701
0.84547
0.838252
0.838549
0.857409
0.831436
0.836446
0.832356
0.850691
0.83589
0.836838
0.841388
0.838815
0.842151
0.838121
0.83233
0.841527
0.839386
0.84157
0.838749
0.837821
0.847717
0.858158
0.841087
0.841847
0.833935
0.84836
0.841229
0.839277
0.839025
0.833963
0.843547
0.839228
0.83858
0.838118
0.827802
0.84482
0.841566
0.842239
0.838879
0.853127
0.839398
0.831732
0.831442
0.828141
0.833725
0.837391
0.845459
0.846834
0.828242
0.833498
0.836443
0.832583
0.837589
0.838276
0.832739
0.827298
0.831852
0.821823
0.832247
0.827805
0.816967
0.824285
0.82822
0.824636
0.824964
0.822341
0.820065
0.824336
0.819868
0.821734
0.82337
0.830577
0.825926
0.82783
0.83188
0.82219
0.820238
0.837419
0.823123
0.833735
0.830926
0.824956
0.824483
0.829322
0.82372
0.828463
0.865008
0.834542
0.834443
0.82337
0.824856
0.830496
0.820495
0.82527
0.827954
0.819177
0.832374
0.828958
0.821519
0.824947
0.830578
0.84079
0.826139
0.841561
0.82464
0.833543
0.822034
0.821913
0.828421
0.827275
0.827824
0.828139
0.831558
0.821474
0.843386
0.844082
0.831592
0.827031
0.824995
0.822152
0.821597
0.831314
0.834368
0.826315
0.823461
0.826129
0.828717
0.827839
0.826842
0.816653
0.82899
0.818777
0.828249
0.835654
0.82082
0.833258
0.826728
0.82879
0.833316
0.825156
0.832397
0.829883
0.830523
0.830856
0.844704
0.821366
0.828973
0.823134
0.833418
0.822324
0.833246
0.828049
0.835524
0.82942
0.828633
0.823715
0.831333
0.825958
0.828907
0.848804
0.81888
0.824625
0.822512
0.8212
0.822963
0.828285
0.830258
0.82444
0.829466
0.821951
0.822496
0.822789
0.824868
0.840513
0.826191
0.835352
0.84263
0.833403
0.827169
0.833729
0.830192
0.839638
0.840844
0.832938
0.82905
0.834382
0.824324
0.82851
0.82645
0.824258
0.828443
0.825017
0.830779
0.831002
0.823254
0.829559
0.832552
0.820808
0.839288
0.828107
0.825042
0.822828
0.826083
0.831521
0.824808
0.844606
0.845705
0.834642
0.829574
0.82836
0.823243
0.818816
0.830275
0.828255
0.826316
0.819052
0.832718
0.838086
0.822209
0.832457
0.829307
0.827456
0.827618
0.823411
0.841652
0.824951
0.824153
0.821258
0.818242
0.818181
0.818673
0.817161
0.817879
0.820462
0.834693
0.82653
0.821961
0.821036
0.822959
0.82056
0.832679
0.822728
0.828868
0.8221
0.822477
0.8182
0.841421
0.828993
0.81722
0.813079
0.815997
0.812816
0.820222
0.819478
0.815272
0.811322
0.821346
0.819155
0.813887
0.813126
0.813988
0.81355
0.816216
0.817682
0.824724
0.827349
0.810191
0.813718
0.811751
0.81461
0.813549
0.816544
0.8088
0.82191
0.815215
0.820646
0.81412
0.814423
0.81048
0.836359
0.815815
0.819902
0.8218
0.838585
0.825296
0.816923
0.826476
0.815807
0.816956
0.815636
0.818047
0.820734
0.813092
0.813101
0.814368
0.823608
0.813124
0.814811
0.829981
0.815103
0.814929
0.829466
0.827415
0.812029
0.819508
0.816404
0.816244
0.821005
0.819358
0.817973
0.814438
0.815072
0.8114
0.811327
0.819695
0.820825
0.856679
0.82924
0.819109
0.81866
0.816896
0.818501
0.810536
0.820477
0.814128
0.814974
0.813288
0.813047
0.820146
0.815828
0.81833
0.817573
0.819673
0.80905
0.819858
0.814542
0.809071
0.826245
0.823087
0.829173
0.819513
0.80838
0.818999
0.81667
0.806929
0.820677
0.816432
0.828421
0.825193
0.815987
0.812846
0.820521
0.814449
0.825998
0.812828
0.817804
0.816791
0.81955
0.811997
0.813917
0.815676
0.811758
0.821957
0.814998
0.826263
0.818656
0.817407
0.816826
0.817746
0.815103
0.816911
0.83883
0.81718
0.814979
0.815169
0.815762
0.8226
0.818377
0.807884
0.818563
0.813795
0.813092
0.816224
0.817338
0.813908
0.810518
0.811425
0.811687
0.816157
0.838017
0.835285
0.817601
0.81546
0.800065
0.80936
0.818329
0.809324
0.804708
0.808271
0.817205
0.812997
0.80919
0.81074
0.805002
0.809517
0.808709
0.809678
0.807032
0.817802
0.812502
0.822189
0.807961
0.808586
0.805822
0.825264
0.812333
0.814552
0.806181
0.814742
0.808682
0.816747
0.806883
0.813856
0.814796
0.816383
0.80671
0.810104
0.803059
0.817195
0.800114
0.800553
0.813029
0.807064
0.808657
0.80118
0.81176
0.813077
0.802763
0.834889
0.807717
0.801133
0.803306
0.806292
0.80061
0.805857
0.801531
0.806957
0.81788
0.810734
0.808751
0.799039
0.801753
0.810115
0.820657
0.824544
0.82421
0.834961
0.801474
0.803112
0.816882
0.823099
0.811375
0.807562
0.802573
0.805738
0.802163
0.805622
0.810919
0.823505
0.816698
0.808306
0.809881
0.798459
0.811653
0.802254
0.804994
0.815246
0.798052
0.808259
0.806318
0.809518
0.806969
0.804281
0.80506
0.801399
0.811434
0.803852
0.804907
0.816474
0.798942
0.816593
0.80456
0.801119
0.803063
0.806305
0.805284
0.800232
0.8135
0.843866
0.820607
0.805656
0.805462
0.80187
0.812866
0.803464
0.812595
0.818781
0.811466
0.81905
0.816359
0.807812
0.807096
0.818551
0.801057
0.804891
0.805989
0.802919
0.807317
0.80735
0.816914
0.817422
0.819539
0.817036
0.83146
0.812567
0.802314
0.810903
0.821241
0.809425
0.808508
0.806808
0.812629
0.802718
0.804019
0.803147
0.795854
0.804406
0.803783
0.804942
0.811051
0.811683
0.810188
0.820944
0.800529
0.805087
0.804406
0.804508
0.803992
0.810347
0.810067
0.820449
0.812033
0.807852
0.804252
0.805169
0.804395
0.827853
0.82561
0.797912
0.796549
0.804421
0.800951
0.80499
0.799861
0.813111
0.819513
0.80153
0.807104
0.797776
0.802028
0.809454
0.797016
0.814933
0.803942
0.813348
0.797286
0.800948
0.801612
0.807241
0.804526
0.804476
0.801834
0.80291
0.800714
0.79924
0.800215
0.797049
0.821029
0.802139
0.796011
0.799503
0.794735
0.804667
0.799024
0.797267
0.814887
0.797098
0.802382
0.796691
0.798662
0.799504
0.794857
0.79973
0.790869
0.805995
0.809384
0.798512
0.790707
0.791464
0.790552
0.793003
0.796403
0.798627
0.79586
0.798351
0.795775
0.801233
0.797724
0.823399
0.795041
0.797108
0.814083
0.793183
0.798585
0.796394
0.789079
0.801236
0.798996
0.799136
0.803088
0.80226
0.812889
0.805657
0.803121
0.79711
0.789815
0.799648
0.794459
0.796951
0.794762
0.806646
0.792744
0.798112
0.798907
0.793541
0.801566
0.796105
0.801591
0.789204
0.795113
0.791154
0.796535
0.793034
0.799365
0.791308
0.794213
0.797902
0.817818
0.81366
0.805318
0.794246
0.797253
0.808321
0.798294
0.793749
0.793495
0.800065
0.806536
0.794309
0.793486
0.78888
0.794114
0.795022
0.788124
0.802921
0.789769
0.793202
0.791446
0.794777
0.805835
0.799038
0.796258
0.793907
0.800333
0.792884
0.798507
0.79474
0.794823
0.795273
0.79706
0.794171
0.818899
0.788833
0.792559
0.795538
0.793891
0.801042
0.812855
0.80461
0.792179
0.797259
0.79737
0.790276
0.793785
0.795193
0.824853
0.800418
0.799527
0.811918
0.794882
0.798539
0.79145
0.797657
0.793576
0.790744
0.796078
0.793665
0.797402
0.794669
0.794886
0.804464
0.798482
0.79915
0.820629
0.813934
0.796576
0.801699
0.789084
0.800139
0.795772
0.800492
0.789647
0.784272
0.788068
0.795362
0.78774
0.786371
0.790898
0.813553
0.793856
0.788983
0.79379
0.7998
0.788914
0.788845
0.799835
0.782605
0.786072
0.78622
0.785544
0.7994
0.789671
0.790492
0.787329
0.817951
0.791044
0.791245
0.797378
0.783633
0.795298
0.783652
0.788053
0.797558
0.783946
0.788024
0.799131
0.784578
0.799482
0.793633
0.810872
0.800434
0.795277
0.781892
0.788398
0.79937
0.791097
0.788439
0.792998
0.791817
0.792996
0.794996
0.791227
0.788674
0.786499
0.809719
0.786356
0.793656
0.797717
0.785578
0.787019
0.790225
0.779692
0.786418
0.789726
0.780928
0.780145
0.794605
0.782284
0.780035
0.802885
0.789055
0.783216
0.78042
0.782708
0.781959
0.778826
0.780295
0.785555
0.782754
0.797769
0.793814
0.789772
0.782466
0.790251
0.789403
0.788635
0.787562
0.781371
0.782555
0.789131
0.785564
0.790928
0.776696
0.77951
0.783301
0.788241
0.785225
0.77695
0.781942
0.788803
0.804905
0.803538
0.797231
0.796021
0.799997
0.790027
0.781948
0.786459
0.789986
0.78324
0.788465
0.787913
0.785712
0.78659
0.782352
0.780685
0.781284
0.783308
0.780802
0.782478
0.785252
0.794314
0.790769
0.803381
0.794344
0.7844
0.785803
0.786074
0.784684
0.779358
0.785599
0.779002
0.784879
0.778872
0.792059
0.780743
0.790366
0.783964
0.795237
0.794614
0.790835
0.790616
0.8029
0.781162
0.782952
0.783611
0.788865
0.780959
0.788877
0.793809
0.777597
0.783441
0.789715
0.78196
0.777822
0.790077
0.777736
0.783058
0.780645
0.780078
0.78044
0.783165
0.789708
0.779281
0.804598
0.787417
0.78279
0.792873
0.783606
0.789637
0.777698
0.777898
0.778549
0.784654
0.780114
0.785796
0.78451
0.791435
0.77831
0.787868
0.786501
0.781105
0.787256
0.786349
0.783079
0.777659
0.794736
0.789966
0.773013
0.781826
0.772456
0.782775
0.797138
0.789217
0.778181
0.78314
0.784271
0.7852
0.776965
0.783759
0.785645
0.779271
0.780312
0.775288
0.7764
0.784236
0.788062
0.796891
0.782421
0.774835
0.7879
0.783647
0.779417
0.777514
0.787755
0.779712
0.779145
0.790362
0.780953
0.785701
0.778765
0.805381
0.788041
0.790952
0.781768
0.77495
0.788145
0.790972
0.793981
0.783261
0.780143
0.776788
0.776888
0.772199
0.78034
0.782747
0.785513
0.780318
0.797453
0.772133
0.77822
0.782258
0.776211
0.777115
0.788263
0.778268
0.775373
0.778302
0.784585
0.781128
0.781448
0.775791
0.773643
0.778197
0.777182
0.777619
0.785374
0.803417
0.774645
0.775837
0.772057
0.777148
0.779724
0.77282
0.775387
0.76739
0.784128
0.775236
0.775914
0.768328
0.771608
0.775769
0.769926
0.766022
0.769719
0.800022
0.78453
0.792524
0.7786
0.772067
0.783074
0.773291
0.777376
0.772237
0.773587
0.772123
0.773412
0.775765
0.771681
0.77194
0.775758
0.774562
0.772665
0.772442
0.770482
0.780925
0.787451
0.774474
0.780026
0.768945
0.777747
0.797032
0.794063
0.794943
0.782156
0.766271
0.777051
0.775049
0.774282
0.794657
0.790956
0.779424
0.773433
0.77269
0.780146
0.77416
0.776368
0.768366
0.775567
0.76871
0.771434
0.775869
0.776314
0.777114
0.765591
0.775866
0.771174
0.782677
0.769304
0.771419
0.773952
0.792574
0.773968
0.769759
0.775704
0.781993
0.77741
0.766679
0.769164
0.775005
0.774901
0.773951
0.779298
0.77611
0.778512
0.776337
0.787241
0.788842
0.767722
0.771682
0.777568
0.764068
0.811641
0.784479
0.767582
0.777139
0.771647
0.771717
0.771369
0.777546
0.769865
0.775764
0.782708
0.770108
0.770346
0.775013
0.775278
0.769023
0.767906
0.772753
0.778693
0.770457
0.775576
0.79929
0.788722
0.770002
0.773326
0.786867
0.781319
0.769293
0.772404
0.772953
0.768503
0.769503
0.769896
0.767691
0.774991
0.770351
0.772715
0.771044
0.771608
0.75842
0.758333
0.767322
0.765775
0.764546
0.779628
0.770954
0.775903
0.772904
0.768506
0.771119
0.773166
0.791121
0.770144
0.772116
0.765022
0.769996
0.76398
0.790315
0.767729
0.770602
0.768828
0.779611
0.772505
0.770436
0.773046
0.768338
0.763486
0.778305
0.764005
0.762977
0.770134
0.765054
0.784324
0.765408
0.765673
0.76922
0.798187
0.765742
0.767802
0.76904
0.771841
0.766779
0.771712
0.76971
0.767608
0.764188
0.772028
0.778253
0.780196
0.765549
0.768801
0.780304
0.772181
0.772084
0.773851
0.764314
0.775328
0.772606
0.768348
0.775197
0.779467
0.768953
0.768706
0.770757
0.759515
0.773481
0.764403
0.758197
0.792548
0.763169
0.767222
0.755114
0.763733
0.76202
0.76235
0.762015
0.762412
0.75901
0.766575
0.776073
0.766745
0.768652
0.761035
0.764648
0.763867
0.78195
0.762476
0.771835
0.761546
0.765444
0.757784
0.770305
0.765399
0.759488
0.766708
0.773139
0.755426
0.769783
0.75703
0.765472
0.758332
0.782254
0.778874
0.763189
0.775631
0.762175
0.760463
0.755311
0.75838
0.761602
0.772062
0.778313
0.767538
0.758294
0.774453
0.763034
0.763703
0.7656
0.763312
0.76829
0.767724
0.762895
0.76956
0.767855
0.767251
0.765802
0.765658
0.774548
0.766095
0.762491
0.76534
0.759935
0.760534
0.763452
0.770724
0.762122
0.764843
0.760852
0.768283
0.758365
0.754899
0.770238
0.781628
0.768916
0.76701
0.776852
0.768762
0.761766
0.767265
0.761886
0.767163
0.759741
0.761574
0.77003
0.754482
0.772209
0.780413
0.774705
0.778228
0.765368
0.763596
0.767511
0.766123
0.765432
0.762143
0.759875
0.765708
0.758469
0.767667
0.753862
0.761451
0.768211
0.759291
0.762112
0.777078
0.75574
0.757723
0.760677
0.77429
0.772842
0.761032
0.763805
0.751655
0.755437
0.757563
0.762249
0.760499
0.759329
0.761546
0.759529
0.759891
0.759332
0.758739
0.751478
0.754558
0.759049
0.774662
0.769898
0.765727
0.761566
0.760452
0.762946
0.75732
0.766271
0.758538
0.767493
0.766305
0.759208
0.774788
0.759039
0.765652
0.756437
0.75729
0.757672
0.765365
0.76172
0.759123
0.759178
0.757687
0.758315
0.761237
0.783204
0.757161
0.758924
0.756396
0.763721
0.766861
0.767059
0.757595
0.765165
0.75246
0.756578
0.759684
0.76305
0.76244
0.753285
0.760799
0.780986
0.760128
0.751741
0.755711
0.759288
0.763146
0.756562
0.755545
0.763167
0.753291
0.759011
0.760552
0.749704
0.756458
0.753466
0.759216
0.758613
0.753383
0.766294
0.757759
0.769799
0.765341
0.753635
0.766752
0.757433
0.753408
0.75089
0.756878
0.753262
0.750259
0.754709
0.750045
0.766772
0.747086
0.752386
0.74965
0.750046
0.750271
0.759896
0.749265
0.752969
0.748579
0.75064
0.754479
0.748729
0.750948
0.749665
0.749848
0.770608
0.755339
0.757241
0.756707
0.747323
0.7516
0.750059
0.752138
0.760803
0.759662
0.749855
0.745158
0.750831
0.752869
0.74937
0.756708
0.770512
0.754687
0.756956
0.748215
0.74767
0.746437
0.751167
0.755468
0.746716
0.753799
0.748632
