0.727879
0.735134
0.705706
0.695166
0.688726
0.68864
0.675248
0.681931
0.682106
0.697715
0.688933
0.688383
0.681745
0.676916
0.676891
0.668245
0.675577
0.671688
0.679966
0.680909
0.676889
0.66977
0.681463
0.677129
0.692872
0.682894
0.67409
0.677487
0.681135
0.672178
0.679478
0.667964
0.673005
0.669324
0.670065
0.670696
0.668283
0.679804
0.673468
0.678315
0.670647
0.676526
0.666104
0.679825
0.672456
0.666095
0.671005
0.673868
0.669124
0.675316
0.676944
0.672905
0.674294
0.672059
0.676761
0.669781
0.669747
0.667877
0.668013
0.670857
0.674768
0.667536
0.671843
0.668189
0.66679
0.669739
0.665332
0.664723
0.672683
0.664575
0.677054
0.674818
0.669006
0.667757
0.672334
0.680572
0.668022
0.667009
0.668392
0.673875
0.672699
0.676976
0.672622
0.676677
0.676815
0.679727
0.675924
0.680754
0.666179
0.667984
0.66688
0.674337
0.669222
0.686492
0.667736
0.667261
0.663907
0.667731
0.673669
0.671088
0.67285
0.669428
0.675708
0.673291
0.680311
0.666528
0.668977
0.673724
0.673748
0.674698
0.672487
0.681215
0.680411
0.667768
0.67022
0.668383
0.669599
0.679918
0.670416
0.663325
0.675321
0.668142
0.669055
0.672831
0.684448
0.663569
0.670103
0.672408
0.677946
0.674317
0.673409
0.677192
0.670207
0.667856
0.677593
0.667314
0.666806
0.684071
0.668369
0.664807
0.668612
0.670912
0.678424
0.671021
0.675366
0.680975
0.672894
0.672042
0.676621
0.673255
0.680223
0.664697
0.681779
0.684185
0.688304
0.673499
0.670814
0.6713
0.670546
0.675009
0.678238
0.668198
0.677131
0.675523
0.67489
0.671311
0.66652
0.676138
0.672675
0.669277
0.670513
0.683895
0.678333
0.667475
0.665949
0.686195
0.68379
0.67125
0.666587
0.671972
0.676888
0.666441
0.6744
0.672177
0.6666
0.662047
0.663943
0.655552
0.674804
0.683042
0.670501
0.657762
0.662912
0.666204
0.663463
0.662605
0.666982
0.659924
0.677206
0.676031
0.669298
0.675809
0.668771
0.675415
0.659411
0.67075
0.664479
0.672124
0.668927
0.668321
0.674305
0.665427
0.661205
0.663649
0.664806
0.662577
0.666603
0.665642
0.666421
0.657784
0.670499
0.66431
0.659824
0.66446
0.66044
0.663331
0.656964
0.65539
0.655574
0.667549
0.658071
0.662401
0.66212
0.664315
0.656307
0.663468
0.666871
0.664632
0.65351
0.673986
0.656215
0.654944
0.652299
0.66745
0.676425
0.661748
0.666152
0.658152
0.666057
0.655826
0.665657
0.660442
0.66216
0.659359
0.662571
0.662983
0.658521
0.665299
0.660223
0.652698
0.656742
0.661271
0.676083
0.655705
0.664704
0.655805
0.664856
0.672465
0.667852
0.664267
0.653197
0.661026
0.667348
0.657416
0.671473
0.660096
0.670352
0.658558
0.658913
0.669806
0.65958
0.661602
0.675015
0.665862
0.666242
0.67012
0.664946
0.66051
0.662449
0.659298
0.65588
0.671033
0.664933
0.652884
0.661383
0.661545
0.662593
0.656758
0.664653
0.663783
0.659112
0.663908
0.66468
0.666543
0.662882
0.655455
0.663022
0.660886
0.665751
0.671024
0.666717
0.661049
0.666494
0.664247
0.665695
0.654816
0.651964
0.659468
0.660821
0.666536
0.66094
0.665983
0.659431
0.65612
0.657967
0.668565
0.660602
0.659718
0.658199
0.656731
0.657489
0.663376
0.656838
0.655888
0.654714
0.657788
0.668511
0.68545
0.668299
0.656634
0.670619
0.67385
0.665749
0.66441
0.659997
0.6684
0.660317
0.667482
0.654662
0.668607
0.676844
0.664177
0.654049
0.664373
0.658184
0.661169
0.656068
0.657636
0.661794
0.6641
0.647361
0.65474
0.654797
0.651963
0.664235
0.654163
0.651384
0.652965
0.662123
0.656464
0.665141
0.67109
0.653276
0.650001
0.649844
0.65737
0.653578
0.653959
0.65837
0.652759
0.660028
0.651423
0.658164
0.659935
0.653217
0.644474
0.64697
0.651188
0.647357
0.649288
0.647505
0.643034
0.645525
0.64437
0.645673
0.64586
0.644585
0.649805
0.646699
0.650048
0.645353
0.657984
0.659586
0.652377
0.656703
0.641919
0.649756
0.651105
0.6474
0.649305
0.66208
0.64914
0.644039
0.647877
0.656875
0.651642
0.658889
0.646376
0.660392
0.661014
0.648109
0.652339
0.643616
0.65259
0.649534
0.650155
0.656531
0.650427
0.649075
0.654143
0.65271
0.645757
0.642075
0.65267
0.646303
0.65644
0.651922
0.652472
0.644037
0.663947
0.666041
0.649809
0.655277
0.65368
0.643365
0.64804
0.655497
0.668844
0.670003
0.67382
0.668104
0.6695
0.674394
0.668379
0.67014
0.673954
0.668774
0.670619
0.678136
0.668335
0.670122
0.673492
0.668258
0.66053
0.651951
0.655008
0.64758
0.645423
0.646707
0.647077
0.64313
0.646496
0.657443
0.653928
0.645313
0.653154
0.64822
0.646742
0.653822
0.645285
0.645701
0.657571
0.651388
0.656227
0.646788
0.652909
0.653333
0.657059
0.65234
0.655833
0.650139
0.653227
0.647121
0.664192
0.648801
0.646502
0.652246
0.658996
0.649426
0.648974
0.645064
0.662936
0.654585
0.644534
0.652109
0.645575
0.655373
0.651385
0.655578
0.648891
0.646654
0.644579
0.650098
0.642749
0.643512
0.643387
0.64413
0.657548
0.650835
0.651017
0.651738
0.643563
0.648999
0.64373
0.663302
0.647058
0.649504
0.653913
0.651099
0.655114
0.650725
0.645031
0.653285
0.652209
0.654388
0.651487
0.650341
0.658726
0.654818
0.653831
0.65429
0.646573
0.659689
0.65319
0.651579
0.651237
0.646729
0.656112
0.65236
0.651187
0.64937
0.639905
0.655591
0.654187
0.654713
0.651587
0.654717
0.652193
0.644173
0.64382
0.640667
0.646184
0.650241
0.657097
0.659462
0.640713
0.64519
0.649186
0.64393
0.649979
0.65086
0.645475
0.639709
0.644575
0.634029
0.644482
0.640551
0.6297
0.63722
0.639093
0.637299
0.637615
0.635066
0.632522
0.636871
0.632355
0.634664
0.635876
0.642879
0.638804
0.639569
0.642822
0.634679
0.633234
0.648568
0.63574
0.64509
0.643494
0.637317
0.637315
0.641079
0.636165
0.640984
0.658236
0.646877
0.647146
0.636069
0.63776
0.643214
0.631582
0.637888
0.63878
0.630185
0.645245
0.640406
0.634081
0.637771
0.637386
0.64169
0.638875
0.654257
0.636729
0.645739
0.634769
0.633211
0.640051
0.639978
0.639553
0.639924
0.644094
0.634099
0.654521
0.645479
0.643378
0.639449
0.636223
0.63461
0.634152
0.643974
0.644956
0.639058
0.636459
0.638688
0.641305
0.640166
0.637884
0.628906
0.640176
0.630168
0.641268
0.646609
0.633585
0.64528
0.639087
0.641179
0.646495
0.636387
0.645255
0.641165
0.643313
0.643245
0.638905
0.634064
0.64157
0.636132
0.643998
0.635095
0.645562
0.640799
0.646372
0.640855
0.641534
0.636233
0.643975
0.638782
0.641331
0.645296
0.631632
0.637352
0.635091
0.633941
0.635939
0.64123
0.643008
0.637185
0.642136
0.634538
0.635356
0.635369
0.636242
0.641511
0.638193
0.64818
0.655229
0.646023
0.639584
0.646385
0.643047
0.652355
0.653605
0.645651
0.641876
0.6471
0.635612
0.639924
0.638004
0.636919
0.641029
0.637449
0.643545
0.643789
0.635826
0.641604
0.64501
0.633613
0.651559
0.640405
0.635834
0.635407
0.638421
0.644302
0.637685
0.654734
0.640105
0.647268
0.641511
0.641064
0.635933
0.631414
0.643013
0.640939
0.638569
0.63172
0.645162
0.649487
0.634737
0.644787
0.641856
0.640272
0.64042
0.635955
0.637581
0.63787
0.636364
0.633979
0.630864
0.630588
0.63163
0.629803
0.63
0.633172
0.646975
0.639202
0.63442
0.633821
0.635613
0.633182
0.643627
0.633349
0.634377
0.62646
0.634749
0.63027
0.652468
0.64079
0.62921
0.624201
0.628301
0.624903
0.633001
0.632492
0.628211
0.624224
0.632622
0.631471
0.626586
0.624653
0.626553
0.625188
0.628868
0.630228
0.637264
0.64015
0.622797
0.625652
0.624255
0.625763
0.626102
0.627294
0.621346
0.634247
0.627618
0.631838
0.626684
0.626699
0.623206
0.630388
0.628763
0.631265
0.633039
0.649937
0.636782
0.629809
0.639154
0.62833
0.629459
0.627446
0.630768
0.633626
0.625387
0.625734
0.626943
0.636176
0.625819
0.627464
0.626562
0.627854
0.626755
0.640636
0.639911
0.624765
0.632316
0.628985
0.629201
0.633537
0.630763
0.630487
0.627066
0.627384
0.624436
0.623873
0.63255
0.633619
0.652434
0.641629
0.63177
0.63056
0.629276
0.631161
0.623138
0.632963
0.626578
0.627966
0.626227
0.625522
0.632485
0.628655
0.630811
0.630623
0.632407
0.621811
0.631334
0.627531
0.621913
0.638293
0.63607
0.641898
0.631782
0.621086
0.631339
0.629325
0.619289
0.633353
0.628912
0.640534
0.637924
0.628582
0.625478
0.633439
0.627427
0.621061
0.624412
0.629924
0.629328
0.631453
0.624793
0.62559
0.626769
0.62459
0.63496
0.627629
0.638901
0.631478
0.630163
0.629564
0.630449
0.626897
0.629254
0.635396
0.629645
0.627896
0.6281
0.628436
0.635424
0.631088
0.620761
0.630491
0.626932
0.624352
0.62896
0.630134
0.626529
0.62312
0.624245
0.623942
0.629008
0.650251
0.638203
0.630158
0.628186
0.613114
0.621767
0.6296
0.620556
0.617509
0.620913
0.629605
0.625895
0.621969
0.623766
0.617767
0.621929
0.62149
0.620841
0.619462
0.629472
0.625167
0.634978
0.620519
0.621353
0.618458
0.63648
0.624489
0.627111
0.618958
0.6274
0.621725
0.627881
0.619158
0.626443
0.626658
0.627612
0.619284
0.622482
0.615914
0.630039
0.612982
0.613447
0.623713
0.617872
0.621721
0.613775
0.623967
0.626008
0.61577
0.629543
0.620491
0.613671
0.614304
0.617538
0.612544
0.618398
0.614052
0.619552
0.630474
0.622139
0.621059
0.611792
0.614324
0.622673
0.617433
0.637132
0.637201
0.643333
0.614146
0.615817
0.629607
0.634255
0.622009
0.62038
0.615323
0.618786
0.613788
0.618041
0.623776
0.623807
0.629774
0.619408
0.622282
0.61125
0.624295
0.615003
0.617319
0.627492
0.609296
0.621194
0.618968
0.622183
0.619964
0.615677
0.615027
0.613922
0.622407
0.616318
0.617454
0.628653
0.610934
0.629244
0.61708
0.613929
0.615434
0.618436
0.617841
0.61278
0.624645
0.63756
0.631314
0.617361
0.617665
0.614423
0.625512
0.616163
0.625269
0.631593
0.623586
0.631245
0.627567
0.620315
0.619621
0.61651
0.611307
0.617585
0.618405
0.615571
0.618129
0.619485
0.629221
0.629802
0.63184
0.629498
0.644158
0.624971
0.615014
0.623137
0.621987
0.621631
0.621082
0.619273
0.625573
0.614921
0.616355
0.615598
0.608486
0.616881
0.616183
0.617345
0.62321
0.623813
0.621472
0.625484
0.613193
0.617335
0.616968
0.617108
0.616232
0.621258
0.622642
0.632838
0.625025
0.62039
0.617104
0.617533
0.616545
0.639025
0.619537
0.610364
0.609411
0.617034
0.613535
0.617679
0.612639
0.625697
0.63168
0.614361
0.616444
0.61047
0.614243
0.620531
0.609274
0.611193
0.616014
0.625743
0.610233
0.613491
0.614368
0.61972
0.616994
0.617188
0.614114
0.615774
0.613019
0.611584
0.612106
0.60831
0.621392
0.613683
0.608604
0.611299
0.60712
0.617579
0.611742
0.60947
0.627088
0.609342
0.614532
0.60936
0.611161
0.608586
0.607845
0.612258
0.603544
0.618676
0.62229
0.611274
0.601452
0.603949
0.60356
0.605779
0.608496
0.611599
0.606885
0.61117
0.608323
0.613953
0.608705
0.635871
0.607907
0.607934
0.608326
0.605626
0.611593
0.608772
0.601768
0.613176
0.611342
0.611631
0.616061
0.614202
0.622929
0.618146
0.614349
0.609774
0.601125
0.612088
0.606724
0.608712
0.607607
0.603138
0.605337
0.610936
0.611242
0.606101
0.612603
0.608855
0.614087
0.601597
0.606981
0.603851
0.608765
0.605773
0.612066
0.604084
0.606969
0.610941
0.630296
0.625265
0.60606
0.606934
0.609766
0.621176
0.611122
0.606204
0.606066
0.612618
0.611063
0.606799
0.606232
0.601582
0.606245
0.605974
0.599211
0.615192
0.600947
0.605888
0.602966
0.606209
0.618408
0.611867
0.608785
0.606404
0.613018
0.605294
0.610928
0.606867
0.607533
0.607646
0.609083
0.607104
0.623478
0.601094
0.603509
0.607866
0.606322
0.612255
0.625604
0.615756
0.60345
0.61005
0.609792
0.603274
0.606184
0.607547
0.63739
0.613114
0.611644
0.606256
0.606812
0.611169
0.602565
0.610087
0.606176
0.603315
0.608442
0.606494
0.608421
0.607228
0.607562
0.609163
0.611567
0.611989
0.616919
0.625035
0.609509
0.614528
0.60195
0.612375
0.606526
0.613173
0.602144
0.595528
0.600419
0.608029
0.599521
0.599252
0.602255
0.60681
0.606347
0.600801
0.606579
0.612253
0.601763
0.601713
0.611811
0.595343
0.597433
0.599088
0.598202
0.611708
0.602293
0.602963
0.598485
0.630797
0.603802
0.604058
0.610209
0.59623
0.606736
0.596562
0.600866
0.609817
0.596442
0.600351
0.611795
0.597054
0.61041
0.602853
0.605865
0.613199
0.607408
0.594443
0.600948
0.611515
0.603574
0.600915
0.605854
0.604623
0.605806
0.606101
0.604019
0.601014
0.599287
0.605409
0.598186
0.606136
0.610201
0.598392
0.599394
0.600944
0.592579
0.597805
0.601251
0.592223
0.59264
0.600812
0.594739
0.592358
0.604721
0.60136
0.595808
0.593447
0.595023
0.592915
0.591015
0.593085
0.593637
0.595289
0.610437
0.604172
0.602481
0.594701
0.601222
0.601091
0.601307
0.598868
0.594102
0.595615
0.60192
0.598357
0.602031
0.589424
0.590918
0.596032
0.600177
0.597574
0.589501
0.593825
0.601191
0.616638
0.616343
0.60978
0.605131
0.596092
0.602873
0.594176
0.598975
0.601062
0.595521
0.600573
0.600157
0.598281
0.599168
0.595001
0.592113
0.593783
0.595654
0.59343
0.595277
0.598263
0.606189
0.601864
0.600062
0.606764
0.597152
0.597977
0.598886
0.596796
0.591891
0.597561
0.591647
0.597095
0.591405
0.604677
0.593496
0.60253
0.596647
0.607883
0.607527
0.602425
0.602825
0.603426
0.593173
0.595389
0.596349
0.60133
0.593633
0.601717
0.605946
0.590408
0.596425
0.602425
0.594265
0.590174
0.602435
0.59037
0.595784
0.593453
0.592854
0.593328
0.59547
0.602214
0.592003
0.614997
0.599907
0.595516
0.605666
0.596198
0.60205
0.590508
0.58901
0.591215
0.595799
0.592997
0.59841
0.597424
0.603209
0.591075
0.599046
0.598864
0.593805
0.600092
0.598963
0.595463
0.590654
0.599246
0.601661
0.584816
0.593668
0.585234
0.595765
0.591395
0.601434
0.590177
0.595295
0.597105
0.598044
0.589633
0.595135
0.597002
0.591567
0.592054
0.587836
0.589122
0.596954
0.601086
0.593618
0.594761
0.586569
0.599329
0.595606
0.591931
0.589157
0.600384
0.59214
0.591873
0.603252
0.593841
0.597683
0.591582
0.61654
0.595913
0.595221
0.594593
0.587644
0.601143
0.603244
0.606863
0.59549
0.592897
0.589186
0.589547
0.584825
0.592782
0.594828
0.596581
0.593056
0.60609
0.585038
0.5907
0.594535
0.588809
0.589482
0.600848
0.590956
0.588279
0.591283
0.595502
0.594145
0.592992
0.588663
0.586195
0.590938
0.589819
0.590376
0.589432
0.59776
0.587
0.588518
0.585017
0.589574
0.592452
0.584036
0.587769
0.580055
0.595603
0.588078
0.588464
0.580987
0.584082
0.588392
0.582082
0.57906
0.582247
0.612525
0.59571
0.588781
0.591711
0.584547
0.593516
0.586087
0.583824
0.584804
0.585246
0.584962
0.586254
0.588124
0.584573
0.583957
0.588519
0.582025
0.585005
0.583818
0.58266
0.592791
0.584983
0.587083
0.591778
0.581458
0.589205
0.609921
0.604408
0.606413
0.595069
0.578496
0.589568
0.58772
0.586609
0.60609
0.60328
0.590964
0.586337
0.585474
0.592801
0.585927
0.589129
0.579389
0.588341
0.581298
0.583355
0.588206
0.587432
0.590043
0.577871
0.588389
0.583909
0.59544
0.581568
0.583943
0.586217
0.605364
0.586436
0.580736
0.587011
0.593075
0.588673
0.578948
0.582221
0.587688
0.587029
0.586518
0.590458
0.587569
0.589772
0.58918
0.587069
0.59248
0.580396
0.584354
0.590381
0.577023
0.62452
0.589088
0.580688
0.589802
0.584431
0.584158
0.582386
0.590375
0.582398
0.588795
0.579268
0.582758
0.582868
0.586
0.5876
0.581357
0.580892
0.585511
0.591462
0.583213
0.588723
0.610972
0.601486
0.582287
0.584476
0.594504
0.584272
0.582039
0.584631
0.585339
0.581269
0.582421
0.582965
0.58032
0.587786
0.583245
0.58539
0.583769
0.584497
0.570962
0.571204
0.579311
0.57855
0.577005
0.589444
0.583205
0.587749
0.585597
0.581104
0.58372
0.58565
0.603921
0.583119
0.584814
0.578013
0.582519
0.576736
0.585086
0.580485
0.58329
0.579819
0.591928
0.585278
0.583348
0.585608
0.581147
0.574637
0.59072
0.576931
0.574021
0.582239
0.576202
0.580007
0.577874
0.578137
0.582031
0.610999
0.578402
0.580715
0.5817
0.58377
0.579368
0.582464
0.58235
0.580313
0.575912
0.584885
0.590821
0.580757
0.577824
0.581118
0.589113
0.584835
0.584525
0.586697
0.576982
0.588291
0.585412
0.581224
0.587468
0.591801
0.582019
0.580567
0.58315
0.571164
0.585948
0.576866
0.570615
0.599923
0.574612
0.57947
0.567967
0.576287
0.574047
0.573287
0.574784
0.574185
0.571805
0.577563
0.570026
0.57906
0.580735
0.573191
0.577536
0.576694
0.594443
0.574982
0.58436
0.574373
0.577857
0.569254
0.582128
0.577471
0.572361
0.579415
0.569463
0.568166
0.581947
0.569857
0.578673
0.571016
0.594242
0.591438
0.575824
0.585069
0.574491
0.573224
0.568101
0.570556
0.57463
0.584579
0.579737
0.579987
0.570898
0.586899
0.575769
0.576213
0.577777
0.575517
0.573078
0.580428
0.575307
0.582448
0.579021
0.579792
0.576913
0.577118
0.586103
0.577954
0.574873
0.576316
0.572655
0.573005
0.576465
0.582939
0.574724
0.576966
0.57346
0.579329
0.56972
0.567249
0.582697
0.574907
0.581627
0.579662
0.583153
0.58159
0.574493
0.579422
0.574535
0.580116
0.572145
0.574466
0.582672
0.566435
0.585209
0.591663
0.587598
0.573624
0.578153
0.576349
0.58032
0.578755
0.576278
0.575069
0.57273
0.578692
0.571119
0.580326
0.566511
0.573366
0.580084
0.572256
0.574821
0.579866
0.56875
0.57072
0.573414
0.587117
0.584177
0.57377
0.576489
0.564628
0.56794
0.570172
0.574929
0.5729
0.570681
0.572721
0.571839
0.570393
0.571977
0.569895
0.563691
0.566869
0.571699
0.58763
0.583045
0.57874
0.572918
0.573125
0.575514
0.570074
0.579341
0.570931
0.570939
0.567873
0.572009
0.586194
0.571672
0.576641
0.568984
0.569813
0.570294
0.576764
0.572992
0.571958
0.57132
0.570196
0.569206
0.574164
0.579402
0.569769
0.571683
0.568038
0.576021
0.579594
0.579867
0.570218
0.577542
0.564902
0.569321
0.5722
0.575581
0.574235
0.566125
0.573505
0.581625
0.572061
0.564359
0.568305
0.571574
0.575335
0.569114
0.567461
0.576027
0.565747
0.570844
0.57141
0.562444
0.568189
0.565715
0.571
0.570346
0.565446
0.578606
0.569934
0.582731
0.57658
0.56657
0.579247
0.570154
0.56578
0.563717
0.568514
0.565718
0.563003
0.567529
0.562678
0.560416
0.558128
0.565035
0.562215
0.562306
0.563076
0.572319
0.560792
0.563714
0.561258
0.563386
0.567396
0.561296
0.563164
0.562606
0.562597
0.566927
0.567822
0.568314
0.567922
0.559903
0.564327
0.562696
0.564957
0.571657
0.571568
0.562356
0.557865
0.56355
0.565562
0.562215
0.569191
0.57293
0.566444
0.568231
0.560938
0.560556
0.559136
0.562361
0.567476
0.559436
0.566302
0.561294
