4.28785
2.73417
2.30443
2.03727
1.70474
1.37568
1.08485
0.844225
0.652913
0.50417
0.389646
0.301502
-0.242034
-0.238917
-0.235987
-0.233226
-0.230616
-0.228142
-0.225791
-0.223553
-0.221416
-0.219374
-0.217417
-0.215539
-0.213734
-0.211997
-0.210323
-0.208708
-0.207148
-0.205639
-0.204179
-0.202764
-0.201393
-0.200062
-0.19877
-0.197514
-0.196293
-0.195105
-0.193949
-0.192824
-0.191727
-0.190657
-0.189615
-0.188598
-0.187605
-0.186636
-0.185717
-0.184842
-0.183983
-0.18314
-0.182312
-0.181501
-0.180705
-0.179923
-0.179157
-0.178405
-0.177667
-0.176943
-0.176232
-0.175534
-0.17485
-0.174177
-0.173517
-0.172868
-0.172231
-0.171605
-0.170989
-0.170384
-0.16979
-0.169204
-0.168629
-0.168063
-0.167505
-0.166957
-0.166418
-0.165887
-0.165364
-0.164848
-0.164339
-0.163837
-0.163342
-0.162853
-0.16237
-0.161893
-0.161422
-0.160956
-0.160495
-0.160039
-0.159589
-0.159143
-0.158702
-0.158265
-0.157831
-0.157402
-0.156975
-0.156552
-0.156133
-0.155716
-0.155301
-0.15489
-0.15448
-0.154073
-0.153668
-0.153265
-0.152864
-0.152464
-0.152065
-0.151668
-0.151272
-0.150877
-0.150483
-0.150089
-0.149696
-0.149303
-0.148911
-0.148518
-0.148126
-0.147734
-0.147341
-0.146968
-0.146613
-0.146278
-0.145962
-0.145665
-0.145386
-0.145125
-0.144879
-0.144648
-0.144432
-0.14423
-0.144042
-0.143868
-0.143706
-0.143553
-0.143411
-0.143267
-0.143118
-0.142963
-0.142802
-0.142636
-0.142465
-0.142288
-0.142105
-0.141916
-0.141723
-0.141523
-0.141318
-0.141107
-0.140891
-0.140668
-0.14044
-0.140207
-0.139967
-0.139722
-0.139471
-0.139214
-0.138952
-0.138684
-0.13841
-0.138131
-0.137845
-0.137553
-0.137256
-0.136952
-0.136643
-0.136327
-0.136005
-0.135678
-0.135344
-0.135003
-0.134657
-0.134305
-0.133946
-0.133581
-0.133209
-0.132832
-0.132448
-0.132058
-0.131661
-0.131259
-0.13085
-0.130434
-0.130012
-0.129584
-0.129149
-0.128708
-0.128261
-0.127807
-0.127347
-0.126881
-0.126408
-0.125929
-0.125443
-0.124951
-0.124453
-0.123949
-0.123438
-0.122921
-0.122398
-0.121869
-0.121334
-0.120792
-0.120245
-0.119691
-0.119132
-0.118566
-0.117995
-0.117418
-0.116835
-0.116246
-0.115652
-0.115052
-0.114447
-0.113836
-0.113219
-0.112598
-0.111971
-0.111339
-0.110702
-0.11006
-0.109413
-0.108761
-0.108105
-0.107444
-0.106778
-0.106108
-0.105434
-0.104757
-0.104075
-0.10339
-0.1027
-0.102007
-0.101311
-0.10061
-0.0999066
-0.0991995
-0.0984893
-0.0977759
-0.0970596
-0.0963405
-0.0956187
-0.0948942
-0.0941673
-0.0934381
-0.0927067
-0.0919732
-0.0912377
-0.0905004
-0.0898407
-0.0893201
-0.0887959
-0.0882679
-0.0877362
-0.087201
-0.0866621
-0.0861198
-0.085574
-0.0850249
-0.0844724
-0.0839167
-0.0833578
-0.0827958
-0.0822308
-0.0816628
-0.081092
-0.0805183
-0.079942
-0.079363
-0.0787815
-0.0781976
-0.0776113
-0.0770227
-0.0764321
-0.0758393
-0.0752447
-0.0746481
-0.0740498
-0.07345
-0.0728485
-0.0722456
-0.0716414
-0.0710361
-0.0704296
-0.0698221
-0.0692138
-0.0686047
-0.067995
-0.0673848
-0.0667741
-0.0661632
-0.0655521
-0.0649409
-0.0643305
-0.0637215
-0.0631122
-0.0625044
-0.0618959
-0.0612886
-0.060682
-0.0600756
-0.0594713
-0.0588668
-0.0582642
-0.0576627
-0.057062
-0.0564641
-0.0558663
-0.055271
-0.0546769
-0.0540858
-0.0534955
-0.0529079
-0.0523219
-0.0517394
-0.0511579
-0.0505797
-0.0500033
-0.0494308
-0.0488592
-0.0482923
-0.0477269
-0.0471653
-0.0466066
-0.0460504
-0.0454981
-0.0449485
-0.0444034
-0.0438597
-0.0433216
-0.0427855
-0.0422538
-0.0417251
-0.0412007
-0.0406795
-0.0401627
-0.0396491
-0.0391401
-0.0386349
-0.0381331
-0.0376354
-0.0371424
-0.0366534
-0.0361679
-0.0356866
-0.0352102
-0.0347373
-0.0342693
-0.0338049
-0.0333455
-0.0328896
-0.0324382
-0.0319917
-0.0315489
-0.0311111
-0.0306764
-0.0302481
-0.029822
-0.0294018
-0.0289852
-0.0285731
-0.028166
-0.027762
-0.0273644
-0.0269684
-0.0265802
-0.0261923
-0.0258129
-0.0254343
-0.0250628
-0.0246935
-0.02433
-0.0239694
-0.0236144
-0.0232629
-0.0229158
-0.0225728
-0.022234
-0.0218994
-0.0215696
-0.021242
-0.0209211
-0.0206022
-0.0202888
-0.0199774
-0.0196727
-0.0193698
-0.0190717
-0.0187775
-0.0184871
-0.0182006
-0.0179179
-0.0176383
-0.0173639
-0.0170918
-0.0168247
-0.01656
-0.0162996
-0.0160428
-0.0157889
-0.0155399
-0.0152929
-0.0150502
-0.0148109
-0.0145744
-0.0143425
-0.0141119
-0.0138873
-0.0136626
-0.0134446
-0.0132269
-0.0130152
-0.0128032
-0.0125977
-0.0123918
-0.012193
-0.0119925
-0.0117997
-0.0116056
-0.0114179
-0.0112296
-0.0110475
-0.0108648
-0.0106883
-0.0105116
-0.0103398
-0.0101685
-0.0100019
-0.00983578
-0.00967428
-0.00951324
-0.00935672
-0.00920059
-0.00904892
-0.00889818
-0.00874996
-0.00860464
-0.00846092
-0.00832014
-0.0081809
-0.00804394
-0.00791032
-0.0077769
-0.00764702
-0.00751843
-0.00739257
-0.00726805
-0.00714561
-0.00702571
-0.00690706
-0.00679101
-0.00667615
-0.00656322
-0.0064527
-0.0063433
-0.00623635
-0.00612988
-0.00602706
-0.00592331
-0.00582453
-0.00572401
-0.0056285
-0.00553061
-0.00543833
-0.00534472
-0.00525418
-0.00516378
-0.00507678
-0.00498923
-0.00490455
-0.00481991
-0.0047386
-0.00465665
-0.00457748
-0.00449887
-0.00442165
-0.0043463
-0.00427096
-0.00419879
-0.00412524
-0.00405618
-0.00398435
-0.00391773
-0.00384879
-0.00378378
-0.00371777
-0.0036543
-0.00359114
-0.00352914
-0.00346817
-0.0034088
-0.00334921
-0.00329253
-0.00323424
-0.00317958
-0.00312377
-0.00307033
-0.00301646
-0.00296483
-0.00291332
-0.00286279
-0.0028137
-0.00276421
-0.00271688
-0.0026696
-0.00262323
-0.00257763
-0.00253281
-0.00248875
-0.00244603
-0.00240281
-0.00236165
-0.00232045
-0.00228004
-0.00224033
-0.00220128
-0.00216349
-0.00212512
-0.00208872
-0.00205162
-0.00201648
-0.0019812
-0.00194662
-0.00191264
-0.00187923
-0.0018464
-0.00181413
-0.00178299
-0.00175118
-0.00172122
-0.00169104
-0.00166148
-0.00163242
-0.00160385
-0.00157578
-0.00154818
-0.00152107
-0.00149442
-0.00146824
-0.00144251
-0.00141722
-0.00139237
-0.00136796
-0.00134397
-0.00132039
-0.0012978
-0.00127496
-0.00125263
-0.00123066
-0.00120907
-0.00118785
-0.001167
-0.00114651
-0.00112637
-0.00110658
-0.00108714
-0.00106803
-0.00104926
-0.00103081
-0.00101269
-0.000994878
-0.000977381
-0.000960189
-0.000943297
-0.0009267
-0.000910394
-0.000894373
-0.000878631
-0.000863165
-0.000847969
-0.00083304
-0.000818371
-0.000804504
-0.000790267
-0.000776378
-0.000762722
-0.000749297
-0.000736101
-0.000723134
-0.000710392
-0.000697872
-0.000685571
-0.000673485
-0.000661609
-0.000649942
-0.000638479
-0.000627216
-0.000616151
-0.00060528
-0.000594599
-0.000584106
-0.000573798
-0.00056367
-0.00055372
-0.000543945
-0.000534342
-0.000524907
-0.000515638
-0.000506532
-0.000497586
-0.000488798
-0.000480163
-0.000471681
-0.000463347
-0.00045516
-0.000447117
-0.000439215
-0.000431452
-0.000423826
-0.000416334
-0.000408974
-0.000401743
-0.00039464
-0.000387661
-0.000380805
-0.00037407
-0.000367453
-0.000360953
-0.000354567
-0.00034879
-0.000342543
-0.000336503
-0.000330565
-0.000324724
-0.000318984
-0.000313343
-0.000307801
-0.000302355
-0.000297005
-0.000291748
-0.000286584
-0.000281511
-0.000276527
-0.000271631
-0.000266821
-0.000262095
-0.000257453
-0.000252893
-0.000248413
-0.000244012
-0.000239689
-0.000235442
-0.000231269
-0.000227171
-0.000223145
-0.00021919
-0.000215305
-0.000211488
-0.000207739
-0.000204056
-0.000200438
-0.000196883
-0.000193392
-0.000189962
-0.000186593
-0.000183284
-0.000180032
-0.000176839
-0.000173701
-0.000170619
-0.000167592
-0.000164618
-0.0001617
-0.00015884
-0.000156031
-0.000153271
-0.00015056
-0.000147897
-0.000145281
-0.000142711
-0.000140186
-0.000137706
-0.00013527
-0.000132877
-0.000130526
-0.000128216
-0.000125948
-0.000123719
-0.00012153
-0.000119379
-0.000117267
-0.000115192
-0.000113153
-0.00011115
-0.000109183
-0.000107251
-0.000105352
-0.000103488
-0.000101657
-9.98573e-05
-9.81284e-05
-9.67904e-05
-9.46923e-05
-9.34652e-05
-9.13733e-05
-9.01896e-05
-8.81686e-05
-8.69645e-05
-8.51746e-05
-8.36056e-05
-8.2134e-05
-8.06758e-05
-7.92419e-05
-7.78343e-05
-7.64515e-05
-7.50928e-05
-7.37581e-05
-7.24493e-05
-7.11661e-05
-6.99056e-05
-6.86674e-05
-6.74511e-05
-6.62562e-05
-6.50825e-05
-6.39295e-05
-6.27969e-05
-6.16844e-05
-6.05914e-05
-5.95179e-05
-5.84633e-05
-5.74273e-05
-5.64095e-05
-5.54099e-05
-5.44281e-05
-5.34638e-05
-5.25166e-05
-5.15859e-05
-5.06717e-05
-4.97737e-05
-4.88915e-05
-4.80249e-05
-4.71737e-05
-4.63376e-05
-4.55164e-05
-4.47097e-05
-4.39173e-05
-4.3139e-05
-4.23744e-05
-4.16233e-05
-4.08855e-05
-4.01608e-05
-3.94488e-05
-3.87495e-05
-3.80625e-05
-3.73877e-05
-3.67248e-05
-3.60737e-05
-3.5434e-05
-3.48058e-05
-3.41886e-05
-3.35824e-05
-3.29869e-05
-3.24019e-05
-3.18273e-05
-3.12629e-05
-3.07085e-05
-3.01639e-05
-2.96289e-05
-2.91035e-05
-2.85874e-05
-2.80805e-05
-2.75824e-05
-2.70931e-05
-2.66124e-05
-2.61403e-05
-2.56766e-05
-2.52211e-05
-2.4773e-05
-2.43337e-05
-2.39023e-05
-2.34786e-05
-2.30623e-05
-2.26533e-05
-2.22515e-05
-2.18567e-05
-2.14688e-05
-2.10879e-05
-2.07136e-05
-2.0346e-05
-1.99849e-05
-1.96303e-05
-1.92819e-05
-1.89397e-05
-1.86035e-05
-1.82733e-05
-1.7949e-05
-1.76305e-05
-1.73176e-05
-1.70103e-05
-1.67082e-05
-1.64114e-05
-1.61199e-05
-1.58336e-05
-1.55525e-05
-1.52763e-05
-1.50051e-05
-1.47386e-05
-1.44769e-05
-1.42198e-05
-1.39673e-05
-1.37192e-05
-1.34755e-05
-1.32361e-05
-1.30009e-05
-1.27699e-05
-1.2543e-05
-1.23201e-05
-1.21011e-05
-1.1886e-05
-1.16748e-05
-1.14673e-05
-1.12635e-05
-1.10633e-05
-1.08665e-05
-1.06733e-05
-1.04835e-05
-1.02971e-05
-1.01143e-05
-9.93494e-06
