2.49947
1.79519
1.44198
1.12508
0.818739
-0.70303
-0.660363
-0.625238
-0.595811
-0.57116
-0.561364
-0.550806
-0.53997
-0.529165
-0.518579
-0.508314
-0.498425
-0.488932
-0.47984
-0.471136
-0.462811
-0.45482
-0.447149
-0.439809
-0.432736
-0.425919
-0.419445
-0.412824
-0.406992
-0.401297
-0.395754
-0.390411
-0.385271
-0.380305
-0.375486
-0.370802
-0.366248
-0.361817
-0.357503
-0.353298
-0.349196
-0.34519
-0.341274
-0.337443
-0.333691
-0.330013
-0.326482
-0.323174
-0.319933
-0.316754
-0.313634
-0.310569
-0.307556
-0.304592
-0.301674
-0.2988
-0.295968
-0.293177
-0.290424
-0.287708
-0.28506
-0.282454
-0.279872
-0.277313
-0.274775
-0.272259
-0.269767
-0.267315
-0.264892
-0.262501
-0.260142
-0.257815
-0.25552
-0.253258
-0.25103
-0.248835
-0.246673
-0.244545
-0.242452
-0.240396
-0.238376
-0.236392
-0.234448
-0.232542
-0.230678
-0.228855
-0.227074
-0.225342
-0.223654
-0.222417
-0.221831
-0.221237
-0.220635
-0.220026
-0.219409
-0.218784
-0.218151
-0.217509
-0.21686
-0.216202
-0.215535
-0.21486
-0.214175
-0.213482
-0.21278
-0.212068
-0.211348
-0.210617
-0.209897
-0.209205
-0.208542
-0.207908
-0.207301
-0.206719
-0.20616
-0.205624
-0.20511
-0.204619
-0.204149
-0.203697
-0.20326
-0.202816
-0.202356
-0.20188
-0.201389
-0.200882
-0.20036
-0.199822
-0.199268
-0.198698
-0.198113
-0.197512
-0.196895
-0.196262
-0.195613
-0.194949
-0.194269
-0.193573
-0.192861
-0.192133
-0.191389
-0.19063
-0.189854
-0.189063
-0.188256
-0.187434
-0.186595
-0.185741
-0.184872
-0.183986
-0.183085
-0.182169
-0.181237
-0.18029
-0.179327
-0.178349
-0.177356
-0.176348
-0.175324
-0.174286
-0.173233
-0.172166
-0.171084
-0.169988
-0.168877
-0.167753
-0.166614
-0.165462
-0.164297
-0.163119
-0.161927
-0.160723
-0.159506
-0.158277
-0.157035
-0.155782
-0.154518
-0.153242
-0.151955
-0.150657
-0.149349
-0.148031
-0.146703
-0.145366
-0.144019
-0.142664
-0.1413
-0.139929
-0.13855
-0.137163
-0.13577
-0.13437
-0.132964
-0.131552
-0.130135
-0.128713
-0.127286
-0.125855
-0.124421
-0.122984
-0.121543
-0.120101
-0.118656
-0.11721
-0.115763
-0.114316
-0.112868
-0.11142
-0.109973
-0.108527
-0.107082
-0.10564
-0.1042
-0.102763
-0.101329
-0.0998984
-0.0984723
-0.0970508
-0.0956343
-0.0942232
-0.0928178
-0.0914187
-0.0900261
-0.0886404
-0.0872619
-0.0858911
-0.0845281
-0.0831735
-0.0818274
-0.0804903
-0.0791623
-0.0778439
-0.0765353
-0.0752368
-0.0739486
-0.0726711
-0.0714044
-0.0701489
-0.0689048
-0.0676723
-0.0664516
-0.0652429
-0.0640465
-0.0628624
-0.0616909
-0.0605321
-0.0593862
-0.0582533
-0.0571335
-0.056027
-0.0549338
-0.0538541
-0.0527879
-0.0517353
-0.0506964
-0.0496714
-0.0486602
-0.0476626
-0.0466786
-0.0457083
-0.0447519
-0.0438094
-0.0428809
-0.0419666
-0.0410671
-0.0401826
-0.0393145
-0.0384638
-0.0376309
-0.0368129
-0.0360099
-0.0352332
-0.0344764
-0.0337279
-0.0329826
-0.0322415
-0.0315076
-0.0307834
-0.0300706
-0.0293698
-0.0286814
-0.0280054
-0.0273418
-0.0266904
-0.0260511
-0.0254239
-0.0248085
-0.0242049
-0.0236129
-0.0230323
-0.0224632
-0.0219053
-0.0213679
-0.0208627
-0.0203672
-0.0198815
-0.0194054
-0.0189387
-0.0184813
-0.0180385
-0.0176064
-0.017183
-0.0167682
-0.0163617
-0.0159636
-0.0155737
-0.0151919
-0.0148179
-0.0144518
-0.0140958
-0.0137495
-0.0134105
-0.0130786
-0.0127538
-0.0124358
-0.0121246
-0.0118201
-0.0115222
-0.0112336
-0.0109516
-0.0106757
-0.0104058
-0.0101418
-0.0098835
-0.00963092
-0.0093839
-0.00914236
-0.00890619
-0.00867737
-0.0084546
-0.00823802
-0.00802626
-0.00781925
-0.00761688
-0.00743469
-0.00728979
-0.00714769
-0.00700846
-0.0068719
-0.00673794
-0.00660663
-0.00647774
-0.00635143
-0.00622741
-0.00610585
-0.00598652
-0.00586947
-0.00575466
-0.00564192
-0.00553143
-0.00542297
-0.00531647
-0.00521212
-0.00510966
-0.00500907
-0.00491045
-0.0048137
-0.00471871
-0.00462546
-0.00453409
-0.00444441
-0.00435638
-0.00426998
-0.00418525
-0.00410217
-0.00402062
-0.00394059
-0.00386205
-0.00378503
-0.00370953
-0.00363543
-0.00356273
-0.00349139
-0.00342139
-0.00335275
-0.00328548
-0.00321947
-0.00315472
-0.0030912
-0.00302888
-0.00296775
-0.00290779
-0.00284906
-0.00279145
-0.00273495
-0.00267954
-0.00262519
-0.00257188
-0.00251961
-0.00246834
-0.00241807
-0.00236883
-0.00232057
-0.00227324
-0.00222683
-0.00218132
-0.00213671
-0.00209297
-0.00205008
-0.00200804
-0.00196682
-0.00192642
-0.00188682
-0.00184805
-0.00181005
-0.0017728
-0.00173628
-0.00170049
-0.00166541
-0.00163103
-0.00159733
-0.00156432
-0.00153195
-0.00150024
-0.00146915
-0.0014387
-0.00140885
-0.00137961
-0.00135097
-0.00132293
-0.00129545
-0.00126853
-0.00124214
-0.0012163
-0.00119097
-0.00116616
-0.00114185
-0.00111804
-0.00109471
-0.00107185
-0.00104946
-0.00102753
-0.00100604
-0.00098499
-0.000964372
-0.000944173
-0.000924392
-0.000905012
-0.000886033
-0.00086745
-0.000849256
-0.000831449
-0.000813997
-0.00079691
-0.000780171
-0.000763782
-0.00074773
-0.000732005
-0.00071661
-0.000701529
-0.000686764
0.000677296
0.000671415
0.000665546
0.000659644
0.000653709
0.000647776
0.000641841
0.000635883
0.000629917
0.000623974
0.000618016
0.000612046
0.000606106
0.000600167
0.000594223
0.000588287
0.000582384
0.000576481
0.000570581
0.000564709
0.000558862
0.000553023
0.000547193
0.000541405
0.000535637
0.000529883
0.000524145
0.000518455
0.000512787
0.000507138
0.000501511
0.000495934
0.000490383
0.000484855
0.000479356
0.000473909
0.000468488
0.000463094
0.000457741
0.000452432
0.000447152
0.000441902
0.000436701
0.000431541
0.00042641
0.000421312
0.000416265
0.000411257
0.000406283
0.000401344
0.000396454
0.000391607
0.000386795
0.000382019
0.00037729
0.000372606
0.000367959
0.000363349
0.000358788
0.000354272
0.000349794
0.000345353
0.000340967
0.000336621
0.000332313
0.000328057
0.000323844
0.000319668
0.000315547
0.000311466
0.000307421
0.000303428
0.000299476
0.00029556
0.000291682
0.000287858
0.000284068
0.000280318
0.000276603
0.000272926
0.000269298
0.000265707
0.000262153
0.000258635
0.000255153
0.000251707
0.000248298
0.00024493
0.000241603
0.000238309
0.000235051
0.000231828
0.000228641
0.000225492
0.000222379
0.000219305
0.000216266
0.000213261
0.00021029
0.000207352
0.000204449
0.000201579
0.000198742
0.000195938
0.000193167
0.000190429
0.000187723
0.00018505
0.000182408
0.000179798
0.00017722
0.000174673
0.000172157
0.000169672
0.000167219
0.000164796
0.000162404
0.000160041
0.000157709
0.000155406
0.000153141
0.000150896
0.00014868
0.000146493
0.000144334
0.000142204
0.000140101
0.000138025
0.000135977
0.000133955
0.00013196
0.000129992
0.00012805
0.000126133
0.000124242
0.000122376
0.000120536
0.00011872
0.000116929
0.000115162
0.000113419
0.0001117
0.000110005
0.000108334
0.000106685
0.00010506
0.000103457
0.000101876
0.000100318
9.87814e-05
9.72665e-05
9.57731e-05
9.42992e-05
9.28485e-05
9.14182e-05
9.0008e-05
8.86173e-05
8.72467e-05
8.58957e-05
8.45641e-05
8.32514e-05
8.19577e-05
8.06826e-05
7.9426e-05
7.81876e-05
7.69671e-05
7.57643e-05
7.45961e-05
7.34258e-05
7.22734e-05
7.11385e-05
7.00206e-05
6.89191e-05
6.78338e-05
6.67645e-05
6.5711e-05
6.46731e-05
6.36504e-05
6.2643e-05
6.16506e-05
6.06728e-05
5.97097e-05
5.87609e-05
5.78263e-05
5.69058e-05
5.59991e-05
5.5106e-05
5.42265e-05
5.33601e-05
5.25069e-05
5.16667e-05
5.08393e-05
5.00245e-05
4.92217e-05
4.84316e-05
4.76534e-05
4.68876e-05
4.61333e-05
4.53906e-05
4.46594e-05
4.39395e-05
4.32307e-05
4.25328e-05
4.18457e-05
4.11693e-05
4.05033e-05
3.98477e-05
3.92022e-05
3.85668e-05
3.79412e-05
3.73254e-05
3.67192e-05
3.61225e-05
3.5535e-05
3.49567e-05
3.43875e-05
3.38272e-05
3.32756e-05
3.27327e-05
3.21983e-05
3.16723e-05
3.11546e-05
3.0645e-05
3.01435e-05
2.96498e-05
2.91639e-05
2.86857e-05
2.82164e-05
2.77522e-05
2.72957e-05
2.68467e-05
2.64051e-05
2.59706e-05
2.55431e-05
2.51225e-05
2.47085e-05
2.43011e-05
2.39004e-05
2.34177e-05
2.31509e-05
2.26646e-05
2.23985e-05
2.1925e-05
2.16657e-05
2.1207e-05
2.08809e-05
2.05441e-05
2.02076e-05
1.98747e-05
1.95465e-05
1.92231e-05
1.89048e-05
1.85914e-05
1.8283e-05
1.79795e-05
1.76809e-05
1.7387e-05
1.70978e-05
1.68133e-05
1.65333e-05
1.62579e-05
1.59868e-05
1.57202e-05
1.54578e-05
1.51997e-05
1.49458e-05
1.4696e-05
1.4451e-05
1.42096e-05
1.39719e-05
1.37379e-05
1.35076e-05
1.32811e-05
1.30583e-05
1.28391e-05
1.26236e-05
1.24115e-05
1.22031e-05
1.19981e-05
1.17963e-05
1.15977e-05
1.14025e-05
1.12105e-05
1.10217e-05
1.08361e-05
1.06535e-05
1.0474e-05
1.02974e-05
1.01238e-05
9.95296e-06
9.78497e-06
9.61975e-06
9.45726e-06
9.29744e-06
9.14027e-06
8.9857e-06
8.83369e-06
8.68419e-06
8.53718e-06
8.39261e-06
8.25043e-06
8.11062e-06
7.97313e-06
7.83793e-06
7.70373e-06
7.57365e-06
7.44567e-06
7.31962e-06
7.19547e-06
7.07323e-06
6.95296e-06
6.83465e-06
6.71831e-06
6.60392e-06
6.49146e-06
6.3809e-06
6.27193e-06
6.16501e-06
6.05992e-06
5.95659e-06
5.85502e-06
5.75517e-06
5.65702e-06
5.56054e-06
5.46571e-06
5.37248e-06
5.28082e-06
5.1907e-06
5.1021e-06
5.01499e-06
4.92934e-06
4.84512e-06
4.76233e-06
4.67993e-06
4.59979e-06
4.52105e-06
4.44382e-06
4.36787e-06
4.29319e-06
4.21976e-06
4.14756e-06
4.07658e-06
4.0068e-06
3.93818e-06
3.87072e-06
3.8044e-06
3.73919e-06
3.67507e-06
3.61204e-06
3.55007e-06
3.48915e-06
3.42926e-06
3.37038e-06
3.3125e-06
3.2556e-06
3.19966e-06
3.14468e-06
3.09062e-06
3.03749e-06
2.98526e-06
2.93525e-06
2.88374e-06
2.83324e-06
2.78408e-06
2.7362e-06
2.68935e-06
2.64334e-06
