0.770459
0.753074
0.753424
0.743191
0.736311
0.739372
0.730838
0.72168
0.728662
0.733642
0.726559
0.723727
0.727186
0.720532
0.771731
0.763808
0.753784
0.731655
0.731852
0.729067
0.719789
0.726889
0.74084
0.730059
0.719799
0.721255
0.721534
0.725135
0.726993
0.718561
0.716559
0.723155
0.725046
0.719101
0.733378
0.734001
0.726703
0.730109
0.727496
0.724126
0.721328
0.719182
0.718464
0.723698
0.715155
0.737145
0.73616
0.721041
0.722286
0.726525
0.729742
0.723889
0.727989
0.714582
0.720092
0.724535
0.725837
0.727732
0.717055
0.724023
0.720024
0.725773
0.726964
0.718923
0.72092
0.722441
0.725597
0.719397
0.733213
0.716423
0.728629
0.717377
0.734216
0.723203
0.729072
0.716684
0.725314
0.7348
0.720338
0.724741
0.718854
0.723796
0.719748
0.726404
0.723157
0.723699
0.733412
0.720587
0.72154
0.719461
0.721946
0.713932
0.724802
0.720356
0.727465
0.732447
0.723839
0.721812
0.718437
0.7215
0.718336
0.713281
0.713019
0.715547
0.717981
0.721577
0.722927
0.716907
0.71925
0.721544
0.724451
0.712752
0.716164
0.713792
0.721597
0.725059
0.716756
0.718473
0.718469
0.719801
0.719503
0.720429
0.717031
0.718405
0.715965
0.72426
0.717489
0.72097
0.74852
0.752634
0.721979
0.719907
0.712526
0.712395
0.715255
0.729137
0.709812
0.716293
0.716882
0.712885
0.717662
0.731655
0.713167
0.719739
0.717698
0.744197
0.741522
0.75893
0.706254
0.706999
0.716401
0.718697
0.717094
0.714428
0.725349
0.714299
0.71156
0.71519
0.723152
0.712122
0.711343
0.722883
0.707065
0.719873
0.719696
0.703142
0.706245
0.717054
0.706839
0.714667
0.712295
0.718996
0.703567
0.723889
0.719997
0.71166
0.718087
0.715087
0.709304
0.710174
0.712179
0.71689
0.708728
0.72704
0.709706
0.715294
0.716176
0.707711
0.709638
0.712973
0.720843
0.712157
0.717806
0.710515
0.714264
0.713316
0.704053
0.703066
0.712611
0.709775
0.710752
0.712206
0.717941
0.713526
0.712107
0.711372
0.718002
0.70904
0.713402
0.711889
0.717879
0.721774
0.710313
0.713731
0.71173
0.715995
0.710823
0.711584
0.70253
0.715794
0.7008
0.705722
0.705968
0.704541
0.703038
0.707401
0.704037
0.709636
0.704137
0.709573
0.712494
0.705072
0.707829
0.707272
0.704954
0.708863
0.711565
0.707968
0.707885
0.71246
0.702387
0.714994
0.708317
0.718557
0.720655
0.699382
0.710049
0.701795
0.720781
0.719435
0.704912
0.714312
0.711627
0.704416
0.704229
0.700581
0.711256
0.704474
0.706117
0.698436
0.700834
0.701768
0.703438
0.712542
0.703628
0.70526
0.706418
0.695319
0.709446
0.695251
0.714125
0.700138
0.696635
0.705846
0.69731
0.707261
0.704565
0.701399
0.700664
0.701281
0.704186
0.702872
0.704815
0.704149
0.706141
0.704186
0.716719
0.707879
0.695209
0.705047
0.706209
0.69943
0.697407
0.7
0.70166
0.704161
0.700958
0.706629
0.692666
0.691006
0.697453
0.704575
0.687654
0.687834
0.690513
0.692666
0.684713
0.688334
0.69489
0.69848
0.695314
0.686165
0.686152
0.697705
0.685614
0.679692
0.699752
0.692839
0.693673
0.690611
0.698254
0.696727
0.696182
0.685524
0.696942
0.691071
0.694612
0.693153
0.693204
0.688271
0.692947
0.695708
0.698768
0.701008
0.692454
0.689008
0.69242
0.688531
0.689732
0.693302
0.698977
0.68891
0.696404
0.690704
0.691017
0.678982
0.693414
0.685846
0.68791
0.690311
0.685269
0.69011
0.679867
0.68753
0.676291
0.681871
0.673096
0.688332
0.681823
0.687016
0.682857
0.691576
0.686064
0.677596
0.685681
0.681252
0.685617
0.680202
0.673917
0.681089
0.68252
0.683269
0.678825
0.676863
0.679273
0.681147
0.674714
0.673597
0.67409
0.678635
0.669805
0.673081
0.674001
0.67706
0.670565
0.672181
0.671163
0.669653
0.682849
0.679285
0.666358
0.671332
0.676271
0.675414
0.673894
0.676436
0.684406
0.683104
0.665811
0.673075
0.66418
0.682474
0.665888
0.673655
0.671545
0.674798
0.679102
0.664117
0.674054
0.666405
0.659966
0.672165
0.661364
0.67361
0.673981
0.663361
0.669415
0.681202
0.666746
0.664603
0.672153
0.664686
0.663745
0.658532
0.6648
0.667276
0.661834
0.668487
0.661522
0.662363
0.663012
0.669269
0.664326
0.664472
0.667588
0.660953
0.67307
0.663937
0.662482
0.662545
0.664566
0.667183
0.662456
0.657043
0.659097
0.657933
0.658092
0.652713
0.652744
0.658264
0.657208
0.66296
0.668113
0.656414
0.646844
0.652725
0.657326
0.656263
0.647089
0.653041
0.649358
0.644007
0.644042
0.647943
0.647898
0.650553
0.655647
0.654652
0.657637
0.649741
0.672288
0.651103
0.645306
0.649916
0.648139
0.642897
0.647757
0.648322
0.647926
0.642662
0.654966
0.643811
0.652309
0.647889
0.641302
0.650509
0.647958
0.646348
0.648056
0.649267
0.650251
0.640309
0.647903
0.651734
0.641817
0.634771
0.644964
0.636419
0.654123
0.640563
0.639426
0.638747
0.653243
0.657959
0.646644
0.647613
0.637691
0.632602
0.632867
0.644312
0.636716
0.625621
0.632142
0.641302
0.637586
0.637485
0.631347
0.646388
0.643822
0.634117
0.642312
0.64817
0.657641
0.642512
0.632965
0.633795
0.634357
0.636213
0.630564
0.640843
0.635945
0.64242
0.634408
0.634306
0.645475
0.628778
0.638483
0.62821
0.621394
0.634907
0.632792
0.624036
0.624043
0.619711
0.636583
0.625635
0.624823
0.636695
0.624939
0.628627
0.631336
0.625745
0.628278
0.622802
0.628575
0.623196
0.618523
0.625706
0.619981
0.62922
0.630521
0.634567
0.624764
0.628183
0.620618
0.624519
0.629786
0.622659
0.623695
0.611168
0.618873
0.614954
0.615287
0.619888
0.615397
0.613686
0.61474
0.613005
0.6108
0.609481
0.611038
0.613981
0.618664
0.613651
0.610591
0.612253
0.61675
0.61668
0.613884
0.6163
0.61079
0.618985
0.611411
0.619658
0.6115
0.618418
0.603013
0.615312
0.611887
0.606758
0.607895
0.616941
0.618546
0.610319
0.600677
0.614994
0.606954
0.602212
0.60244
0.606329
0.606993
0.600309
0.605949
0.605988
0.602029
0.607289
0.602654
0.613468
0.59667
0.60615
0.599901
0.599216
0.605393
0.609902
0.60836
0.60071
0.609038
0.597269
0.609595
0.601886
0.612712
0.598199
0.59998
0.610347
0.599296
0.597458
0.616409
0.597837
0.599031
0.603213
0.604215
0.607151
0.59801
0.627729
0.617265
0.594059
0.599374
0.590802
0.596549
0.588899
0.595158
0.58578
0.591102
0.590279
0.589813
0.594429
0.591094
0.599794
0.594281
0.600725
0.58937
0.601625
0.586924
0.588575
0.591828
0.590626
0.594145
0.593466
0.590423
0.592507
0.589495
0.59513
0.59014
0.588994
0.592124
0.590579
0.589443
0.595588
0.591957
0.591135
0.586446
0.586438
0.579789
0.589428
0.585233
0.584811
0.589897
0.586003
0.585827
0.579373
0.580211
0.575398
0.584134
0.580218
0.579629
0.584383
0.581135
0.585458
0.580237
0.580918
0.575934
0.58423
0.580255
0.579848
0.58517
0.580966
0.585739
0.580193
0.57958
0.576017
0.583838
0.579832
0.579749
0.583729
0.580692
0.586452
0.580177
0.581138
0.575378
0.579347
0.574071
0.573895
0.579625
0.576118
0.580868
0.574798
0.575648
0.57055
0.572515
0.569589
0.569128
0.57343
0.571084
0.57545
0.569197
0.568258
0.563711
0.574433
0.56842
0.568234
0.574359
0.572368
0.577263
0.56928
0.569598
0.564141
0.573108
0.569311
0.568764
0.573238
0.570665
0.575249
0.568706
0.569855
0.564991
0.573895
0.564245
0.565022
0.569241
0.564945
0.569253
0.563352
0.564381
0.558082
0.567646
0.563188
0.56344
0.564026
0.559835
0.564649
0.558382
0.559136
0.553131
0.562727
0.558196
0.557516
0.563499
0.559967
0.564488
0.558586
0.558367
0.552563
0.562447
0.557908
0.557744
0.558114
0.554151
0.55891
0.553059
0.554384
0.548488
0.556614
0.553589
0.551622
0.557376
0.554567
0.559325
0.5531
0.553513
0.548691
0.557056
0.552373
0.552027
0.557238
0.554528
0.561173
0.554309
0.553243
0.550537
0.55621
0.554073
0.552375
0.552157
0.543343
0.548701
0.541992
0.54282
0.537393
0.546984
