884.718
97.3948
177.587
29.4178
65.6458
55.1951
52.5608
48.4158
43.0763
38.2844
33.8529
29.8855
26.1282
22.6739
19.8686
18.4257
14.7021
12.4967
10.6036
8.85586
7.45701
6.08366
6.09861
6.851
6.90055
8.69598
11.5173
10.5941
31.6658
20.6305
20.1544
22.1738
23.669
23.597
22.5942
21.8132
21.2655
21.06
20.9468
20.8887
20.8256
20.9684
20.9501
21.1012
21.1275
21.3664
21.4224
21.6281
21.7822
22.0109
22.2198
22.3684
22.6377
22.8075
23.0851
23.3137
23.5176
23.7727
23.9916
24.2241
24.4471
24.6739
24.9512
25.144
25.3479
25.555
25.8001
25.9441
26.1375
26.3762
26.501
26.6771
26.8255
26.9532
27.068
27.2031
27.3034
27.3157
27.3727
27.3765
27.454
27.4306
27.4265
27.4269
27.4316
27.3263
27.231
27.21
27.0298
26.9704
26.8585
26.6921
26.5772
26.4007
26.2161
26.0791
25.9497
25.746
25.6308
25.4937
25.3775
25.1782
24.9967
24.8787
24.7217
24.6383
24.5034
24.3407
24.1753
24.0545
23.9488
23.7296
23.6283
23.5392
23.4198
23.3206
23.1786
23.0912
22.902
22.7196
22.5804
22.4024
22.2121
21.9798
21.8079
21.5365
21.3235
21.0406
21.9872
20.4094
20.1077
19.8479
19.4867
19.1906
18.8563
18.5132
18.1545
17.7503
17.4195
16.9859
16.6149
16.1519
16.1269
16.1917
16.2016
16.9569
16.7871
16.3209
16.2417
16.2084
16.1773
16.1601
16.1911
16.1897
16.1095
16.1248
16.0301
16.0718
16.0134
16.0024
15.9541
15.9581
15.8857
15.8998
15.8135
16.519
16.7339
17.1129
17.3246
17.6675
17.8405
18.0966
18.3315
18.5094
18.6773
18.8536
19.0005
19.1747
19.3136
19.4061
19.5594
19.6699
19.7464
19.8527
19.9309
20.0144
20.1316
20.1712
20.2031
20.2376
20.3593
20.3694
20.4075
20.3692
20.413
20.4756
20.4258
20.4575
20.4784
20.4643
20.473
20.3939
20.4002
20.4112
20.4121
20.3156
20.2685
20.3121
20.2485
20.2319
20.1549
20.1335
20.0548
19.9998
19.911
19.8568
19.856
19.7655
19.6706
19.6427
19.5694
19.4365
19.4132
19.3372
19.3015
19.155
19.0989
18.9819
18.9304
18.9158
18.7636
18.739
18.6185
18.53
18.4484
18.3882
18.2595
18.138
18.0866
17.9758
17.8993
17.8027
17.6886
17.6282
17.4938
17.3933
17.26
17.2094
17.1046
16.992
16.9244
16.8148
16.701
16.5438
16.4385
16.3693
16.2936
16.1602
16.0458
15.9801
15.8169
15.7641
15.6286
15.5355
15.4675
15.2964
15.2008
15.1039
15.0117
14.8779
14.8156
14.6443
14.5638
14.4682
14.3525
14.249
14.127
14.0421
13.8748
13.8357
13.7153
13.5963
13.5045
13.4383
13.2597
13.1803
13.0949
12.9693
12.8356
12.7841
12.6114
12.5471
12.4315
12.316
12.2125
12.1314
11.9731
11.9257
11.7875
11.6701
11.616
11.4559
11.3701
11.2477
11.1483
11.0902
10.8961
10.8636
10.7517
10.6766
10.5108
10.4403
10.3335
10.2866
10.084
10.0212
9.9439
9.86451
9.68694
9.69855
9.51076
9.46083
9.36069
9.2379
9.18352
9.04554
8.98499
8.82429
8.81396
8.64738
8.59409
8.47111
8.41794
8.31076
8.23783
8.12971
8.07407
7.94633
7.82788
7.7764
7.73287
7.59899
7.48623
7.43612
7.37203
7.242
7.19598
7.07457
7.01456
6.90019
6.84236
6.79933
6.6719
6.60835
6.49173
6.48967
6.31196
6.33144
6.20771
6.15678
6.09053
5.98519
5.98155
5.79919
5.85704
5.61998
5.74339
5.51197
5.56344
5.3838
5.39609
5.27858
5.27894
5.15983
5.1028
5.04191
4.97631
4.92351
4.8646
4.7553
4.79802
4.63569
4.62664
4.52025
4.57323
4.39916
4.39775
4.33437
4.29022
4.23396
4.16208
4.10824
4.11878
3.99291
3.99553
3.88255
3.89012
3.82848
3.75024
3.76221
3.63968
3.6562
3.58407
3.53215
3.52357
3.41913
3.47769
3.28973
3.41792
3.23249
3.28092
3.12627
3.22991
3.06599
3.18323
2.93683
3.12134
2.89943
3.00736
2.8258
2.95122
2.76837
2.88294
2.70238
2.76908
2.65467
2.70839
2.59828
2.65038
2.53289
2.58908
2.48193
2.53421
2.42224
2.42469
2.41542
2.36853
2.36161
2.3008
2.30287
2.30407
2.19043
2.24108
2.17964
2.1821
2.12427
2.12148
2.11812
2.05823
2.06552
2.00527
2.01109
2.01806
1.94614
1.93726
1.88732
1.94904
1.83172
1.93985
1.77039
1.88337
1.70301
1.87845
1.7087
1.76642
1.71231
1.77298
1.65595
1.71915
1.65271
1.73267
1.5953
1.64705
1.59397
1.59295
1.58577
1.53168
1.59427
1.47646
1.58698
1.42562
1.58671
1.42247
1.53347
1.4112
1.48012
1.41823
1.41578
1.41779
1.42034
1.3608
1.41017
1.30244
1.42351
1.29615
1.3458
1.29902
1.34827
1.30792
1.29478
1.29396
1.23429
1.30729
1.25449
1.24229
1.24327
1.2344
1.22857
1.22892
1.18268
1.23368
1.16471
1.1701
1.18102
1.1756
1.17497
1.11146
1.1848
1.1237
1.17388
1.12153
1.12873
1.13796
1.12448
1.11476
1.11539
1.11459
1.05772
1.11008
1.06258
1.05816
1.065
1.0565
1.05598
1.06785
1.05089
1.0603
1.0507
1.04524
1.05761
1.05478
1.04634
1.04753
1.04155
1.05844
0.991276
0.989095
1.00075
0.988863
0.992822
0.994995
0.991011
0.99233
0.986376
0.993033
0.987395
0.982328
0.990558
0.983426
0.994152
0.994773
0.998017
0.989754
0.99264
0.984335
0.990176
0.993121
0.986522
0.987778
0.975271
0.982959
0.979812
0.922632
0.925224
0.921546
0.919765
0.920703
0.919675
0.917384
0.915527
0.916898
0.920121
0.925705
0.919877
0.917176
0.917989
0.923132
0.922177
0.92108
0.922774
0.916327
0.925485
0.917268
0.925799
0.917179
0.924362
0.909257
0.92227
0.918399
0.91273
0.913942
0.923568
0.924669
0.91814
0.906611
0.922186
0.912908
0.907455
0.908458
0.912471
0.914168
0.906408
0.913832
0.912567
0.908231
0.913207
0.90906
0.919971
0.902325
0.854798
0.847911
0.847083
0.853085
0.858303
0.857316
0.848391
0.858142
0.845401
0.857545
0.849717
0.860668
0.846092
0.8474
0.858561
0.847312
0.84533
0.864728
0.848096
0.846848
0.850966
0.851946
0.854855
0.845917
0.877176
0.867175
0.84238
0.848673
0.83826
0.845613
0.836301
0.843117
0.833858
0.839118
0.838277
0.839591
0.842495
0.838769
0.848071
0.842158
0.848755
0.837468
0.849328
0.835792
0.837718
0.83986
0.839588
0.842951
0.843007
0.838679
0.842414
0.837474
0.843425
0.838103
0.837013
0.840308
0.840457
0.837367
0.843692
0.840058
0.839153
0.836759
0.836119
0.827456
0.837716
0.835198
0.832882
0.838083
0.834134
0.833631
0.827671
0.771336
0.823199
0.774295
0.830113
0.76944
0.83272
0.771182
0.775205
0.770646
0.771972
0.765524
0.774347
0.772023
0.76984
0.775305
0.770971
0.775647
0.770497
0.770668
0.765792
0.773877
0.77168
0.769672
0.773859
0.770646
0.776439
0.77042
0.772146
0.765065
0.769592
0.765836
0.763938
0.769646
0.766068
0.770596
0.765073
0.766918
0.760319
0.762745
0.76134
0.759179
0.763689
0.760945
0.765372
0.759503
0.75927
0.753605
0.764483
0.760207
0.758106
0.764511
0.762307
0.767536
0.759536
0.760809
0.753699
0.763309
0.760914
0.758701
0.763233
0.760618
0.765177
0.759006
0.76102
0.755328
0.764037
0.756053
0.755103
0.759683
0.755015
0.759072
0.753557
0.75558
0.747797
0.757843
0.754878
0.753491
0.754048
0.749822
0.754527
0.748611
0.750401
0.742705
0.753003
0.749956
0.747594
0.753643
0.749905
0.754322
0.748887
0.74945
0.742417
0.752726
0.749753
0.747752
0.748202
0.744188
0.748679
0.743281
0.745615
0.738415
0.746714
0.745215
0.741605
0.747484
0.744493
0.749406
0.743357
0.744515
0.738466
0.747221
0.74409
0.742026
0.747309
0.744588
0.75109
0.745201
0.744132
0.740743
0.746286
0.745941
0.742384
0.742271
0.733157
0.738632
0.732235
0.733825
0.727184
0.737072
