1.23709
0.954464
-0.886017
-0.861411
-0.838757
-0.817853
-0.798542
-0.78068
-0.764144
-0.748838
-0.734668
-0.721558
-0.709432
-0.698228
-0.687879
-0.678316
-0.669386
-0.660907
-0.652837
-0.645145
-0.637798
-0.630771
-0.624039
-0.61758
-0.611375
-0.605406
-0.599657
-0.594114
-0.588763
-0.583594
-0.578595
-0.573756
-0.569068
-0.564524
-0.560115
-0.555835
-0.551677
-0.547636
-0.543705
-0.53988
-0.536155
-0.532526
-0.529018
-0.525751
-0.522741
-0.519807
-0.51693
-0.514107
-0.511336
-0.508618
-0.505948
-0.503325
-0.500745
-0.498206
-0.495704
-0.493236
-0.4908
-0.48839
-0.486005
-0.483642
-0.481298
-0.47897
-0.476658
-0.47436
-0.472074
-0.469802
-0.467543
-0.465299
-0.46307
-0.460859
-0.458668
-0.456499
-0.454355
-0.452239
-0.450153
-0.4481
-0.446082
-0.444103
-0.442162
-0.440263
-0.438406
-0.436591
-0.434819
-0.433091
-0.431406
-0.429763
-0.428161
-0.4266
-0.425079
-0.423618
-0.422258
-0.420922
-0.419608
-0.418317
-0.417048
-0.4158
-0.414572
-0.413366
-0.412179
-0.411011
-0.409863
-0.408734
-0.407623
-0.40653
-0.405454
-0.404397
-0.403356
-0.402331
-0.401323
-0.400332
-0.399356
-0.398395
-0.39745
-0.396519
-0.395604
-0.394702
-0.393815
-0.392941
-0.392081
-0.391234
-0.390401
-0.38958
-0.388771
-0.387975
-0.387191
-0.386428
-0.385679
-0.384941
-0.384214
-0.383497
-0.38279
-0.382093
-0.381406
-0.380728
-0.38006
-0.379401
-0.378751
-0.37811
-0.377479
-0.376855
-0.376241
-0.375635
-0.375037
-0.374447
-0.373866
-0.373292
-0.372727
-0.372169
-0.371618
-0.371076
-0.37054
-0.370012
-0.369491
-0.368977
-0.36847
-0.367969
-0.367476
-0.366989
-0.366508
-0.366034
-0.365567
-0.365106
-0.36465
-0.364201
-0.363758
-0.363321
-0.362889
-0.362463
-0.362043
-0.361628
-0.361219
-0.360815
-0.360417
-0.360023
-0.359636
-0.359252
-0.358874
-0.3585
-0.358131
-0.357769
-0.35741
-0.357055
-0.356705
-0.356359
-0.35602
-0.355683
-0.355351
-0.355023
-0.354698
-0.35438
-0.354064
-0.353752
-0.353445
-0.35314
-0.352842
-0.352545
-0.352252
-0.351964
-0.351679
-0.351397
-0.351119
-0.350845
-0.350574
-0.350306
-0.350042
-0.349781
-0.349523
-0.349269
-0.349017
-0.348769
-0.348523
-0.348281
-0.348042
-0.347805
-0.347572
-0.347341
-0.347113
-0.346889
-0.346666
-0.346447
-0.34623
-0.346015
-0.345805
-0.345595
-0.345389
-0.345185
-0.344983
-0.344784
-0.344587
-0.344393
-0.344201
-0.344011
-0.343824
-0.343639
-0.343456
-0.343275
-0.343096
-0.342921
-0.342746
-0.342574
-0.342404
-0.342235
-0.342069
-0.341905
-0.341743
-0.341583
-0.341424
-0.341268
-0.341113
-0.34096
-0.340809
-0.34066
-0.340512
-0.340366
-0.340222
-0.34008
-0.339939
-0.3398
-0.339663
-0.339527
-0.339393
-0.33926
-0.339129
-0.338999
-0.338871
-0.338745
-0.33862
-0.338496
-0.338374
-0.338253
-0.338134
-0.338016
-0.337899
-0.337784
-0.33767
-0.337557
-0.337446
-0.337336
-0.337227
-0.33712
-0.337013
-0.336908
-0.336805
-0.336702
-0.336601
-0.3365
-0.336401
-0.336303
-0.336206
-0.336111
-0.336016
-0.335922
-0.33583
-0.335738
-0.335648
-0.335559
-0.33547
-0.335383
-0.335297
-0.335211
-0.335127
-0.335043
-0.334961
-0.334879
-0.334799
-0.334719
-0.334641
-0.334563
-0.334486
-0.334409
-0.334334
-0.33426
-0.334186
-0.334114
-0.334042
-0.333971
-0.3339
-0.333831
-0.333762
-0.333694
-0.333627
-0.33356
-0.333495
-0.33343
-0.333366
-0.333302
-0.33324
-0.333178
-0.333116
-0.333055
-0.332996
-0.332936
-0.332878
-0.33282
-0.332762
-0.332706
-0.33265
-0.332594
-0.332539
-0.332485
-0.332432
-0.332379
-0.332326
-0.332275
-0.332223
-0.332173
-0.332123
-0.332073
-0.332024
-0.331976
-0.331928
-0.33188
-0.331834
-0.331787
-0.331742
-0.331697
-0.331652
-0.331607
-0.331564
-0.33152
-0.331477
-0.331435
-0.331393
-0.331352
-0.331311
-0.331271
-0.331231
-0.331191
-0.331152
-0.331113
-0.331075
-0.331037
-0.331
-0.330963
-0.330926
-0.33089
-0.330854
-0.330819
-0.330784
-0.330749
-0.330715
-0.330681
-0.330648
-0.330615
-0.330582
-0.33055
-0.330517
-0.330486
-0.330455
-0.330423
-0.330393
-0.330363
-0.330333
-0.330303
-0.330274
-0.330245
-0.330216
-0.330188
-0.33016
-0.330132
-0.330105
-0.330078
-0.330051
-0.330024
-0.329998
-0.329972
-0.329947
-0.329921
-0.329896
-0.329871
-0.329847
-0.329823
-0.329799
-0.329775
-0.329751
-0.329728
-0.329705
-0.329683
-0.32966
-0.329638
-0.329616
-0.329594
-0.329573
-0.329552
-0.329531
-0.32951
-0.329489
-0.329469
-0.329449
-0.329429
-0.329409
-0.32939
-0.329371
-0.329352
-0.329333
-0.329314
-0.329296
-0.329278
-0.32926
-0.329242
-0.329224
-0.329207
-0.32919
-0.329173
-0.329156
-0.329139
-0.329123
-0.329106
-0.32909
-0.329074
-0.329059
-0.329043
-0.329028
-0.329012
-0.328997
-0.328982
-0.328968
-0.328953
-0.328939
-0.328924
-0.32891
-0.328896
-0.328882
-0.328869
-0.328855
-0.328842
-0.328829
-0.328816
-0.328803
-0.32879
-0.328777
-0.328765
-0.328752
-0.32874
-0.328728
-0.328716
-0.328704
-0.328692
-0.328681
-0.32867
-0.328658
-0.328647
-0.328636
-0.328625
-0.328614
-0.328603
-0.328593
-0.328582
-0.328572
-0.328562
-0.328551
-0.328541
-0.328531
-0.328522
-0.328512
-0.328502
-0.328493
-0.328484
-0.328474
-0.328465
-0.328456
-0.328447
-0.328438
-0.328429
-0.32842
-0.328412
-0.328403
-0.328395
-0.328387
-0.328378
-0.32837
-0.328362
-0.328354
-0.328346
-0.328338
-0.328331
-0.328323
-0.328316
-0.328308
-0.328301
-0.328293
-0.328286
-0.328279
-0.328272
-0.328265
-0.328258
-0.328251
-0.328244
-0.328238
-0.328231
-0.328225
-0.328218
-0.328212
-0.328205
-0.328199
-0.328193
-0.328187
-0.328181
-0.328175
-0.328169
-0.328163
-0.328157
-0.328151
-0.328146
-0.32814
-0.328135
-0.328129
-0.328124
-0.328118
-0.328113
-0.328108
-0.328103
-0.328097
-0.328092
-0.328087
-0.328082
-0.328077
-0.328073
-0.328068
-0.328063
-0.328058
-0.328054
-0.328049
-0.328044
-0.32804
-0.328035
-0.328031
-0.328027
-0.328022
-0.328018
-0.328014
-0.32801
-0.328006
-0.328002
-0.327998
-0.327993
-0.32799
-0.327986
-0.327982
-0.327978
-0.327974
-0.32797
-0.327967
-0.327963
-0.327959
-0.327956
-0.327952
-0.327949
-0.327945
-0.327942
-0.327938
-0.327935
-0.327932
-0.327929
-0.327925
-0.327922
-0.327919
-0.327916
-0.327913
-0.32791
-0.327907
-0.327904
-0.327901
-0.327898
-0.327895
-0.327892
-0.327889
-0.327886
-0.327883
-0.327881
-0.327878
-0.327875
-0.327873
-0.32787
-0.327867
-0.327865
-0.327862
-0.32786
-0.327857
-0.327855
-0.327852
-0.32785
-0.327847
-0.327845
-0.327843
-0.32784
-0.327838
-0.327836
-0.327834
-0.327831
-0.327829
-0.327827
-0.327825
-0.327823
-0.327821
-0.327819
-0.327817
-0.327815
-0.327813
-0.327811
-0.327809
-0.327807
-0.327805
-0.327803
-0.327801
-0.327799
-0.327797
-0.327795
-0.327794
-0.327792
-0.32779
-0.327788
-0.327787
-0.327785
-0.327783
-0.327782
-0.32778
-0.327778
-0.327777
-0.327775
-0.327774
-0.327772
-0.32777
-0.327769
-0.327767
-0.327766
-0.327764
-0.327763
-0.327762
-0.32776
-0.327759
-0.327757
-0.327756
-0.327755
-0.327753
-0.327752
-0.327751
-0.327749
-0.327748
-0.327747
-0.327745
-0.327744
-0.327743
-0.327742
-0.32774
-0.327739
-0.327738
-0.327737
-0.327736
-0.327735
-0.327733
-0.327732
-0.327731
-0.32773
-0.327729
-0.327728
-0.327727
-0.327726
-0.327725
-0.327724
-0.327723
-0.327722
-0.327721
-0.32772
-0.327719
-0.327718
-0.327717
-0.327716
-0.327715
-0.327714
-0.327713
-0.327712
-0.327711
-0.32771
-0.32771
-0.327709
-0.327708
-0.327707
-0.327706
-0.327705
-0.327704
-0.327704
-0.327703
-0.327702
-0.327701
-0.327701
-0.3277
-0.327699
-0.327698
-0.327698
-0.327697
-0.327696
-0.327695
-0.327695
-0.327694
-0.327693
-0.327693
-0.327692
-0.327691
-0.327691
-0.32769
-0.327689
-0.327689
-0.327688
-0.327687
-0.327687
-0.327686
-0.327685
-0.327685
-0.327684
-0.327684
-0.327683
-0.327683
-0.327682
-0.327681
-0.327681
-0.32768
-0.32768
-0.327679
-0.327679
-0.327678
-0.327678
-0.327677
-0.327677
-0.327676
-0.327676
-0.327675
-0.327675
-0.327674
-0.327674
-0.327673
-0.327673
-0.327672
-0.327672
-0.327671
-0.327671
-0.32767
-0.32767
-0.32767
-0.327669
-0.327669
-0.327668
-0.327668
-0.327667
-0.327667
-0.327667
-0.327666
-0.327666
-0.327665
-0.327665
-0.327665
-0.327664
-0.327664
-0.327664
-0.327663
-0.327663
-0.327662
-0.327662
-0.327662
-0.327661
-0.327661
-0.327661
-0.32766
-0.32766
-0.32766
-0.327659
-0.327659
-0.327659
-0.327658
-0.327658
-0.327658
-0.327658
-0.327657
-0.327657
-0.327657
-0.327656
-0.327656
-0.327656
-0.327656
-0.327655
-0.327655
-0.327655
-0.327654
-0.327654
-0.327654
-0.327654
-0.327653
-0.327653
-0.327653
-0.327653
-0.327652
-0.327652
-0.327652
-0.327652
-0.327651
-0.327651
-0.327651
-0.327651
-0.32765
-0.32765
-0.32765
-0.32765
-0.32765
-0.327649
-0.327649
-0.327649
-0.327649
-0.327649
-0.327648
-0.327648
-0.327648
-0.327648
-0.327648
-0.327647
-0.327647
-0.327647
-0.327647
-0.327647
-0.327646
-0.327646
-0.327646
-0.327646
-0.327646
-0.327646
-0.327645
-0.327645
-0.327645
-0.327645
-0.327645
-0.327645
-0.327644
-0.327644
-0.327644
-0.327644
-0.327644
-0.327644
-0.327644
-0.327643
-0.327643
-0.327643
-0.327643
-0.327643
-0.327643
-0.327643
-0.327642
-0.327642
-0.327642
-0.327642
-0.327642
-0.327642
-0.327642
-0.327641
-0.327641
-0.327641
-0.327641
-0.327641
-0.327641
-0.327641
-0.327641
-0.327641
-0.32764
-0.32764
-0.32764
-0.32764
-0.32764
-0.32764
-0.32764
-0.32764
-0.32764
-0.327639
-0.327639
-0.327639
-0.327639
-0.327639
-0.327639
-0.327639
-0.327639
-0.327639
-0.327639
-0.327638
-0.327638
-0.327638
-0.327638
-0.327638
-0.327638
-0.327638
-0.327638
-0.327638
-0.327638
-0.327638
-0.327637
-0.327637
-0.327637
-0.327637
-0.327637
-0.327637
-0.327637
-0.327637
-0.327637
-0.327637
-0.327637
-0.327637
-0.327637
-0.327636
-0.327636
-0.327636
-0.327636
-0.327636
-0.327636
-0.327636
-0.327636
-0.327636
-0.327636
-0.327636
-0.327636
-0.327636
-0.327636
-0.327636
-0.327635
-0.327635
-0.327635
-0.327635
-0.327635
-0.327635
-0.327635
-0.327635
-0.327635
-0.327635
-0.327635
-0.327635
-0.327635
-0.327635
-0.327635
-0.327635
-0.327635
-0.327635
-0.327635
-0.327634
-0.327634
-0.327634
-0.327634
-0.327634
-0.327634
-0.327634
-0.327634
-0.327634
-0.327634
-0.327634
-0.327634
-0.327634
-0.327634
-0.327634
-0.327634
-0.327634
-0.327634
-0.327634
-0.327634
-0.327634
-0.327634
-0.327633
-0.327633
-0.327633
-0.327633
-0.327633
-0.327633
-0.327633
-0.327633
-0.327633
-0.327633
-0.327633
-0.327633
-0.327633
-0.327633
-0.327633
-0.327633
-0.327633
-0.327633
-0.327633
-0.327633
-0.327633
-0.327633
-0.327633
-0.327633
-0.327633
-0.327633
-0.327633
-0.327633
-0.327633
-0.327633
-0.327633
-0.327632
-0.327632
-0.327632
-0.327632
-0.327632
-0.327632
-0.327632
-0.327632
-0.327632
-0.327632
-0.327632
-0.327632
-0.327632
-0.327632
-0.327632
-0.327632
-0.327632
-0.327632
-0.327632
-0.327632
-0.327632
-0.327632
-0.327632
-0.327632
-0.327632
-0.327632
-0.327632
-0.327632
-0.327632
-0.327632
-0.327632
-0.327632
-0.327632
-0.327632
-0.327632
-0.327632
-0.327632
-0.327632
-0.327632
-0.327632
-0.327632
-0.327632
-0.327632
-0.327632
-0.327632
-0.327631
-0.327631
-0.327631
-0.327631
-0.327631
-0.327631
-0.327631
-0.327631
-0.327631
-0.327631
-0.327631
-0.327631
-0.327631
-0.327631
-0.327631
-0.327631
-0.327631
-0.327631
-0.327631
-0.327631
-0.327631
-0.327631
-0.327631
-0.327631
-0.327631
-0.327631
-0.327631
-0.327631
-0.327631
-0.327631
-0.327631
-0.327631
-0.327631
-0.327631
-0.327631
-0.327631
-0.327631
-0.327631
-0.327631
-0.327631
-0.327631
-0.327631
-0.327631
-0.327631
-0.327631
-0.327631
-0.327631
-0.327631
-0.327631
-0.327631
-0.327631
-0.327631
-0.327631
-0.327631
-0.327631
-0.327631
-0.327631
-0.327631
-0.327631
-0.327631
-0.327631
-0.327631
-0.327631
-0.327631
-0.327631
-0.327631
-0.327631
-0.327631
-0.327631
-0.327631
-0.327631
-0.327631
-0.327631
-0.327631
-0.327631
-0.327631
-0.327631
-0.327631
-0.327631
-0.327631
-0.327631
-0.327631
-0.327631
-0.327631
-0.327631
-0.327631
-0.327631
-0.327631
-0.327631
-0.327631
-0.327631
-0.327631
-0.327631
-0.327631
-0.327631
-0.327631
-0.32763
-0.32763
-0.32763
-0.32763
-0.32763
-0.32763
-0.32763
-0.32763
-0.32763
-0.32763
-0.32763
-0.32763
-0.32763
-0.32763
-0.32763
-0.32763
-0.32763
-0.32763
-0.32763
-0.32763
-0.32763
-0.32763
-0.32763
-0.32763
-0.32763
-0.32763
-0.32763
-0.32763
-0.32763
-0.32763
-0.32763
-0.32763
-0.32763
-0.32763
-0.32763
-0.32763
-0.32763
-0.32763
-0.32763
-0.32763
-0.32763
-0.32763
-0.32763
-0.32763
-0.32763
-0.32763
-0.32763
-0.32763
-0.32763
-0.32763
-0.32763
-0.32763
-0.32763
-0.32763
-0.32763
-0.32763
-0.32763
-0.32763
-0.32763
-0.32763
-0.32763
-0.32763
-0.32763
-0.32763
-0.32763
-0.32763
-0.32763
-0.32763
-0.32763
-0.32763
-0.32763
-0.32763
-0.32763
-0.32763
-0.32763
-0.32763
-0.32763
-0.32763
-0.32763
-0.32763
-0.32763
-0.32763
-0.32763
-0.32763
-0.32763
-0.32763
-0.32763
-0.32763
-0.32763
-0.32763
-0.32763
-0.32763
-0.32763
-0.32763
-0.32763
-0.32763
-0.32763
-0.32763
-0.32763
-0.32763
-0.32763
-0.32763
-0.32763
-0.32763
-0.32763
-0.32763
-0.32763
-0.32763
-0.32763
-0.32763
-0.32763
-0.32763
-0.32763
-0.32763
-0.32763
-0.32763
-0.32763
-0.32763
-0.32763
-0.32763
-0.32763
-0.32763
-0.32763
-0.32763
-0.32763
-0.32763
-0.32763
-0.32763
-0.32763
-0.32763
-0.32763
-0.32763
-0.32763
-0.32763
-0.32763
-0.32763
-0.32763
-0.32763
-0.32763
-0.32763
-0.32763
-0.32763
-0.32763
-0.32763
-0.32763
-0.32763
-0.32763
-0.32763
-0.32763
-0.32763
-0.32763
-0.32763
-0.32763
-0.32763
-0.32763
-0.32763
-0.32763
-0.32763
-0.32763
-0.32763
-0.32763
-0.32763
-0.32763
-0.32763
-0.32763
-0.32763
-0.32763
-0.32763
-0.32763
-0.32763
-0.32763
-0.32763
-0.32763
-0.32763
-0.32763
-0.32763
-0.32763
-0.32763
-0.32763
-0.32763
-0.32763
-0.32763
-0.32763
-0.32763
-0.32763
-0.32763
-0.32763
-0.32763
-0.32763
-0.32763
-0.32763
-0.32763
-0.32763
-0.32763
-0.32763
-0.32763
-0.32763
-0.32763
-0.32763
-0.32763
-0.32763
-0.32763
-0.32763
-0.32763
-0.32763
-0.32763
-0.32763
-0.32763
-0.32763
-0.32763
-0.32763
-0.32763
-0.32763
-0.32763
-0.32763
-0.32763
-0.32763
-0.32763
-0.32763
-0.32763
-0.32763
-0.32763
-0.32763
-0.32763
-0.32763
-0.32763
-0.32763
-0.32763
-0.32763
-0.32763
-0.32763
-0.32763
-0.32763
-0.32763
-0.32763
-0.32763
-0.32763
-0.32763
-0.32763
-0.32763
-0.32763
-0.32763
-0.32763
-0.32763
-0.32763
-0.32763
-0.32763
-0.32763
-0.32763
-0.32763
-0.32763
-0.32763
-0.32763
-0.32763
-0.32763
-0.32763
-0.32763
-0.32763
-0.32763
-0.32763
-0.32763
-0.32763
-0.32763
-0.32763
-0.32763
-0.32763
-0.32763
-0.32763
-0.32763
-0.32763
-0.32763
-0.32763
-0.32763
-0.32763
-0.32763
-0.32763
-0.32763
-0.32763
-0.32763
-0.32763
-0.32763
-0.32763
-0.32763
-0.32763
-0.32763
-0.32763
-0.32763
-0.32763
-0.32763
-0.32763
-0.32763
-0.32763
-0.32763
-0.32763
-0.32763
-0.32763
-0.32763
-0.32763
-0.32763
-0.32763
-0.32763
-0.32763
-0.32763
-0.32763
-0.32763
-0.32763
-0.32763
-0.32763
-0.32763
-0.32763
-0.32763
-0.32763
-0.32763
-0.32763
-0.32763
-0.32763
-0.32763
-0.32763
-0.32763
-0.32763
-0.32763
-0.32763
-0.32763
-0.32763
-0.32763
-0.32763
-0.32763
-0.32763
-0.32763
-0.32763
-0.32763
-0.32763
-0.32763
-0.32763
-0.32763
-0.32763
-0.32763
-0.32763
-0.32763
-0.32763
-0.32763
-0.32763
-0.32763
-0.32763
-0.32763
-0.32763
-0.32763
-0.32763
-0.32763
-0.32763
-0.32763
-0.32763
-0.32763
-0.32763
-0.32763
-0.32763
-0.32763
-0.32763
-0.32763
-0.32763
-0.32763
-0.32763
-0.32763
-0.32763
-0.32763
-0.32763
-0.32763
-0.32763
-0.32763
-0.32763
-0.32763
-0.32763
-0.32763
-0.32763
-0.32763
-0.32763
-0.32763
-0.32763
-0.32763
-0.32763
-0.32763
-0.32763
-0.32763
-0.32763
-0.32763
-0.32763
-0.32763
-0.32763
-0.32763
-0.32763
-0.32763
-0.32763
-0.32763
-0.32763
-0.32763
-0.32763
-0.32763
-0.32763
-0.32763
-0.32763
-0.32763
-0.32763
-0.32763
-0.32763
-0.32763
-0.32763
-0.32763
-0.32763
-0.32763
-0.32763
-0.32763
-0.32763
-0.32763
-0.32763
-0.32763
-0.32763
-0.32763
-0.32763
-0.32763
-0.32763
-0.32763
-0.32763
-0.32763
-0.32763
-0.32763
-0.32763
-0.32763
-0.32763
-0.32763
-0.32763
-0.32763
-0.32763
-0.32763
-0.32763
-0.32763
-0.32763
-0.32763
-0.32763
-0.32763
-0.32763
-0.32763
-0.32763
-0.32763
-0.32763
-0.32763
-0.32763
-0.32763
-0.32763
-0.32763
-0.32763
-0.32763
-0.32763
-0.32763
-0.32763
-0.32763
-0.32763
-0.32763
-0.32763
-0.32763
-0.32763
-0.32763
-0.32763
-0.32763
-0.32763
-0.32763
-0.32763
-0.32763
-0.32763
-0.32763
-0.32763
-0.32763
-0.32763
-0.32763
-0.32763
-0.32763
-0.32763
-0.32763
-0.32763
-0.32763
-0.32763
-0.32763
-0.32763
-0.32763
-0.32763
-0.32763
-0.32763
-0.32763
-0.32763
-0.32763
-0.32763
-0.32763
-0.32763
-0.32763
-0.32763
-0.32763
-0.32763
-0.32763
-0.32763
-0.32763
-0.32763
-0.32763
-0.32763
-0.32763
-0.32763
-0.32763
-0.32763
-0.32763
-0.32763
-0.32763
-0.32763
-0.32763
-0.32763
-0.32763
-0.32763
-0.32763
-0.32763
-0.32763
-0.32763
-0.32763
-0.32763
-0.32763
-0.32763
-0.32763
-0.32763
-0.32763
-0.32763
-0.32763
-0.32763
-0.32763
-0.32763
-0.32763
-0.32763
-0.32763
-0.32763
-0.32763
-0.32763
-0.32763
-0.32763
-0.32763
-0.32763
-0.32763
-0.32763
-0.32763
-0.32763
-0.32763
-0.32763
-0.32763
-0.32763
-0.32763
-0.32763
-0.32763
-0.32763
-0.32763
-0.32763
-0.32763
-0.32763
-0.32763
-0.32763
-0.32763
-0.32763
-0.32763
-0.32763
-0.32763
-0.32763
-0.32763
-0.32763
-0.32763
-0.32763
-0.32763
-0.32763
-0.32763
-0.32763
-0.32763
-0.32763
-0.32763
-0.32763
-0.32763
-0.32763
-0.32763
-0.32763
-0.32763
-0.32763
-0.32763
-0.32763
-0.32763
-0.32763
-0.32763
-0.32763
-0.32763
-0.32763
-0.32763
-0.32763
-0.32763
-0.32763
-0.32763
-0.32763
-0.32763
-0.32763
-0.32763
-0.32763
-0.32763
-0.32763
-0.32763
-0.32763
-0.32763
-0.32763
-0.32763
-0.32763
-0.32763
-0.32763
-0.32763
-0.32763
-0.32763
-0.32763
-0.32763
-0.32763
-0.32763
-0.32763
-0.32763
-0.32763
-0.32763
-0.32763
-0.32763
-0.32763
-0.32763
-0.32763
-0.32763
-0.32763
-0.32763
-0.32763
-0.32763
-0.32763
-0.32763
-0.32763
-0.32763
-0.32763
-0.32763
-0.32763
-0.32763
-0.32763
-0.32763
-0.32763
-0.32763
-0.32763
-0.32763
-0.32763
-0.32763
-0.32763
-0.32763
-0.32763
-0.32763
-0.32763
-0.32763
-0.32763
-0.32763
-0.32763
-0.32763
-0.32763
-0.32763
-0.32763
-0.32763
-0.32763
-0.32763
-0.32763
-0.32763
-0.32763
-0.32763
-0.32763
-0.32763
-0.32763
-0.32763
-0.32763
-0.32763
-0.32763
-0.32763
-0.32763
-0.32763
-0.32763
-0.32763
-0.32763
-0.32763
-0.32763
-0.32763
-0.32763
-0.32763
-0.32763
-0.32763
-0.32763
-0.32763
-0.32763
-0.32763
-0.32763
-0.32763
-0.32763
-0.32763
-0.32763
-0.32763
-0.32763
-0.32763
-0.32763
-0.32763
-0.32763
-0.32763
-0.32763
-0.32763
-0.32763
-0.32763
-0.32763
-0.32763
-0.32763
-0.32763
-0.32763
-0.32763
-0.32763
-0.32763
-0.32763
-0.32763
-0.32763
-0.32763
-0.32763
-0.32763
-0.32763
-0.32763
-0.32763
-0.32763
-0.32763
-0.32763
-0.32763
-0.32763
-0.32763
-0.32763
-0.32763
-0.32763
-0.32763
-0.32763
-0.32763
-0.32763
-0.32763
-0.32763
-0.32763
-0.32763
-0.32763
-0.32763
-0.32763
-0.32763
-0.32763
-0.32763
-0.32763
-0.32763
-0.32763
-0.32763
-0.32763
-0.32763
-0.32763
-0.32763
-0.32763
-0.32763
-0.32763
-0.32763
-0.32763
-0.32763
-0.32763
-0.32763
-0.32763
-0.32763
-0.32763
-0.32763
-0.32763
-0.32763
-0.32763
-0.32763
-0.32763
-0.32763
-0.32763
-0.32763
-0.32763
-0.32763
-0.32763
-0.32763
-0.32763
-0.32763
-0.32763
-0.32763
-0.32763
-0.32763
-0.32763
-0.32763
-0.32763
-0.32763
-0.32763
-0.32763
-0.32763
-0.32763
-0.32763
-0.32763
-0.32763
-0.32763
-0.32763
-0.32763
-0.32763
-0.32763
-0.32763
-0.32763
-0.32763
-0.32763
-0.32763
-0.32763
-0.32763
-0.32763
-0.32763
-0.32763
-0.32763
-0.32763
-0.32763
-0.32763
-0.32763
-0.32763
-0.32763
-0.32763
-0.32763
-0.32763
-0.32763
-0.32763
-0.32763
-0.32763
-0.32763
-0.32763
-0.32763
-0.32763
-0.32763
-0.32763
-0.32763
-0.32763
-0.32763
-0.32763
-0.32763
-0.32763
-0.32763
-0.32763
-0.32763
-0.32763
-0.32763
-0.32763
-0.32763
-0.32763
-0.32763
-0.32763
-0.32763
-0.32763
-0.32763
-0.32763
-0.32763
-0.32763
-0.32763
-0.32763
-0.32763
-0.32763
-0.32763
-0.32763
-0.32763
-0.32763
-0.32763
-0.32763
-0.32763
-0.32763
-0.32763
-0.32763
-0.32763
-0.32763
-0.32763
-0.32763
-0.32763
-0.32763
-0.32763
-0.32763
-0.32763
-0.32763
-0.32763
-0.32763
-0.32763
-0.32763
-0.32763
-0.32763
-0.32763
-0.32763
-0.32763
-0.32763
-0.32763
-0.32763
-0.32763
-0.32763
-0.32763
-0.32763
-0.32763
-0.32763
-0.32763
-0.32763
-0.32763
-0.32763
-0.32763
-0.32763
-0.32763
-0.32763
-0.32763
-0.32763
-0.32763
-0.32763
-0.32763
-0.32763
-0.32763
-0.32763
-0.32763
-0.32763
-0.32763
-0.32763
-0.32763
-0.32763
-0.32763
-0.32763
-0.32763
-0.32763
-0.32763
-0.32763
-0.32763
-0.32763
-0.32763
-0.32763
-0.32763
-0.32763
-0.32763
-0.32763
-0.32763
-0.32763
-0.32763
-0.32763
-0.32763
-0.32763
-0.32763
-0.32763
-0.32763
-0.32763
-0.32763
-0.32763
-0.32763
-0.32763
-0.32763
-0.32763
-0.32763
-0.32763
-0.32763
-0.32763
-0.32763
-0.32763
-0.32763
-0.32763
-0.32763
-0.32763
-0.32763
-0.32763
-0.32763
-0.32763
-0.32763
-0.32763
-0.32763
-0.32763
-0.32763
-0.32763
-0.32763
-0.32763
-0.32763
-0.32763
-0.32763
-0.32763
-0.32763
-0.32763
-0.32763
-0.32763
-0.32763
-0.32763
-0.32763
-0.32763
-0.32763
-0.32763
-0.32763
-0.32763
-0.32763
-0.32763
-0.32763
-0.32763
-0.32763
-0.32763
-0.32763
-0.32763
-0.32763
-0.32763
-0.32763
-0.32763
-0.32763
-0.32763
-0.32763
-0.32763
-0.32763
-0.32763
-0.32763
-0.32763
-0.32763
-0.32763
-0.32763
-0.32763
-0.32763
-0.32763
-0.32763
-0.32763
-0.32763
-0.32763
-0.32763
-0.32763
-0.32763
-0.32763
-0.32763
-0.32763
-0.32763
-0.32763
-0.32763
-0.32763
-0.32763
-0.32763
-0.32763
-0.32763
-0.32763
-0.32763
-0.32763
-0.32763
-0.32763
-0.32763
-0.32763
-0.32763
-0.32763
-0.32763
-0.32763
-0.32763
-0.32763
-0.32763
-0.32763
-0.32763
-0.32763
-0.32763
-0.32763
-0.32763
-0.32763
-0.32763
-0.32763
-0.32763
-0.32763
-0.32763
-0.32763
-0.32763
-0.32763
-0.32763
-0.32763
-0.32763
-0.32763
-0.32763
-0.32763
-0.32763
-0.32763
-0.32763
-0.32763
-0.32763
-0.32763
-0.32763
-0.32763
-0.32763
-0.32763
-0.32763
-0.32763
-0.32763
-0.32763
-0.32763
-0.32763
-0.32763
-0.32763
-0.32763
-0.32763
-0.32763
-0.32763
-0.32763
-0.32763
-0.32763
-0.32763
-0.32763
-0.32763
-0.32763
-0.32763
-0.32763
-0.32763
-0.32763
-0.32763
-0.32763
-0.32763
-0.32763
-0.32763
-0.32763
-0.32763
-0.32763
-0.32763
-0.32763
-0.32763
-0.32763
-0.32763
-0.32763
-0.32763
-0.32763
-0.32763
-0.32763
-0.32763
-0.32763
-0.32763
-0.32763
-0.32763
-0.32763
-0.32763
-0.32763
-0.32763
-0.32763
-0.32763
-0.32763
-0.32763
-0.32763
-0.32763
-0.32763
-0.32763
-0.32763
-0.32763
-0.32763
-0.32763
-0.32763
-0.32763
-0.32763
-0.32763
-0.32763
-0.32763
-0.32763
-0.32763
-0.32763
-0.32763
-0.32763
-0.32763
-0.32763
-0.32763
-0.32763
-0.32763
-0.32763
-0.32763
-0.32763
-0.32763
-0.32763
-0.32763
-0.32763
-0.32763
-0.32763
-0.32763
-0.32763
-0.32763
-0.32763
-0.32763
-0.32763
-0.32763
-0.32763
-0.32763
-0.32763
-0.32763
-0.32763
-0.32763
-0.32763
-0.32763
-0.32763
-0.32763
-0.32763
-0.32763
-0.32763
-0.32763
-0.32763
-0.32763
-0.32763
-0.32763
-0.32763
-0.32763
-0.32763
-0.32763
-0.32763
-0.32763
-0.32763
-0.32763
-0.32763
-0.32763
-0.32763
-0.32763
-0.32763
-0.32763
-0.32763
-0.32763
-0.32763
-0.32763
-0.32763
-0.32763
-0.32763
-0.32763
-0.32763
-0.32763
-0.32763
-0.32763
-0.32763
-0.32763
-0.32763
-0.32763
-0.32763
-0.32763
-0.32763
-0.32763
-0.32763
-0.32763
-0.32763
-0.32763
-0.32763
-0.32763
-0.32763
-0.32763
-0.32763
-0.32763
-0.32763
-0.32763
-0.32763
-0.32763
-0.32763
-0.32763
-0.32763
-0.32763
-0.32763
-0.32763
-0.32763
-0.32763
-0.32763
-0.32763
-0.32763
-0.32763
-0.32763
-0.32763
-0.32763
-0.32763
-0.32763
-0.32763
-0.32763
-0.32763
-0.32763
-0.32763
-0.32763
-0.32763
-0.32763
-0.32763
-0.32763
-0.32763
-0.32763
-0.32763
-0.32763
-0.32763
-0.32763
-0.32763
-0.32763
-0.32763
-0.32763
-0.32763
-0.32763
-0.32763
-0.32763
-0.32763
-0.32763
-0.32763
-0.32763
-0.32763
-0.32763
-0.32763
-0.32763
-0.32763
-0.32763
-0.32763
-0.32763
-0.32763
-0.32763
-0.32763
-0.32763
-0.32763
-0.32763
-0.32763
-0.32763
-0.32763
-0.32763
-0.32763
-0.32763
-0.32763
-0.32763
-0.32763
-0.32763
-0.32763
-0.32763
-0.32763
-0.32763
-0.32763
-0.32763
-0.32763
-0.32763
-0.32763
-0.32763
-0.32763
-0.32763
-0.32763
-0.32763
-0.32763
-0.32763
-0.32763
-0.32763
-0.32763
-0.32763
-0.32763
-0.32763
-0.32763
-0.32763
-0.32763
-0.32763
-0.32763
-0.32763
-0.32763
-0.32763
-0.32763
-0.32763
-0.32763
-0.32763
-0.32763
-0.32763
-0.32763
-0.32763
-0.32763
-0.32763
-0.32763
-0.32763
-0.32763
-0.32763
-0.32763
-0.32763
-0.32763
-0.32763
-0.32763
-0.32763
-0.32763
-0.32763
-0.32763
-0.32763
-0.32763
-0.32763
-0.32763
-0.32763
-0.32763
-0.32763
-0.32763
-0.32763
-0.32763
-0.32763
-0.32763
-0.32763
-0.32763
-0.32763
-0.32763
-0.32763
-0.32763
-0.32763
-0.32763
-0.32763
-0.32763
-0.32763
-0.32763
-0.32763
-0.32763
-0.32763
-0.32763
-0.32763
-0.32763
-0.32763
-0.32763
-0.32763
-0.32763
-0.32763
-0.32763
-0.32763
-0.32763
-0.32763
-0.32763
-0.32763
-0.32763
-0.32763
-0.32763
-0.32763
-0.32763
-0.32763
-0.32763
-0.32763
-0.32763
-0.32763
-0.32763
-0.32763
-0.32763
-0.32763
-0.32763
-0.32763
-0.32763
-0.32763
-0.32763
-0.32763
-0.32763
-0.32763
-0.32763
-0.32763
-0.32763
-0.32763
-0.32763
-0.32763
-0.32763
-0.32763
-0.32763
-0.32763
-0.32763
-0.32763
-0.32763
-0.32763
-0.32763
-0.32763
-0.32763
-0.32763
-0.32763
-0.32763
-0.32763
-0.32763
-0.32763
-0.32763
-0.32763
-0.32763
-0.32763
-0.32763
-0.32763
-0.32763
-0.32763
-0.32763
-0.32763
-0.32763
-0.32763
-0.32763
-0.32763
-0.32763
-0.32763
-0.32763
-0.32763
-0.32763
-0.32763
-0.32763
-0.32763
-0.32763
-0.32763
-0.32763
-0.32763
-0.32763
-0.32763
-0.32763
-0.32763
-0.32763
-0.32763
-0.32763
-0.32763
-0.32763
-0.32763
-0.32763
-0.32763
-0.32763
-0.32763
-0.32763
-0.32763
-0.32763
-0.32763
-0.32763
-0.32763
-0.32763
-0.32763
-0.32763
-0.32763
-0.32763
-0.32763
-0.32763
-0.32763
-0.32763
-0.32763
-0.32763
-0.32763
-0.32763
-0.32763
-0.32763
-0.32763
-0.32763
-0.32763
-0.32763
-0.32763
-0.32763
-0.32763
-0.32763
-0.32763
-0.32763
-0.32763
-0.32763
-0.32763
-0.32763
-0.32763
-0.32763
-0.32763
-0.32763
-0.32763
-0.32763
-0.32763
-0.32763
-0.32763
-0.32763
-0.32763
-0.32763
-0.32763
-0.32763
-0.32763
-0.32763
-0.32763
-0.32763
-0.32763
-0.32763
-0.32763
-0.32763
-0.32763
-0.32763
-0.32763
-0.32763
-0.32763
-0.32763
-0.32763
-0.32763
-0.32763
-0.32763
-0.32763
-0.32763
-0.32763
-0.32763
-0.32763
-0.32763
-0.32763
-0.32763
-0.32763
-0.32763
-0.32763
-0.32763
-0.32763
-0.32763
-0.32763
-0.32763
-0.32763
-0.32763
-0.32763
-0.32763
-0.32763
-0.32763
-0.32763
-0.32763
-0.32763
-0.32763
-0.32763
-0.32763
-0.32763
-0.32763
-0.32763
-0.32763
-0.32763
-0.32763
-0.32763
-0.32763
-0.32763
-0.32763
-0.32763
-0.32763
-0.32763
-0.32763
-0.32763
-0.32763
-0.32763
-0.32763
-0.32763
-0.32763
-0.32763
-0.32763
-0.32763
-0.32763
-0.32763
-0.32763
-0.32763
-0.32763
-0.32763
-0.32763
-0.32763
-0.32763
-0.32763
-0.32763
-0.32763
-0.32763
-0.32763
-0.32763
-0.32763
-0.32763
-0.32763
-0.32763
-0.32763
-0.32763
-0.32763
-0.32763
-0.32763
-0.32763
-0.32763
-0.32763
-0.32763
-0.32763
-0.32763
-0.32763
-0.32763
-0.32763
-0.32763
-0.32763
-0.32763
-0.32763
-0.32763
-0.32763
-0.32763
-0.32763
-0.32763
-0.32763
-0.32763
-0.32763
-0.32763
-0.32763
-0.32763
-0.32763
-0.32763
-0.32763
-0.32763
-0.32763
-0.32763
-0.32763
-0.32763
-0.32763
-0.32763
-0.32763
-0.32763
-0.32763
-0.32763
-0.32763
-0.32763
-0.32763
-0.32763
-0.32763
-0.32763
-0.32763
-0.32763
-0.32763
-0.32763
-0.32763
-0.32763
-0.32763
-0.32763
-0.32763
-0.32763
-0.32763
-0.32763
-0.32763
-0.32763
-0.32763
-0.32763
-0.32763
-0.32763
-0.32763
-0.32763
-0.32763
-0.32763
-0.32763
-0.32763
-0.32763
-0.32763
-0.32763
-0.32763
-0.32763
-0.32763
-0.32763
-0.32763
-0.32763
-0.32763
-0.32763
-0.32763
-0.32763
-0.32763
-0.32763
-0.32763
-0.32763
-0.32763
-0.32763
-0.32763
-0.32763
-0.32763
-0.32763
-0.32763
-0.32763
-0.32763
-0.32763
-0.32763
-0.32763
-0.32763
-0.32763
-0.32763
-0.32763
-0.32763
-0.32763
-0.32763
-0.32763
-0.32763
-0.32763
-0.32763
-0.32763
-0.32763
-0.32763
-0.32763
-0.32763
-0.32763
-0.32763
-0.32763
-0.32763
-0.32763
-0.32763
-0.32763
-0.32763
-0.32763
-0.32763
-0.32763
-0.32763
-0.32763
-0.32763
-0.32763
-0.32763
-0.32763
-0.32763
-0.32763
-0.32763
-0.32763
-0.32763
-0.32763
-0.32763
-0.32763
-0.32763
-0.32763
-0.32763
-0.32763
-0.32763
-0.32763
-0.32763
-0.32763
-0.32763
-0.32763
-0.32763
-0.32763
-0.32763
-0.32763
-0.32763
-0.32763
-0.32763
-0.32763
-0.32763
-0.32763
-0.32763
-0.32763
-0.32763
-0.32763
-0.32763
-0.32763
-0.32763
-0.32763
-0.32763
-0.32763
-0.32763
-0.32763
-0.32763
-0.32763
-0.32763
-0.32763
-0.32763
-0.32763
-0.32763
-0.32763
-0.32763
-0.32763
-0.32763
-0.32763
-0.32763
-0.32763
-0.32763
-0.32763
-0.32763
-0.32763
-0.32763
-0.32763
-0.32763
-0.32763
-0.32763
-0.32763
-0.32763
-0.32763
-0.32763
-0.32763
-0.32763
-0.32763
-0.32763
-0.32763
-0.32763
-0.32763
-0.32763
-0.32763
-0.32763
-0.32763
-0.32763
-0.32763
-0.32763
-0.32763
-0.32763
-0.32763
-0.32763
-0.32763
-0.32763
-0.32763
-0.32763
-0.32763
-0.32763
-0.32763
-0.32763
-0.32763
-0.32763
-0.32763
-0.32763
-0.32763
-0.32763
-0.32763
-0.32763
-0.32763
-0.32763
-0.32763
-0.32763
-0.32763
-0.32763
-0.32763
-0.32763
-0.32763
-0.32763
-0.32763
-0.32763
-0.32763
-0.32763
-0.32763
-0.32763
-0.32763
-0.32763
-0.32763
-0.32763
-0.32763
-0.32763
-0.32763
-0.32763
-0.32763
-0.32763
-0.32763
-0.32763
-0.32763
-0.32763
-0.32763
-0.32763
-0.32763
-0.32763
-0.32763
-0.32763
-0.32763
-0.32763
-0.32763
-0.32763
-0.32763
-0.32763
-0.32763
-0.32763
-0.32763
-0.32763
-0.32763
-0.32763
-0.32763
-0.32763
-0.32763
-0.32763
-0.32763
-0.32763
-0.32763
-0.32763
-0.32763
-0.32763
-0.32763
-0.32763
-0.32763
-0.32763
-0.32763
-0.32763
-0.32763
-0.32763
-0.32763
-0.32763
-0.32763
-0.32763
-0.32763
-0.32763
-0.32763
-0.32763
-0.32763
-0.32763
-0.32763
-0.32763
-0.32763
-0.32763
-0.32763
-0.32763
-0.32763
-0.32763
-0.32763
-0.32763
-0.32763
-0.32763
-0.32763
-0.32763
-0.32763
-0.32763
-0.32763
-0.32763
-0.32763
-0.32763
-0.32763
-0.32763
-0.32763
-0.32763
-0.32763
-0.32763
-0.32763
-0.32763
-0.32763
-0.32763
-0.32763
-0.32763
-0.32763
-0.32763
-0.32763
-0.32763
-0.32763
-0.32763
-0.32763
-0.32763
-0.32763
-0.32763
-0.32763
-0.32763
-0.32763
-0.32763
-0.32763
-0.32763
-0.32763
-0.32763
-0.32763
-0.32763
-0.32763
-0.32763
-0.32763
-0.32763
-0.32763
-0.32763
-0.32763
-0.32763
-0.32763
-0.32763
-0.32763
-0.32763
-0.32763
-0.32763
-0.32763
-0.32763
-0.32763
-0.32763
-0.32763
-0.32763
-0.32763
-0.32763
-0.32763
-0.32763
-0.32763
-0.32763
-0.32763
-0.32763
-0.32763
-0.32763
-0.32763
-0.32763
-0.32763
-0.32763
-0.32763
-0.32763
-0.32763
-0.32763
-0.32763
-0.32763
-0.32763
-0.32763
-0.32763
-0.32763
-0.32763
-0.32763
-0.32763
-0.32763
-0.32763
-0.32763
-0.32763
-0.32763
-0.32763
-0.32763
-0.32763
-0.32763
-0.32763
-0.32763
-0.32763
-0.32763
-0.32763
-0.32763
-0.32763
-0.32763
-0.32763
-0.32763
-0.32763
-0.32763
-0.32763
-0.32763
-0.32763
-0.32763
-0.32763
-0.32763
-0.32763
-0.32763
-0.32763
-0.32763
-0.32763
-0.32763
-0.32763
-0.32763
-0.32763
-0.32763
-0.32763
-0.32763
-0.32763
-0.32763
-0.32763
-0.32763
-0.32763
-0.32763
-0.32763
-0.32763
-0.32763
-0.32763
-0.32763
-0.32763
-0.32763
-0.32763
-0.32763
-0.32763
-0.32763
-0.32763
-0.32763
-0.32763
-0.32763
-0.32763
-0.32763
-0.32763
-0.32763
-0.32763
-0.32763
-0.32763
-0.32763
-0.32763
-0.32763
-0.32763
-0.32763
-0.32763
-0.32763
-0.32763
-0.32763
-0.32763
-0.32763
-0.32763
-0.32763
-0.32763
-0.32763
-0.32763
-0.32763
-0.32763
-0.32763
-0.32763
-0.32763
-0.32763
-0.32763
-0.32763
-0.32763
-0.32763
-0.32763
-0.32763
-0.32763
-0.32763
-0.32763
-0.32763
-0.32763
-0.32763
-0.32763
-0.32763
-0.32763
-0.32763
-0.32763
-0.32763
-0.32763
-0.32763
-0.32763
-0.32763
-0.32763
-0.32763
-0.32763
-0.32763
-0.32763
-0.32763
-0.32763
-0.32763
-0.32763
-0.32763
-0.32763
-0.32763
-0.32763
-0.32763
-0.32763
-0.32763
-0.32763
-0.32763
-0.32763
-0.32763
-0.32763
-0.32763
-0.32763
-0.32763
-0.32763
-0.32763
-0.32763
-0.32763
-0.32763
-0.32763
-0.32763
-0.32763
-0.32763
-0.32763
-0.32763
-0.32763
-0.32763
-0.32763
-0.32763
-0.32763
-0.32763
-0.32763
-0.32763
-0.32763
-0.32763
-0.32763
-0.32763
-0.32763
-0.32763
-0.32763
-0.32763
-0.32763
-0.32763
-0.32763
-0.32763
-0.32763
-0.32763
-0.32763
-0.32763
-0.32763
-0.32763
-0.32763
-0.32763
-0.32763
-0.32763
-0.32763
-0.32763
-0.32763
-0.32763
-0.32763
-0.32763
-0.32763
-0.32763
-0.32763
-0.32763
-0.32763
-0.32763
-0.32763
-0.32763
-0.32763
-0.32763
-0.32763
-0.32763
-0.32763
-0.32763
-0.32763
-0.32763
-0.32763
-0.32763
-0.32763
-0.32763
-0.32763
-0.32763
-0.32763
-0.32763
-0.32763
-0.32763
-0.32763
-0.32763
-0.32763
-0.32763
-0.32763
-0.32763
-0.32763
-0.32763
-0.32763
-0.32763
-0.32763
-0.32763
-0.32763
-0.32763
-0.32763
-0.32763
-0.32763
-0.32763
-0.32763
-0.32763
-0.32763
-0.32763
-0.32763
-0.32763
-0.32763
-0.32763
-0.32763
-0.32763
-0.32763
-0.32763
-0.32763
-0.32763
-0.32763
-0.32763
-0.32763
-0.32763
-0.32763
-0.32763
-0.32763
-0.32763
-0.32763
-0.32763
-0.32763
-0.32763
-0.32763
-0.32763
-0.32763
-0.32763
-0.32763
-0.32763
-0.32763
-0.32763
-0.32763
-0.32763
-0.32763
-0.32763
-0.32763
-0.32763
-0.32763
-0.32763
-0.32763
-0.32763
-0.32763
-0.32763
-0.32763
-0.32763
-0.32763
-0.32763
-0.32763
-0.32763
-0.32763
-0.32763
-0.32763
-0.32763
-0.32763
-0.32763
-0.32763
-0.32763
-0.32763
-0.32763
-0.32763
-0.32763
-0.32763
-0.32763
-0.32763
-0.32763
-0.32763
-0.32763
-0.32763
-0.32763
-0.32763
-0.32763
-0.32763
-0.32763
-0.32763
-0.32763
-0.32763
-0.32763
-0.32763
-0.32763
-0.32763
-0.32763
-0.32763
-0.32763
-0.32763
-0.32763
-0.32763
-0.32763
-0.32763
-0.32763
-0.32763
-0.32763
-0.32763
-0.32763
-0.32763
-0.32763
-0.32763
-0.32763
-0.32763
-0.32763
-0.32763
-0.32763
-0.32763
-0.32763
-0.32763
-0.32763
-0.32763
-0.32763
-0.32763
-0.32763
-0.32763
-0.32763
-0.32763
-0.32763
-0.32763
-0.32763
-0.32763
-0.32763
-0.32763
-0.32763
-0.32763
-0.32763
-0.32763
-0.32763
-0.32763
-0.32763
-0.32763
-0.32763
-0.32763
-0.32763
-0.32763
-0.32763
-0.32763
-0.32763
-0.32763
-0.32763
-0.32763
-0.32763
-0.32763
-0.32763
-0.32763
-0.32763
-0.32763
-0.32763
-0.32763
-0.32763
-0.32763
-0.32763
-0.32763
-0.32763
-0.32763
-0.32763
-0.32763
-0.32763
-0.32763
-0.32763
-0.32763
-0.32763
-0.32763
-0.32763
-0.32763
-0.32763
-0.32763
-0.32763
-0.32763
-0.32763
-0.32763
-0.32763
-0.32763
-0.32763
-0.32763
-0.32763
-0.32763
-0.32763
-0.32763
-0.32763
-0.32763
-0.32763
-0.32763
-0.32763
-0.32763
-0.32763
-0.32763
-0.32763
-0.32763
-0.32763
-0.32763
-0.32763
-0.32763
-0.32763
-0.32763
-0.32763
-0.32763
-0.32763
-0.32763
-0.32763
-0.32763
-0.32763
-0.32763
-0.32763
-0.32763
-0.32763
-0.32763
-0.32763
-0.32763
-0.32763
-0.32763
-0.32763
-0.32763
-0.32763
-0.32763
-0.32763
-0.32763
-0.32763
-0.32763
-0.32763
-0.32763
-0.32763
-0.32763
-0.32763
-0.32763
-0.32763
-0.32763
-0.32763
-0.32763
-0.32763
-0.32763
-0.32763
-0.32763
-0.32763
-0.32763
-0.32763
-0.32763
-0.32763
-0.32763
-0.32763
-0.32763
-0.32763
-0.32763
-0.32763
-0.32763
-0.32763
-0.32763
-0.32763
-0.32763
-0.32763
-0.32763
-0.32763
-0.32763
-0.32763
-0.32763
-0.32763
-0.32763
-0.32763
-0.32763
-0.32763
-0.32763
-0.32763
-0.32763
-0.32763
-0.32763
-0.32763
-0.32763
-0.32763
-0.32763
-0.32763
-0.32763
-0.32763
-0.32763
-0.32763
-0.32763
-0.32763
-0.32763
-0.32763
-0.32763
-0.32763
-0.32763
-0.32763
-0.32763
-0.32763
-0.32763
-0.32763
-0.32763
-0.32763
-0.32763
-0.32763
-0.32763
-0.32763
-0.32763
-0.32763
-0.32763
-0.32763
-0.32763
-0.32763
-0.32763
-0.32763
-0.32763
-0.32763
-0.32763
-0.32763
-0.32763
-0.32763
-0.32763
-0.32763
-0.32763
-0.32763
-0.32763
-0.32763
-0.32763
-0.32763
-0.32763
-0.32763
-0.32763
-0.32763
-0.32763
-0.32763
-0.32763
-0.32763
-0.32763
-0.32763
-0.32763
-0.32763
-0.32763
-0.32763
-0.32763
-0.32763
-0.32763
-0.32763
-0.32763
-0.32763
-0.32763
-0.32763
-0.32763
-0.32763
-0.32763
-0.32763
-0.32763
-0.32763
-0.32763
-0.32763
-0.32763
-0.32763
-0.32763
-0.32763
-0.32763
-0.32763
-0.32763
-0.32763
-0.32763
-0.32763
-0.32763
-0.32763
-0.32763
-0.32763
-0.32763
-0.32763
-0.32763
-0.32763
-0.32763
-0.32763
-0.32763
-0.32763
-0.32763
-0.32763
-0.32763
-0.32763
-0.32763
-0.32763
-0.32763
-0.32763
-0.32763
-0.32763
-0.32763
-0.32763
-0.32763
-0.32763
-0.32763
-0.32763
-0.32763
-0.32763
-0.32763
-0.32763
-0.32763
-0.32763
-0.32763
-0.32763
-0.32763
-0.32763
-0.32763
-0.32763
-0.32763
-0.32763
-0.32763
-0.32763
-0.32763
-0.32763
-0.32763
-0.32763
-0.32763
-0.32763
-0.32763
-0.32763
-0.32763
-0.32763
-0.32763
-0.32763
-0.32763
-0.32763
-0.32763
-0.32763
-0.32763
-0.32763
-0.32763
-0.32763
-0.32763
-0.32763
-0.32763
-0.32763
-0.32763
-0.32763
-0.32763
-0.32763
-0.32763
-0.32763
-0.32763
-0.32763
-0.32763
-0.32763
-0.32763
-0.32763
-0.32763
-0.32763
-0.32763
-0.32763
-0.32763
-0.32763
-0.32763
-0.32763
-0.32763
-0.32763
-0.32763
-0.32763
-0.32763
-0.32763
-0.32763
-0.32763
-0.32763
-0.32763
-0.32763
-0.32763
-0.32763
-0.32763
-0.32763
-0.32763
-0.32763
-0.32763
-0.32763
-0.32763
-0.32763
-0.32763
-0.32763
-0.32763
-0.32763
-0.32763
-0.32763
-0.32763
-0.32763
-0.32763
-0.32763
-0.32763
-0.32763
-0.32763
-0.32763
-0.32763
-0.32763
-0.32763
-0.32763
-0.32763
-0.32763
-0.32763
-0.32763
-0.32763
-0.32763
-0.32763
-0.32763
-0.32763
-0.32763
-0.32763
-0.32763
-0.32763
-0.32763
-0.32763
-0.32763
-0.32763
-0.32763
-0.32763
-0.32763
-0.32763
-0.32763
-0.32763
-0.32763
-0.32763
-0.32763
-0.32763
-0.32763
-0.32763
-0.32763
-0.32763
-0.32763
-0.32763
-0.32763
-0.32763
-0.32763
-0.32763
-0.32763
-0.32763
-0.32763
-0.32763
-0.32763
-0.32763
-0.32763
-0.32763
-0.32763
-0.32763
-0.32763
-0.32763
-0.32763
-0.32763
-0.32763
-0.32763
-0.32763
-0.32763
-0.32763
-0.32763
-0.32763
-0.32763
-0.32763
-0.32763
-0.32763
-0.32763
-0.32763
-0.32763
-0.32763
-0.32763
-0.32763
-0.32763
-0.32763
-0.32763
-0.32763
-0.32763
-0.32763
-0.32763
-0.32763
-0.32763
-0.32763
-0.32763
-0.32763
-0.32763
-0.32763
-0.32763
-0.32763
-0.32763
-0.32763
-0.32763
-0.32763
-0.32763
-0.32763
-0.32763
-0.32763
