-2.0107
-1.95725
-1.90021
-1.83886
-1.77378
-1.70627
-1.63789
-1.57017
-1.50434
-1.44133
-1.38173
-1.33126
-1.30446
-1.29329
-1.28579
-1.27344
-1.25666
-1.23643
-1.21355
-1.1887
-1.1625
-1.13544
-1.10795
-1.08024
-1.05224
-1.02461
-0.997705
-0.971438
-0.945594
-0.92032
-0.897113
-0.890521
-0.884685
-0.879521
-0.874958
-0.870694
-0.865977
-0.860746
-0.854989
-0.848691
-0.841835
-0.834401
-0.826369
-0.817718
-0.808426
-0.798472
-0.787836
-0.776499
-0.764447
-0.752556
-0.741419
-0.730973
-0.721174
-0.71116
-0.700466
-0.689081
-0.677002
-0.664226
-0.650757
-0.636606
-0.621787
-0.606323
-0.590242
-0.573579
-0.556378
-0.538687
-0.520563
-0.502067
-0.483266
-0.464232
-0.44504
-0.425767
-0.406492
-0.387294
-0.36825
-0.349435
-0.33092
-0.312772
-0.295053
-0.277817
-0.261113
-0.244982
-0.229458
-0.214568
-0.200332
-0.186763
-0.173868
-0.161646
-0.150094
-0.139202
-0.128957
-0.119341
-0.110336
-0.101918
-0.0940684
-0.0867542
-0.0799528
-0.0736365
-0.0677769
-0.0623569
-0.0573415
-0.0527083
-0.048431
-0.0444842
-0.0408501
-0.0375058
-0.0344295
-0.0316018
-0.029004
-0.0266189
-0.0244301
-0.0224224
-0.0205815
-0.0188943
-0.0173484
-0.0159324
-0.0146358
-0.0134488
-0.0123623
-0.0113679
-0.0104581
-0.0096257
-0.00886418
-0.00816757
-0.00753038
-0.00694752
-0.0064144
-0.0059267
-0.0054806
-0.00507247
-0.00469904
-0.00435738
-0.00404467
-0.00375847
-0.00349642
-0.0032565
-0.00303672
-0.00283541
-0.00265089
-0.00248174
-0.00232663
-0.00218434
-0.00205373
-0.00193382
-0.00182365
-0.00172241
-0.00162928
-0.00154361
-0.00146471
-0.00139202
-0.00132499
-0.00126314
-0.00120602
0.0011795
0.00117855
0.00117642
0.00117324
0.00116911
0.00116414
0.00115841
0.00115201
0.00114501
0.00113749
0.0011295
0.00112109
0.00111233
0.00110325
0.00109391
0.00108433
0.00107455
0.0010646
0.00105452
0.00104433
0.0010363
0.00130004
0.00101233
0.00100239
0.000992207
0.000983949
0.001237
0.000960196
0.000950276
0.000940178
0.000931901
0.00117325
0.00090874
0.000899046
0.000889216
0.00088113
0.00109684
0.000858824
0.000849483
0.000840036
0.000832255
0.00103747
0.000810951
0.000803667
0.000932619
0.000783248
0.000774643
0.000765938
0.000758757
0.000949692
0.000739186
0.000730993
0.000722729
0.000715919
0.000892727
0.00069741
0.000689668
0.000681864
0.000675434
0.000845215
0.000657971
0.000650669
0.000656448
0.000637252
0.000800613
0.000620791
0.000613911
0.000632747
0.000601273
0.000756081
0.000585767
0.000579288
0.000617011
0.000567391
0.000714986
0.000552785
0.000546685
0.000566791
0.000535488
0.000657767
0.000521733
0.000515989
0.000544085
0.000505449
0.00062522
0.000493401
0.000487087
0.000523093
0.000477165
0.000593651
0.000467303
0.000459869
0.000493199
0.000450529
0.000561484
0.000442463
0.000434235
0.000455569
0.000424571
0.000419766
0.000415004
0.000410289
0.000405625
0.000401014
0.000396456
0.000391951
0.000387499
0.0003831
0.000378752
0.000374457
0.000370212
0.000366018
0.000361873
0.000357777
0.00035373
0.00034973
0.000345778
0.000341872
0.000338012
0.000334197
0.000330427
0.000326701
0.000323019
0.00031938
0.000315783
0.000312229
0.000308715
0.000305243
0.000301811
0.000298419
0.000295067
0.000291753
0.000288478
0.000285241
0.000282042
0.000278879
0.000275752
0.000272661
0.000269607
0.000266588
0.000263604
0.000260654
0.000257738
0.000254856
0.000252006
0.000249189
0.000246406
0.000243654
0.000240934
0.000238244
0.000235585
0.000232957
0.000230112
0.000278833
0.000225271
0.000274267
0.000228798
0.000216975
0.000240307
0.000213066
0.000253086
0.000208334
0.00025505
0.000211876
0.00020067
0.00022653
0.000197042
0.000234656
0.000192678
0.000236391
0.000188407
0.000234712
0.000184187
0.000237107
0.000189553
0.000177479
0.000176039
0.00023067
0.000172578
0.000207204
0.000168587
0.000207391
0.000164856
0.000206728
0.000161164
0.000207774
0.000157622
0.000203762
0.000154185
0.000189086
0.000162215
0.000148534
0.000147335
0.000190317
0.000144554
0.000142534
0.000196322
0.000140737
0.000137925
0.000185569
0.00013482
0.000133456
0.000181267
0.000131573
0.000129122
0.00017441
0.000126958
0.000124922
0.000166083
0.000121848
0.000120855
0.000161308
0.000118065
0.000116919
0.000158403
0.000115053
0.000113109
0.00015185
0.000110756
0.000109423
0.000144886
0.000106679
0.000105857
0.000142136
0.000103681
0.000102408
0.000137807
0.00010034
9.90712e-05
0.000131623
9.65877e-05
9.5844e-05
0.00012773
9.34474e-05
9.27227e-05
0.00012431
9.06529e-05
8.97036e-05
0.000119509
8.74564e-05
8.67839e-05
0.000115451
8.46101e-05
8.39595e-05
0.000112336
8.19492e-05
8.1228e-05
0.000106969
7.91945e-05
7.85867e-05
0.000105624
7.68642e-05
7.6031e-05
9.99079e-05
7.4128e-05
7.35593e-05
9.78872e-05
7.17185e-05
7.1168e-05
9.4693e-05
6.93887e-05
6.88567e-05
6.74667e-05
6.70762e-05
0.000124497
7.95441e-05
7.06703e-05
6.48693e-05
8.84553e-05
6.63416e-05
6.43021e-05
6.18362e-05
9.7637e-05
6.7656e-05
7.35549e-05
5.90854e-05
5.82188e-05
5.76849e-05
9.48228e-05
6.47013e-05
6.51923e-05
5.63774e-05
5.4501e-05
5.39383e-05
9.24688e-05
6.20339e-05
5.96943e-05
5.40112e-05
5.10258e-05
5.05155e-05
5.01157e-05
9.86856e-05
6.1864e-05
5.57951e-05
4.74527e-05
7.11031e-05
5.31213e-05
5.13663e-05
4.66918e-05
6.80436e-05
5.01198e-05
4.86885e-05
4.34908e-05
7.04584e-05
5.05534e-05
4.8151e-05
4.16983e-05
4.15464e-05
4.10611e-05
4.07538e-05
8.4708e-05
5.25871e-05
4.69522e-05
3.93654e-05
4.00863e-05
3.76376e-05
3.74613e-05
7.95526e-05
4.83646e-05
4.30199e-05
3.67667e-05
3.72112e-05
3.48138e-05
3.46733e-05
3.41159e-05
3.39812e-05
8.63357e-05
4.96259e-05
4.25446e-05
3.58364e-05
3.59496e-05
3.17105e-05
3.21823e-05
3.12951e-05
3.09973e-05
7.1316e-05
4.2796e-05
3.75313e-05
3.14755e-05
3.19244e-05
2.87238e-05
2.83707e-05
2.79513e-05
2.78669e-05
6.88457e-05
4.01737e-05
3.46447e-05
2.90832e-05
2.93802e-05
2.60555e-05
2.59169e-05
2.54321e-05
2.51498e-05
2.48091e-05
2.47433e-05
7.09585e-05
3.96404e-05
3.35457e-05
2.75518e-05
2.78051e-05
2.31263e-05
2.40645e-05
2.2566e-05
2.2313e-05
2.20716e-05
2.18384e-05
2.15559e-05
2.14996e-05
6.92589e-05
3.76241e-05
3.19952e-05
2.52993e-05
2.5626e-05
2.03815e-05
2.18009e-05
1.95866e-05
1.94305e-05
1.91545e-05
1.89509e-05
1.87525e-05
1.85578e-05
1.83658e-05
1.81758e-05
6.39299e-05
3.40627e-05
2.90534e-05
2.23767e-05
2.29051e-05
1.77434e-05
1.9147e-05
1.66354e-05
1.69061e-05
1.62658e-05
1.60918e-05
1.59225e-05
1.57563e-05
1.55926e-05
1.54308e-05
1.52705e-05
1.51111e-05
5.58654e-05
2.94438e-05
2.51452e-05
1.90672e-05
1.9686e-05
1.49726e-05
1.62926e-05
1.39827e-05
1.43034e-05
1.35107e-05
1.33657e-05
1.32246e-05
1.30861e-05
1.29497e-05
1.28149e-05
1.26814e-05
1.2549e-05
1.24175e-05
1.22869e-05
1.21573e-05
1.20285e-05
5.08363e-05
2.58757e-05
2.20434e-05
1.62422e-05
1.69478e-05
1.24653e-05
1.37918e-05
1.15084e-05
1.1881e-05
1.07419e-05
1.06759e-05
1.05138e-05
1.04035e-05
1.0295e-05
1.01877e-05
1.00814e-05
9.97591e-06
9.87125e-06
9.76734e-06
9.66418e-06
9.56177e-06
9.46014e-06
9.35932e-06
9.25932e-06
9.16017e-06
9.06189e-06
8.96451e-06
4.10741e-05
2.05073e-05
1.76224e-05
1.26257e-05
1.33976e-05
9.67527e-06
1.07866e-05
8.87018e-06
9.18469e-06
8.22145e-06
8.18269e-06
7.82854e-06
7.7461e-06
7.66505e-06
7.58503e-06
7.5058e-06
7.42722e-06
7.34924e-06
7.2719e-06
7.19508e-06
7.11867e-06
7.04287e-06
6.96777e-06
6.89335e-06
6.81956e-06
6.74638e-06
6.67385e-06
6.60202e-06
6.53092e-06
6.46049e-06
6.39064e-06
6.32154e-06
6.25325e-06
6.18563e-06
6.11864e-06
6.05232e-06
5.98672e-06
5.92183e-06
5.85767e-06
5.79433e-06
5.73144e-06
5.66901e-06
2.76376e-05
1.34099e-05
1.16377e-05
8.12252e-06
8.83898e-06
6.28165e-06
7.10357e-06
5.84254e-06
6.02905e-06
5.40802e-06
5.37023e-06
5.06704e-06
5.04763e-06
4.84451e-06
4.79945e-06
4.74374e-06
4.69396e-06
4.64483e-06
4.59617e-06
4.54736e-06
4.49884e-06
4.45079e-06
4.40328e-06
4.3563e-06
4.3097e-06
4.26351e-06
4.2177e-06
4.17229e-06
4.12731e-06
4.08277e-06
4.03867e-06
3.99501e-06
3.95182e-06
3.90929e-06
3.86714e-06
3.82492e-06
3.78352e-06
3.74246e-06
3.7018e-06
3.66183e-06
3.622e-06
3.58288e-06
3.54391e-06
3.50531e-06
3.46709e-06
3.42969e-06
3.39251e-06
3.35735e-06
3.3272e-06
3.298e-06
3.26844e-06
3.23924e-06
3.21096e-06
3.18173e-06
3.15377e-06
3.12581e-06
3.09744e-06
3.07091e-06
3.04274e-06
3.01607e-06
2.98909e-06
2.96257e-06
2.93557e-06
2.91058e-06
2.88365e-06
2.85865e-06
2.83252e-06
2.80858e-06
2.78196e-06
2.75837e-06
2.73286e-06
2.70936e-06
2.68446e-06
2.66123e-06
2.63713e-06
2.61358e-06
2.59062e-06
2.56754e-06
2.5439e-06
2.52157e-06
2.49951e-06
2.47659e-06
2.45508e-06
2.43285e-06
2.41109e-06
2.3897e-06
2.36792e-06
2.34722e-06
2.32596e-06
2.30562e-06
2.28435e-06
2.26433e-06
2.24409e-06
2.22316e-06
2.20387e-06
2.184e-06
2.16538e-06
2.14499e-06
2.12642e-06
2.1063e-06
2.08789e-06
2.06954e-06
2.05028e-06
2.0326e-06
2.01421e-06
1.99611e-06
1.97787e-06
1.95947e-06
1.94335e-06
1.92482e-06
1.9076e-06
1.89101e-06
1.87324e-06
1.85645e-06
1.84032e-06
1.82334e-06
1.80719e-06
1.79055e-06
1.77465e-06
1.75721e-06
1.74336e-06
1.72694e-06
1.71049e-06
1.69614e-06
1.68022e-06
1.66524e-06
1.64998e-06
1.63513e-06
1.62012e-06
1.60562e-06
1.59113e-06
1.57675e-06
1.56262e-06
1.54813e-06
1.53438e-06
1.52047e-06
1.5063e-06
1.49294e-06
1.47936e-06
1.46574e-06
1.45264e-06
1.4395e-06
1.42614e-06
1.41322e-06
1.40054e-06
1.38769e-06
1.37508e-06
1.36254e-06
1.35018e-06
1.33789e-06
1.32568e-06
1.31368e-06
1.30163e-06
1.28979e-06
1.27811e-06
1.26632e-06
1.25497e-06
1.24337e-06
1.23206e-06
1.22093e-06
1.20961e-06
1.19867e-06
1.1878e-06
1.17712e-06
1.16596e-06
1.1558e-06
1.14477e-06
1.13451e-06
1.12416e-06
1.11397e-06
1.10377e-06
1.09423e-06
1.08318e-06
1.074e-06
1.06392e-06
1.05437e-06
1.0446e-06
1.03519e-06
1.02571e-06
1.01647e-06
1.00711e-06
9.97785e-07
9.8891e-07
9.79654e-07
9.73668e-07
9.61905e-07
9.53217e-07
9.44215e-07
9.35698e-07
9.26956e-07
9.18685e-07
9.10269e-07
9.0214e-07
8.93884e-07
8.85834e-07
8.77721e-07
8.69752e-07
8.61825e-07
8.53979e-07
8.46179e-07
8.38483e-07
8.30846e-07
8.23268e-07
8.15814e-07
8.08351e-07
8.01023e-07
7.93717e-07
7.865e-07
7.7934e-07
7.7227e-07
7.65231e-07
7.58262e-07
7.51401e-07
7.44565e-07
7.37793e-07
7.31071e-07
7.24469e-07
7.17866e-07
7.11352e-07
7.049e-07
6.98455e-07
6.92213e-07
6.85863e-07
6.7968e-07
6.73484e-07
6.67402e-07
6.61335e-07
6.55355e-07
6.49395e-07
6.43533e-07
6.37703e-07
6.31926e-07
6.22808e-07
6.20953e-07
6.14472e-07
6.09531e-07
6.03307e-07
5.98375e-07
5.92621e-07
5.87701e-07
5.82124e-07
5.77145e-07
5.7174e-07
5.6677e-07
5.61518e-07
5.56567e-07
5.51444e-07
5.46541e-07
5.4154e-07
5.36705e-07
5.31822e-07
5.27056e-07
5.22278e-07
5.17589e-07
5.12907e-07
5.08296e-07
5.03705e-07
4.99173e-07
4.9467e-07
4.90216e-07
4.85798e-07
4.81425e-07
4.77087e-07
4.72793e-07
4.68536e-07
4.64318e-07
4.60138e-07
4.55993e-07
4.51893e-07
4.47826e-07
4.43798e-07
4.39807e-07
4.35846e-07
4.3193e-07
4.28044e-07
4.24196e-07
4.2038e-07
4.19608e-07
4.11879e-07
4.09568e-07
4.04693e-07
4.01884e-07
3.97736e-07
3.94785e-07
3.90852e-07
3.87659e-07
3.83902e-07
3.80673e-07
3.77101e-07
3.73863e-07
3.70407e-07
3.67167e-07
3.63801e-07
3.60585e-07
3.57303e-07
3.54128e-07
3.50923e-07
3.47792e-07
3.44656e-07
3.41575e-07
3.38501e-07
3.3547e-07
3.32456e-07
3.29476e-07
3.26518e-07
3.2359e-07
3.20687e-07
3.1781e-07
3.1496e-07
3.12135e-07
3.09336e-07
3.06561e-07
3.03812e-07
3.01087e-07
2.98388e-07
2.95711e-07
2.93061e-07
2.90433e-07
2.87829e-07
2.85249e-07
2.82692e-07
2.80158e-07
2.77648e-07
2.75159e-07
2.72694e-07
2.70249e-07
2.67829e-07
2.65428e-07
2.63051e-07
2.60694e-07
2.57239e-07
2.57614e-07
2.51964e-07
2.53124e-07
2.47564e-07
2.46807e-07
2.44981e-07
2.42279e-07
2.40626e-07
2.38008e-07
2.36479e-07
2.3386e-07
2.32209e-07
2.29691e-07
2.2799e-07
2.25629e-07
2.23887e-07
2.21658e-07
2.19874e-07
2.17749e-07
2.15936e-07
2.13899e-07
2.12072e-07
2.1011e-07
2.08284e-07
2.06385e-07
2.0457e-07
2.02725e-07
2.00927e-07
1.99129e-07
1.97353e-07
1.95596e-07
1.93845e-07
1.92125e-07
1.90403e-07
1.88717e-07
1.87024e-07
1.8537e-07
1.83707e-07
1.82084e-07
1.80451e-07
1.78857e-07
1.77254e-07
1.75688e-07
1.74116e-07
1.72577e-07
1.70046e-07
1.69356e-07
1.67743e-07
1.66487e-07
1.65169e-07
1.63873e-07
1.62375e-07
1.60868e-07
1.59373e-07
1.57884e-07
1.56477e-07
1.55045e-07
1.53704e-07
1.52313e-07
1.51005e-07
1.49642e-07
1.4835e-07
1.47012e-07
1.45736e-07
1.44425e-07
1.43167e-07
1.41885e-07
1.40645e-07
1.39391e-07
1.38169e-07
1.36942e-07
1.3574e-07
1.34539e-07
1.33356e-07
1.32179e-07
1.31016e-07
1.29862e-07
1.28719e-07
1.27587e-07
1.26504e-07
1.25535e-07
1.24574e-07
1.23621e-07
1.22676e-07
1.2174e-07
1.22819e-07
1.18444e-07
1.20728e-07
1.17653e-07
1.17484e-07
1.16176e-07
1.15589e-07
1.14871e-07
1.13914e-07
1.13063e-07
1.12054e-07
1.11215e-07
1.10275e-07
1.09455e-07
1.08571e-07
1.07765e-07
1.06923e-07
1.06131e-07
1.05317e-07
1.04534e-07
1.0374e-07
1.02965e-07
1.02186e-07
1.0142e-07
1.00654e-07
9.98995e-08
9.91468e-08
9.84029e-08
9.76792e-08
9.699e-08
9.63066e-08
9.56289e-08
9.4957e-08
9.42907e-08
9.363e-08
9.29749e-08
9.23252e-08
9.16809e-08
9.10419e-08
9.04083e-08
8.978e-08
8.91568e-08
8.85387e-08
8.79258e-08
8.73179e-08
8.6715e-08
8.61171e-08
8.5524e-08
8.49357e-08
8.43524e-08
8.37736e-08
8.31997e-08
8.26304e-08
8.20657e-08
8.15055e-08
8.09499e-08
8.03989e-08
7.98522e-08
7.89068e-08
7.80605e-08
7.75048e-08
7.78378e-08
7.75243e-08
7.71049e-08
7.64411e-08
7.58671e-08
7.52867e-08
7.47546e-08
7.42273e-08
7.3709e-08
7.31876e-08
7.26748e-08
7.21694e-08
7.16773e-08
7.11922e-08
7.07176e-08
7.02461e-08
6.97823e-08
6.93192e-08
6.88627e-08
6.84063e-08
6.79563e-08
6.75064e-08
6.70628e-08
6.66551e-08
6.62627e-08
6.58733e-08
6.5487e-08
6.51035e-08
6.47232e-08
6.43456e-08
6.39714e-08
6.35996e-08
6.32311e-08
6.28651e-08
6.25024e-08
6.2142e-08
6.17849e-08
6.14301e-08
6.10785e-08
6.07291e-08
6.03829e-08
6.0039e-08
5.9698e-08
5.93593e-08
5.90236e-08
5.869e-08
5.83594e-08
5.80309e-08
5.77054e-08
5.73818e-08
5.70611e-08
5.67426e-08
5.64267e-08
5.64548e-08
5.4642e-08
5.52299e-08
5.53439e-08
5.50713e-08
5.47327e-08
5.44019e-08
5.40351e-08
5.37013e-08
5.34116e-08
5.31519e-08
5.2877e-08
5.25937e-08
5.22969e-08
5.20023e-08
5.17066e-08
5.14318e-08
5.12351e-08
5.10434e-08
5.08542e-08
5.06689e-08
5.04864e-08
5.03057e-08
5.01278e-08
5.04753e-08
4.89309e-08
4.95218e-08
4.96006e-08
4.9139e-08
4.90104e-08
4.89239e-08
4.87282e-08
4.85312e-08
4.83275e-08
4.82111e-08
4.80571e-08
4.79753e-08
4.77985e-08
4.76876e-08
4.74812e-08
4.73589e-08
4.71479e-08
4.70282e-08
4.68226e-08
4.67096e-08
4.65111e-08
4.6403e-08
4.62097e-08
4.61039e-08
4.59141e-08
4.58096e-08
4.56227e-08
4.55192e-08
4.53351e-08
4.52326e-08
4.50514e-08
4.49498e-08
4.47715e-08
4.46711e-08
4.44955e-08
4.43962e-08
4.42231e-08
4.41251e-08
4.39547e-08
4.38577e-08
4.36898e-08
4.35939e-08
4.34285e-08
4.33337e-08
4.31706e-08
4.30769e-08
4.29162e-08
4.28236e-08
4.26651e-08
4.25735e-08
4.24174e-08
4.23268e-08
4.21728e-08
4.20832e-08
4.19315e-08
4.18428e-08
4.16932e-08
4.16055e-08
4.1458e-08
4.13712e-08
4.12257e-08
4.11399e-08
4.09964e-08
4.09115e-08
4.077e-08
4.05085e-08
4.12684e-08
4.07451e-08
3.9709e-08
4.30352e-08
3.88792e-08
3.89724e-08
3.99705e-08
3.99754e-08
4.17952e-08
3.75296e-08
3.89006e-08
4.14684e-08
3.78104e-08
4.03217e-08
3.80625e-08
3.8127e-08
4.07748e-08
3.67028e-08
3.98453e-08
3.95314e-08
3.70333e-08
3.76298e-08
4.02621e-08
3.61749e-08
3.90904e-08
3.89854e-08
3.63312e-08
3.83489e-08
3.89741e-08
3.57085e-08
3.79078e-08
3.87514e-08
3.55393e-08
3.78257e-08
3.80266e-08
3.68766e-08
3.7093e-08
3.69272e-08
3.66756e-08
3.68503e-08
3.61441e-08
3.68299e-08
3.57529e-08
3.6844e-08
3.54412e-08
3.68163e-08
3.53062e-08
3.66647e-08
3.52198e-08
3.64739e-08
3.5046e-08
3.63206e-08
3.49002e-08
3.61272e-08
3.47695e-08
3.59418e-08
3.46147e-08
3.5801e-08
3.43932e-08
3.57738e-08
3.38647e-08
3.57846e-08
3.41891e-08
3.52591e-08
3.37544e-08
3.49292e-08
3.49226e-08
3.51014e-08
3.4529e-08
4.03496e-08
3.12216e-08
3.44052e-08
3.45249e-08
3.80727e-08
3.39856e-08
4.17909e-08
3.49622e-08
3.19193e-08
3.37152e-08
3.40516e-08
3.7415e-08
3.11949e-08
3.28287e-08
3.40744e-08
3.49907e-08
2.98513e-08
3.37665e-08
3.32401e-08
3.67395e-08
2.98935e-08
3.48855e-08
3.03989e-08
3.4427e-08
3.13078e-08
3.38968e-08
3.03656e-08
3.27049e-08
3.44929e-08
2.94701e-08
3.40961e-08
3.1692e-08
3.27949e-08
3.15136e-08
3.13145e-08
3.17729e-08
2.92598e-08
3.32335e-08
3.46592e-08
2.77172e-08
3.21605e-08
3.30797e-08
3.01855e-08
3.24276e-08
3.14965e-08
3.03689e-08
3.16694e-08
3.07001e-08
3.03612e-08
3.05299e-08
3.15236e-08
2.88089e-08
3.36185e-08
2.7622e-08
3.29913e-08
2.98107e-08
3.05277e-08
3.0036e-08
3.13051e-08
3.03961e-08
3.14376e-08
3.02248e-08
2.91097e-08
3.07076e-08
3.05427e-08
2.99215e-08
3.25666e-08
2.86691e-08
3.28602e-08
2.7185e-08
3.04665e-08
2.95464e-08
3.1648e-08
2.86116e-08
2.95144e-08
2.9059e-08
2.97709e-08
3.00425e-08
3.00105e-08
2.89487e-08
2.85538e-08
2.82002e-08
3.07363e-08
2.81e-08
2.96156e-08
2.85091e-08
2.85013e-08
2.85696e-08
2.99846e-08
2.83705e-08
2.73015e-08
2.93238e-08
2.86871e-08
2.7968e-08
2.89112e-08
2.81628e-08
2.70069e-08
2.96212e-08
2.81993e-08
2.76334e-08
2.85166e-08
2.78471e-08
2.68744e-08
2.96975e-08
2.6765e-08
3.04475e-08
2.64552e-08
2.97638e-08
2.62748e-08
2.8173e-08
2.62516e-08
2.77691e-08
2.93651e-08
2.60703e-08
3.09997e-08
2.4935e-08
2.69829e-08
3.06598e-08
2.46521e-08
2.66505e-08
2.69174e-08
2.74299e-08
2.9541e-08
2.53352e-08
2.74188e-08
2.61068e-08
2.71678e-08
2.61148e-08
2.69625e-08
2.62231e-08
2.67694e-08
2.62231e-08
2.66187e-08
2.61965e-08
2.64791e-08
2.61579e-08
2.6352e-08
2.61069e-08
2.6234e-08
2.60461e-08
2.61221e-08
2.59777e-08
2.68473e-08
2.86313e-08
2.42495e-08
2.61659e-08
2.55378e-08
2.59203e-08
2.55151e-08
2.58818e-08
2.54987e-08
2.57325e-08
2.54574e-08
2.56056e-08
2.53917e-08
2.54949e-08
2.53199e-08
2.53944e-08
2.52436e-08
2.53029e-08
2.51649e-08
2.52182e-08
2.50855e-08
2.51385e-08
2.50061e-08
2.50621e-08
2.4927e-08
2.49875e-08
2.48483e-08
2.49134e-08
2.47698e-08
2.48391e-08
2.46916e-08
2.4764e-08
2.46135e-08
2.46881e-08
2.45356e-08
2.46112e-08
2.44579e-08
2.45334e-08
2.43804e-08
2.44547e-08
2.2813e-08
2.54882e-08
2.43631e-08
2.43557e-08
2.41695e-08
2.4167e-08
2.41409e-08
2.40486e-08
2.40722e-08
2.39665e-08
2.39957e-08
2.38902e-08
2.39173e-08
2.38156e-08
2.38376e-08
2.18682e-08
2.5563e-08
2.22872e-08
2.46965e-08
2.24552e-08
2.47504e-08
2.22745e-08
2.46886e-08
2.22987e-08
2.45513e-08
2.22736e-08
2.43666e-08
2.21049e-08
2.45024e-08
2.21607e-08
2.41351e-08
2.19818e-08
2.43498e-08
2.19986e-08
2.40068e-08
2.18854e-08
2.41316e-08
2.18559e-08
2.3882e-08
2.17664e-08
2.39414e-08
2.17344e-08
2.3724e-08
2.16359e-08
2.37793e-08
2.16159e-08
2.35543e-08
2.15112e-08
2.36172e-08
2.14953e-08
2.33891e-08
2.1393e-08
-2.0895e-08
2.61941e-08
1.98978e-08
2.4431e-08
2.14267e-08
2.11105e-08
2.39103e-08
1.99494e-08
2.45322e-08
2.09541e-08
2.04854e-08
2.45242e-08
2.02769e-08
2.35385e-08
2.11853e-08
2.07956e-08
-2.20532e-08
2.61454e-08
1.97634e-08
2.5098e-08
2.06521e-08
2.0828e-08
-2.21544e-08
2.42831e-08
2.16725e-08
2.07517e-08
2.04479e-08
2.30764e-08
1.92885e-08
2.4149e-08
2.03671e-08
2.04393e-08
1.93478e-08
2.48709e-08
1.90163e-08
2.31883e-08
2.04752e-08
2.04062e-08
1.99219e-08
2.33172e-08
1.99121e-08
2.42429e-08
1.99085e-08
2.0222e-08
1.96147e-08
2.34379e-08
1.89681e-08
2.26491e-08
2.00902e-08
2.00536e-08
1.96009e-08
2.28448e-08
1.85989e-08
2.27878e-08
1.98077e-08
1.99083e-08
1.95543e-08
2.24524e-08
1.8707e-08
2.22644e-08
1.9689e-08
1.96839e-08
1.92122e-08
2.24894e-08
1.86849e-08
-2.6222e-08
2.58042e-08
1.81471e-08
-2.18823e-08
2.3442e-08
1.9074e-08
1.85531e-08
2.22225e-08
1.83288e-08
-2.54923e-08
2.50122e-08
1.84673e-08
1.8655e-08
2.18009e-08
1.87683e-08
-1.94084e-08
2.31068e-08
1.86459e-08
1.84877e-08
2.15017e-08
1.87825e-08
1.77644e-08
2.22155e-08
1.85673e-08
1.81591e-08
2.14999e-08
1.86804e-08
1.79729e-08
2.14356e-08
1.84806e-08
1.78029e-08
2.15384e-08
1.84974e-08
1.80146e-08
2.47569e-08
2.54818e-08
1.64914e-08
2.35896e-08
2.42693e-08
1.77215e-08
1.84917e-08
1.74445e-08
2.16213e-08
1.69456e-08
-2.48772e-08
2.46477e-08
1.72545e-08
1.78776e-08
2.13565e-08
2.43007e-08
1.66001e-08
2.0351e-08
2.2975e-08
1.75192e-08
1.81376e-08
1.73051e-08
2.46153e-08
2.51553e-08
1.51151e-08
2.10207e-08
1.77941e-08
1.75815e-08
1.87712e-08
-2.57135e-08
2.32065e-08
2.05211e-08
2.28361e-08
1.69623e-08
1.76046e-08
1.64901e-08
2.11916e-08
1.68451e-08
-1.72796e-08
2.14554e-08
1.71139e-08
1.73052e-08
1.75171e-08
2.20484e-08
1.63071e-08
1.78708e-08
2.15481e-08
1.68907e-08
1.73967e-08
1.66959e-08
2.22273e-08
2.37553e-08
1.47995e-08
2.37883e-08
2.35655e-08
1.61239e-08
1.71455e-08
1.61051e-08
2.42944e-08
2.46426e-08
1.43371e-08
2.32992e-08
2.31936e-08
1.5977e-08
1.69792e-08
1.60426e-08
2.32462e-08
2.39419e-08
1.41933e-08
2.33132e-08
2.30592e-08
1.57371e-08
1.67601e-08
1.5783e-08
2.31613e-08
2.38433e-08
1.40425e-08
2.25274e-08
2.26086e-08
1.56003e-08
1.6581e-08
1.56877e-08
2.22531e-08
2.32676e-08
1.39292e-08
2.22443e-08
2.23631e-08
1.54005e-08
1.63779e-08
1.54828e-08
2.19315e-08
2.30319e-08
1.37926e-08
2.16274e-08
2.19825e-08
1.52481e-08
1.61941e-08
1.53544e-08
2.1232e-08
2.25711e-08
1.36732e-08
2.127e-08
2.17081e-08
1.50651e-08
1.60001e-08
1.51723e-08
2.08405e-08
2.22873e-08
1.35398e-08
2.0758e-08
2.13707e-08
1.49063e-08
1.58163e-08
1.50278e-08
2.02686e-08
2.18943e-08
1.34158e-08
2.03816e-08
2.10896e-08
1.47329e-08
1.56287e-08
1.4857e-08
1.98623e-08
2.15956e-08
1.32839e-08
1.99351e-08
2.07799e-08
1.45724e-08
1.54471e-08
1.47052e-08
1.93729e-08
2.12451e-08
1.3157e-08
1.95635e-08
-2.73679e-08
2.34986e-08
1.30543e-08
-1.61313e-08
2.31322e-08
2.24407e-08
1.34498e-08
1.42231e-08
-2.05087e-08
2.11133e-08
1.37187e-08
1.41599e-08
2.04584e-08
2.12114e-08
1.35154e-08
1.40233e-08
-2.01653e-08
2.08027e-08
1.35793e-08
1.40317e-08
1.98455e-08
2.08353e-08
1.3392e-08
1.38724e-08
-1.97539e-08
2.0504e-08
1.3432e-08
1.38751e-08
1.94546e-08
-2.66004e-08
2.28691e-08
1.18699e-08
-1.81004e-08
2.51214e-08
2.2535e-08
1.24912e-08
1.41123e-08
-2.04945e-08
2.06454e-08
1.30564e-08
1.3619e-08
1.90438e-08
-2.59888e-08
2.24432e-08
1.16178e-08
-1.76452e-08
2.44757e-08
2.20767e-08
1.22639e-08
1.37028e-08
-1.99275e-08
2.66051e-08
2.27163e-08
1.13348e-08
1.73038e-08
-2.37799e-08
2.14606e-08
1.22488e-08
-1.31287e-08
1.95385e-08
-2.60064e-08
2.2081e-08
1.12784e-08
-1.70251e-08
2.35847e-08
2.14597e-08
1.19634e-08
1.31181e-08
-1.914e-08
2.56105e-08
2.2063e-08
1.10623e-08
1.66477e-08
-2.29101e-08
2.08591e-08
1.19407e-08
1.27826e-08
1.87897e-08
-2.50574e-08
2.14668e-08
1.09916e-08
-1.63716e-08
2.27027e-08
2.08384e-08
1.16694e-08
1.2592e-08
-1.84081e-08
2.46751e-08
2.1433e-08
1.07944e-08
1.6027e-08
-2.20844e-08
2.67774e-08
2.19471e-08
-1.10405e-08
1.67593e-08
-2.2594e-08
2.69334e-08
2.19113e-08
-1.10794e-08
1.67507e-08
-2.25201e-08
2.6755e-08
2.17677e-08
-1.10036e-08
1.66278e-08
-2.2336e-08
2.65182e-08
2.16046e-08
-1.09039e-08
1.64733e-08
-2.21278e-08
2.627e-08
2.14378e-08
-1.07995e-08
1.63126e-08
-2.19159e-08
2.60215e-08
2.12713e-08
-1.06949e-08
1.6152e-08
-2.17051e-08
2.57753e-08
2.11059e-08
-1.05914e-08
1.59932e-08
-2.14967e-08
2.55321e-08
2.09418e-08
-1.04892e-08
1.58364e-08
-2.1291e-08
2.5292e-08
2.07793e-08
-1.03884e-08
1.56818e-08
-2.10882e-08
2.50551e-08
-2.76779e-08
2.1015e-08
1.20704e-08
-1.76413e-08
2.2603e-08
-2.55088e-08
2.0424e-08
1.08066e-08
-1.59677e-08
2.11961e-08
-2.47698e-08
2.73538e-08
2.09944e-08
-1.16565e-08
1.7312e-08
-2.21239e-08
2.50457e-08
-2.74269e-08
2.06676e-08
1.19247e-08
-1.73485e-08
2.21007e-08
-2.48069e-08
2.72342e-08
-2.79059e-08
2.03026e-08
1.26526e-08
-1.81007e-08
2.25706e-08
-2.49184e-08
2.7143e-08
-2.76261e-08
2.77254e-08
-2.72582e-08
2.73747e-08
-2.71508e-08
2.71185e-08
-2.68568e-08
2.68063e-08
-2.65645e-08
2.65214e-08
-2.63051e-08
2.62723e-08
-2.60772e-08
2.60533e-08
-2.58745e-08
2.58578e-08
-2.56914e-08
2.56804e-08
-2.55235e-08
2.55169e-08
-2.53676e-08
2.53646e-08
-2.52213e-08
2.52211e-08
-2.50828e-08
2.50849e-08
-2.49507e-08
2.49547e-08
-2.4824e-08
2.48295e-08
-2.47019e-08
2.47085e-08
-2.45837e-08
2.45912e-08
-2.44688e-08
2.44771e-08
-2.43569e-08
2.43658e-08
-2.42476e-08
2.42569e-08
-2.41405e-08
2.41502e-08
-2.40355e-08
2.40455e-08
-2.39324e-08
2.39425e-08
-2.38309e-08
2.38411e-08
-2.37309e-08
2.37412e-08
-2.36324e-08
2.36427e-08
-2.35352e-08
2.35454e-08
-2.34391e-08
2.34493e-08
-2.33441e-08
2.33542e-08
-2.32502e-08
2.32602e-08
-2.31572e-08
2.31671e-08
-2.30652e-08
2.30749e-08
-2.2974e-08
2.29836e-08
-2.28836e-08
2.2893e-08
-2.2794e-08
2.28032e-08
-2.27051e-08
2.27142e-08
-2.2617e-08
2.26258e-08
-2.25295e-08
2.25381e-08
-2.24427e-08
2.24511e-08
-2.23564e-08
2.23646e-08
-2.22708e-08
2.22787e-08
-2.21857e-08
2.21934e-08
-2.21012e-08
2.21087e-08
-2.20172e-08
2.20244e-08
-2.19337e-08
2.19407e-08
-2.18507e-08
2.18575e-08
-2.17682e-08
2.17747e-08
-2.16861e-08
2.16924e-08
-2.16045e-08
2.16105e-08
-2.15234e-08
2.15291e-08
-2.14427e-08
2.14481e-08
-2.13623e-08
2.13675e-08
-2.12824e-08
2.12873e-08
-2.12028e-08
2.12075e-08
-2.11236e-08
2.1128e-08
-2.10447e-08
2.10489e-08
-2.09662e-08
2.09702e-08
-2.08881e-08
2.08917e-08
-2.08103e-08
2.08136e-08
-2.07328e-08
2.07359e-08
-2.06555e-08
2.06584e-08
-2.05786e-08
2.05812e-08
-2.05019e-08
2.05042e-08
-2.04255e-08
2.04275e-08
-2.03494e-08
2.03511e-08
-2.02735e-08
2.02749e-08
-2.01977e-08
2.01989e-08
-2.01223e-08
2.01232e-08
-2.00469e-08
2.00476e-08
-1.99718e-08
1.99721e-08
-1.98968e-08
1.98969e-08
-1.9822e-08
1.98217e-08
-1.97473e-08
1.97467e-08
-1.96727e-08
1.96718e-08
-1.95981e-08
1.95969e-08
-1.95236e-08
1.95221e-08
-1.94492e-08
1.94473e-08
-1.93747e-08
1.93725e-08
-1.93002e-08
1.92976e-08
-1.92256e-08
1.92226e-08
-1.91508e-08
1.91475e-08
-1.9076e-08
1.90722e-08
-1.90009e-08
1.89966e-08
-1.89255e-08
1.89208e-08
-1.88497e-08
1.88445e-08
-1.87736e-08
1.87678e-08
-1.86969e-08
1.86906e-08
-1.86196e-08
1.86126e-08
-1.85416e-08
1.85339e-08
-1.84627e-08
1.84542e-08
-1.83827e-08
1.83734e-08
-1.83015e-08
1.82911e-08
-1.82187e-08
1.82073e-08
-1.81342e-08
1.81214e-08
-1.80474e-08
1.80331e-08
-1.7958e-08
1.79419e-08
-1.78653e-08
1.78471e-08
-1.77687e-08
1.77479e-08
-1.76671e-08
1.76431e-08
-1.75591e-08
1.75312e-08
-1.7443e-08
1.741e-08
-1.73163e-08
1.72765e-08
-1.71753e-08
1.71264e-08
-1.70147e-08
1.69529e-08
-1.68259e-08
1.67453e-08
-1.65951e-08
1.64855e-08
-1.62979e-08
1.61774e-08
-1.60388e-08
1.59404e-08
-1.57358e-08
1.55353e-08
-1.51606e-08
1.46647e-08
-1.37318e-08
1.21243e-08
1.23745e-08
-1.5036e-08
1.67258e-08
-1.81457e-08
1.88717e-08
-1.92739e-08
1.919e-08
-1.88383e-08
1.86698e-08
-1.85433e-08
1.84504e-08
-1.82968e-08
1.82081e-08
-1.80697e-08
1.79978e-08
-1.78775e-08
1.78202e-08
-1.77146e-08
1.76681e-08
-1.75736e-08
1.7535e-08
-1.74488e-08
1.7416e-08
-1.73361e-08
1.73077e-08
-1.72327e-08
1.72077e-08
-1.71366e-08
1.71143e-08
-1.70463e-08
1.70261e-08
-1.69607e-08
1.69422e-08
-1.6879e-08
1.68619e-08
-1.68005e-08
1.67846e-08
-1.67247e-08
1.67099e-08
-1.66513e-08
1.66373e-08
-1.658e-08
1.65666e-08
-1.65104e-08
1.64976e-08
-1.64423e-08
1.643e-08
-1.63756e-08
1.63638e-08
-1.63102e-08
1.62987e-08
-1.62458e-08
1.62347e-08
-1.61825e-08
1.61716e-08
-1.612e-08
1.61094e-08
-1.60584e-08
1.6048e-08
-1.59975e-08
1.59873e-08
-1.59374e-08
1.59273e-08
-1.58779e-08
1.5868e-08
-1.5819e-08
1.58092e-08
-1.57607e-08
1.5751e-08
-1.5703e-08
1.56933e-08
-1.56457e-08
1.56361e-08
-1.55889e-08
1.55794e-08
-1.55325e-08
1.55231e-08
-1.54766e-08
1.54672e-08
-1.54211e-08
1.54117e-08
-1.53659e-08
1.53566e-08
-1.53112e-08
1.53019e-08
-1.52568e-08
1.52475e-08
-1.52027e-08
1.51935e-08
-1.51489e-08
1.51397e-08
-1.50955e-08
1.50863e-08
-1.50424e-08
1.50332e-08
-1.49895e-08
1.49803e-08
-1.4937e-08
1.49277e-08
-1.48847e-08
1.48754e-08
-1.48326e-08
1.48234e-08
-1.47808e-08
1.47716e-08
-1.47293e-08
1.472e-08
-1.46779e-08
1.46686e-08
-1.46268e-08
1.46175e-08
-1.45759e-08
1.45666e-08
-1.45253e-08
1.45159e-08
-1.44748e-08
1.44654e-08
-1.44246e-08
1.44151e-08
-1.43745e-08
1.4365e-08
-1.43246e-08
1.43151e-08
-1.42748e-08
1.42653e-08
-1.42253e-08
1.42158e-08
-1.41759e-08
1.41663e-08
-1.41266e-08
1.4117e-08
-1.40775e-08
1.40679e-08
-1.40286e-08
1.40188e-08
-1.39798e-08
1.397e-08
-1.39311e-08
1.39212e-08
-1.38825e-08
1.38726e-08
-1.3834e-08
1.38241e-08
-1.37856e-08
1.37756e-08
-1.37374e-08
1.37273e-08
-1.36892e-08
1.3679e-08
-1.36411e-08
1.36308e-08
-1.3593e-08
1.35827e-08
-1.3545e-08
1.35346e-08
-1.3497e-08
1.34865e-08
-1.3449e-08
1.34385e-08
-1.34011e-08
1.33904e-08
-1.33531e-08
1.33423e-08
-1.33051e-08
1.32942e-08
-1.32571e-08
1.3246e-08
-1.32089e-08
1.31978e-08
-1.31607e-08
1.31494e-08
-1.31124e-08
1.31009e-08
-1.30639e-08
1.30522e-08
-1.30152e-08
1.30033e-08
-1.29663e-08
1.29541e-08
-1.29171e-08
1.29047e-08
-1.28676e-08
1.28549e-08
-1.28176e-08
1.28046e-08
-1.27672e-08
1.27539e-08
-1.27163e-08
1.27025e-08
-1.26647e-08
1.26505e-08
-1.26123e-08
1.25976e-08
-1.2559e-08
1.25437e-08
-1.25046e-08
1.24887e-08
-1.24491e-08
1.24323e-08
-1.23919e-08
1.23741e-08
-1.23329e-08
1.2314e-08
-1.22716e-08
1.22513e-08
-1.22075e-08
1.21856e-08
-1.214e-08
1.21159e-08
-1.2068e-08
1.20413e-08
-1.19905e-08
1.19603e-08
-1.19057e-08
1.18709e-08
-1.1811e-08
1.177e-08
-1.17029e-08
1.16532e-08
-1.15755e-08
1.1513e-08
-1.14195e-08
1.13372e-08
-1.12183e-08
1.11232e-08
-1.10396e-08
1.09632e-08
-1.08352e-08
1.06904e-08
-1.04491e-08
1.01081e-08
-9.4993e-09
8.42898e-09
8.39704e-09
-1.02189e-08
1.13936e-08
-1.24874e-08
1.29677e-08
-1.32923e-08
1.32407e-08
-1.30138e-08
1.28739e-08
-1.27967e-08
1.27245e-08
-1.26271e-08
1.25574e-08
-1.24703e-08
1.24126e-08
-1.2338e-08
1.22909e-08
-1.22262e-08
1.2187e-08
-1.21299e-08
1.20965e-08
-1.20449e-08
1.20158e-08
-1.19685e-08
1.19427e-08
-1.18986e-08
1.18753e-08
-1.18338e-08
1.18125e-08
-1.1773e-08
1.17532e-08
-1.17155e-08
1.16971e-08
-1.16607e-08
1.16433e-08
-1.16081e-08
1.15916e-08
-1.15574e-08
1.15416e-08
-1.15083e-08
1.14932e-08
-1.14606e-08
1.1446e-08
-1.14141e-08
1.14e-08
-1.13687e-08
1.1355e-08
-1.13242e-08
1.13109e-08
-1.12805e-08
1.12675e-08
-1.12376e-08
1.12249e-08
-1.11953e-08
1.11829e-08
-1.11537e-08
1.11415e-08
-1.11126e-08
1.11006e-08
-1.1072e-08
1.10602e-08
-1.10319e-08
1.10202e-08
-1.09923e-08
1.09807e-08
-1.0953e-08
1.09416e-08
-1.09141e-08
1.09028e-08
-1.08756e-08
1.08644e-08
-1.08374e-08
1.08263e-08
-1.07995e-08
1.07885e-08
-1.07619e-08
1.0751e-08
-1.07246e-08
1.07137e-08
-1.06875e-08
1.06767e-08
-1.06507e-08
1.064e-08
-1.06141e-08
1.06035e-08
-1.05778e-08
1.05672e-08
-1.05417e-08
1.05312e-08
-1.05057e-08
1.04953e-08
-1.047e-08
1.04596e-08
-1.04345e-08
1.04241e-08
-1.03991e-08
1.03888e-08
-1.0364e-08
1.03537e-08
-1.0329e-08
1.03187e-08
-1.02941e-08
1.02839e-08
-1.02595e-08
1.02493e-08
-1.0225e-08
1.02148e-08
-1.01906e-08
1.01805e-08
-1.01564e-08
1.01462e-08
-1.01222e-08
1.01122e-08
-1.00883e-08
1.00782e-08
-1.00545e-08
1.00444e-08
-1.00208e-08
1.00107e-08
-9.98718e-09
9.97717e-09
-9.95369e-09
9.94364e-09
-9.92028e-09
9.91026e-09
-9.887e-09
9.877e-09
-9.85383e-09
9.84383e-09
-9.82074e-09
9.81074e-09
-9.78776e-09
9.77776e-09
-9.75486e-09
9.74487e-09
-9.72205e-09
9.71205e-09
-9.68931e-09
9.6793e-09
-9.65662e-09
9.64659e-09
-9.62398e-09
9.61397e-09
-9.59144e-09
9.58141e-09
-9.55895e-09
9.54891e-09
-9.52652e-09
9.51647e-09
-9.49414e-09
9.48404e-09
-9.46175e-09
9.45164e-09
-9.4294e-09
9.41927e-09
-9.39709e-09
9.3869e-09
-9.36473e-09
9.35453e-09
-9.33241e-09
9.32215e-09
-9.30005e-09
9.28977e-09
-9.26772e-09
9.25739e-09
-9.23536e-09
9.22495e-09
-9.20291e-09
9.19245e-09
-9.17042e-09
9.15989e-09
-9.13783e-09
9.12719e-09
-9.10514e-09
9.09442e-09
-9.07234e-09
9.06152e-09
-9.03938e-09
9.02843e-09
-9.00623e-09
8.99514e-09
-8.97286e-09
8.96161e-09
-8.93924e-09
8.92785e-09
-8.90537e-09
8.89377e-09
-8.87113e-09
8.85928e-09
-8.83647e-09
8.82439e-09
-8.80137e-09
8.78896e-09
-8.76564e-09
8.7529e-09
-8.72928e-09
8.71613e-09
-8.69215e-09
8.67856e-09
-8.65412e-09
8.63994e-09
-8.61493e-09
8.60007e-09
-8.57439e-09
8.55878e-09
-8.53226e-09
8.51562e-09
-8.48806e-09
8.47025e-09
-8.4414e-09
8.42209e-09
-8.39158e-09
8.37032e-09
-8.33767e-09
8.31395e-09
-8.27845e-09
8.25143e-09
-8.2121e-09
8.18054e-09
-8.13589e-09
8.09795e-09
-8.04553e-09
7.99814e-09
-7.93403e-09
7.87192e-09
-7.78881e-09
7.72974e-09
-7.67181e-09
7.61147e-09
-7.51888e-09
7.40419e-09
-7.22066e-09
6.94535e-09
-6.45609e-09
5.56636e-09
6.13381e-09
-7.44882e-09
8.25507e-09
-8.74972e-09
9.14466e-09
-9.27217e-09
9.19634e-09
-9.02689e-09
8.9638e-09
-8.90624e-09
8.85322e-09
-8.78788e-09
8.73828e-09
-8.68114e-09
8.63992e-09
-8.59146e-09
8.55737e-09
-8.51568e-09
8.48692e-09
-8.45025e-09
8.42539e-09
-8.39243e-09
8.37051e-09
-8.34038e-09
8.32069e-09
-8.29268e-09
8.27473e-09
-8.24844e-09
8.23191e-09
-8.20699e-09
8.19153e-09
-8.16769e-09
8.15316e-09
-8.13027e-09
8.11649e-09
-8.09433e-09
8.08118e-09
-8.0597e-09
8.04707e-09
-8.02614e-09
8.01397e-09
-7.99353e-09
7.98176e-09
-7.96176e-09
7.95033e-09
-7.9307e-09
7.91956e-09
-7.90024e-09
7.88939e-09
-7.8704e-09
7.85975e-09
-7.84103e-09
7.83059e-09
-7.81213e-09
7.80189e-09
-7.78363e-09
7.77357e-09
-7.75555e-09
7.74563e-09
-7.72777e-09
7.71797e-09
-7.70031e-09
7.69068e-09
-7.6732e-09
7.66365e-09
-7.64633e-09
7.6369e-09
-7.61972e-09
7.61037e-09
-7.59332e-09
7.58408e-09
-7.56716e-09
7.55802e-09
-7.54122e-09
7.53213e-09
-7.51545e-09
7.50644e-09
-7.48988e-09
7.48092e-09
-7.46447e-09
7.45558e-09
-7.43925e-09
7.43045e-09
-7.41421e-09
7.40545e-09
-7.3893e-09
7.38059e-09
-7.36454e-09
7.35588e-09
-7.33992e-09
7.33131e-09
-7.31542e-09
7.30683e-09
-7.29104e-09
7.28251e-09
-7.26681e-09
7.25832e-09
-7.24268e-09
7.23424e-09
-7.21867e-09
7.21023e-09
-7.19477e-09
7.18641e-09
-7.17097e-09
7.16263e-09
-7.14729e-09
7.13898e-09
-7.1237e-09
7.1154e-09
-7.1002e-09
7.09194e-09
-7.07678e-09
7.06852e-09
-7.05343e-09
7.04524e-09
-7.03023e-09
7.02205e-09
-7.00707e-09
6.99888e-09
-6.98396e-09
6.97582e-09
-6.96095e-09
6.95281e-09
-6.93799e-09
6.92987e-09
-6.91512e-09
6.90701e-09
-6.89232e-09
6.88424e-09
-6.86954e-09
6.86147e-09
-6.84687e-09
6.83878e-09
-6.82421e-09
6.81617e-09
-6.80164e-09
6.7936e-09
-6.77912e-09
6.77108e-09
-6.75663e-09
6.74859e-09
-6.73417e-09
6.72614e-09
-6.71178e-09
6.70376e-09
-6.68942e-09
6.68138e-09
-6.66706e-09
6.65903e-09
-6.64475e-09
6.6367e-09
-6.62244e-09
6.6144e-09
-6.60018e-09
6.59212e-09
-6.57791e-09
6.56983e-09
-6.55563e-09
6.54754e-09
-6.53335e-09
6.52523e-09
-6.51103e-09
6.50289e-09
-6.48871e-09
6.48057e-09
-6.46641e-09
6.4582e-09
-6.44402e-09
6.43579e-09
-6.42161e-09
6.41334e-09
-6.39913e-09
6.39082e-09
-6.37658e-09
6.36819e-09
-6.35393e-09
6.34549e-09
-6.33119e-09
6.32267e-09
-6.30829e-09
6.29968e-09
-6.28524e-09
6.27653e-09
-6.26204e-09
6.25324e-09
-6.23865e-09
6.2297e-09
-6.21501e-09
6.20594e-09
-6.1911e-09
6.18182e-09
-6.1668e-09
6.15733e-09
-6.14214e-09
6.13245e-09
-6.11704e-09
6.10708e-09
-6.09139e-09
6.0811e-09
-6.06509e-09
6.05443e-09
-6.03804e-09
6.02693e-09
-6.01007e-09
5.99844e-09
-5.98099e-09
5.9687e-09
-5.95057e-09
5.93745e-09
-5.91839e-09
5.90425e-09
-5.88408e-09
5.86866e-09
-5.84699e-09
5.82989e-09
-5.80636e-09
5.78704e-09
-5.76094e-09
5.73859e-09
-5.70891e-09
5.68233e-09
-5.64749e-09
5.61466e-09
-5.57213e-09
5.52964e-09
-5.47474e-09
5.42494e-09
-5.38761e-09
5.34752e-09
-5.2887e-09
5.2154e-09
-5.10201e-09
4.93418e-09
-4.64454e-09
4.12739e-09
4.07304e-09
-4.96153e-09
5.54414e-09
-6.09752e-09
6.32901e-09
-6.49793e-09
6.47298e-09
-6.36632e-09
6.29202e-09
-6.25715e-09
6.21919e-09
-6.17438e-09
6.13753e-09
-6.09776e-09
6.06697e-09
-6.03326e-09
6.00781e-09
-5.97897e-09
5.95751e-09
-5.93228e-09
5.91378e-09
-5.89122e-09
5.87489e-09
-5.85434e-09
5.83968e-09
-5.82071e-09
5.80734e-09
-5.78956e-09
5.77722e-09
-5.76041e-09
5.74888e-09
-5.73285e-09
5.72197e-09
-5.70661e-09
5.69628e-09
-5.68144e-09
5.6716e-09
-5.65723e-09
5.64776e-09
-5.6338e-09
5.62468e-09
-5.61105e-09
5.60219e-09
-5.58885e-09
5.58027e-09
-5.5672e-09
5.55882e-09
-5.54599e-09
5.53778e-09
-5.52514e-09
5.51713e-09
-5.50467e-09
5.49681e-09
-5.48455e-09
5.47684e-09
-5.46473e-09
5.45713e-09
-5.44515e-09
5.43767e-09
-5.42584e-09
5.41845e-09
-5.40671e-09
5.39941e-09
-5.38781e-09
5.38063e-09
-5.36915e-09
5.36204e-09
-5.35063e-09
5.34357e-09
-5.33225e-09
5.32527e-09
-5.31403e-09
5.30712e-09
-5.29597e-09
5.28913e-09
-5.27806e-09
5.27127e-09
-5.26026e-09
5.25354e-09
-5.24263e-09
5.23591e-09
-5.22506e-09
5.21841e-09
-5.20761e-09
5.20101e-09
-5.19028e-09
5.18372e-09
-5.17303e-09
5.16651e-09
-5.15589e-09
5.1494e-09
-5.13884e-09
5.1324e-09
-5.1219e-09
5.1155e-09
-5.10505e-09
5.09867e-09
-5.08828e-09
5.08189e-09
-5.07152e-09
5.06517e-09
-5.05487e-09
5.04858e-09
-5.03831e-09
5.03204e-09
-5.02182e-09
5.01556e-09
-5.00536e-09
4.99914e-09
-4.989e-09
4.98281e-09
-4.97271e-09
4.96652e-09
-4.95646e-09
4.95029e-09
-4.94026e-09
4.93413e-09
-4.92411e-09
4.91798e-09
-4.90803e-09
4.90191e-09
-4.89198e-09
4.8859e-09
-4.876e-09
4.86993e-09
-4.86007e-09
4.85402e-09
-4.84421e-09
4.83814e-09
-4.82834e-09
4.8223e-09
-4.81252e-09
4.80651e-09
-4.79677e-09
4.79075e-09
-4.78104e-09
4.77503e-09
-4.76533e-09
4.75935e-09
-4.74968e-09
4.74367e-09
-4.73403e-09
4.72804e-09
-4.7184e-09
4.71243e-09
-4.70282e-09
4.69684e-09
-4.68725e-09
4.68128e-09
-4.67169e-09
4.66571e-09
-4.65613e-09
4.65014e-09
-4.64061e-09
4.63463e-09
-4.62509e-09
4.61911e-09
-4.60955e-09
4.60353e-09
-4.59398e-09
4.58797e-09
-4.57844e-09
4.5724e-09
-4.56287e-09
4.55681e-09
-4.54728e-09
4.54121e-09
-4.53167e-09
4.5256e-09
-4.51604e-09
4.5099e-09
-4.50033e-09
4.4942e-09
-4.48461e-09
4.47842e-09
-4.46882e-09
4.46258e-09
-4.45294e-09
4.44667e-09
-4.43698e-09
4.43065e-09
-4.42091e-09
4.41452e-09
-4.40473e-09
4.39826e-09
-4.38839e-09
4.3818e-09
-4.37188e-09
4.36524e-09
-4.3552e-09
4.34843e-09
-4.33828e-09
4.33136e-09
-4.32109e-09
4.31402e-09
-4.30357e-09
4.29631e-09
-4.28568e-09
4.27822e-09
-4.26738e-09
4.25963e-09
-4.24854e-09
4.24052e-09
-4.22906e-09
4.22067e-09
-4.20885e-09
4.20001e-09
-4.18765e-09
4.17825e-09
-4.16534e-09
4.15525e-09
-4.14153e-09
4.13057e-09
-4.11588e-09
4.10379e-09
-4.08779e-09
4.0742e-09
-4.05649e-09
4.04087e-09
-4.02072e-09
4.00223e-09
-3.97867e-09
3.95605e-09
-3.92739e-09
3.89841e-09
-3.86167e-09
3.82227e-09
-3.79685e-09
3.77025e-09
-3.73223e-09
3.68511e-09
-3.61389e-09
3.51028e-09
-3.3359e-09
3.0311e-09
2.70528e-09
-3.27585e-09
3.84634e-09
-4.23236e-09
4.37232e-09
-4.55827e-09
4.56719e-09
-4.50319e-09
4.43037e-09
-4.41028e-09
4.38372e-09
-4.35278e-09
4.32574e-09
-4.29768e-09
4.27497e-09
-4.25114e-09
4.2324e-09
-4.21206e-09
4.19631e-09
-4.1786e-09
4.16503e-09
-4.14925e-09
4.13733e-09
-4.12302e-09
4.11233e-09
-4.09913e-09
4.0894e-09
-4.07708e-09
4.06809e-09
-4.05648e-09
4.04804e-09
-4.03698e-09
4.02906e-09
-4.01847e-09
4.01095e-09
-4.00076e-09
3.99356e-09
-3.9837e-09
3.97682e-09
-3.96722e-09
3.96056e-09
-3.9512e-09
3.94476e-09
-3.93561e-09
3.92934e-09
-3.92038e-09
3.91425e-09
-3.90545e-09
3.89947e-09
-3.89083e-09
3.88502e-09
-3.87651e-09
3.87077e-09
-3.86237e-09
3.85675e-09
-3.84847e-09
3.84291e-09
-3.83472e-09
3.82925e-09
-3.82116e-09
3.81577e-09
-3.80776e-09
3.80245e-09
-3.7945e-09
3.78925e-09
-3.78139e-09
3.77619e-09
-3.76839e-09
3.76325e-09
-3.7555e-09
3.75041e-09
-3.74276e-09
3.73772e-09
-3.73008e-09
3.72506e-09
-3.71752e-09
3.71257e-09
-3.70505e-09
3.70012e-09
-3.69266e-09
3.68778e-09
-3.68036e-09
3.67552e-09
-3.66816e-09
3.66333e-09
-3.65599e-09
3.6512e-09
-3.64391e-09
3.63915e-09
-3.63188e-09
3.62715e-09
-3.61994e-09
3.61522e-09
-3.60804e-09
3.60335e-09
-3.59621e-09
3.59156e-09
-3.58444e-09
3.57979e-09
-3.57272e-09
3.56811e-09
-3.56105e-09
3.55646e-09
-3.54945e-09
3.54487e-09
-3.53787e-09
3.53332e-09
-3.52636e-09
3.52182e-09
-3.51489e-09
3.51036e-09
-3.50343e-09
3.49896e-09
-3.49208e-09
3.48757e-09
-3.48071e-09
3.47624e-09
-3.46941e-09
3.46494e-09
-3.45813e-09
3.45368e-09
-3.44689e-09
3.44246e-09
-3.43571e-09
3.43126e-09
-3.42451e-09
3.4201e-09
-3.41334e-09
3.40895e-09
-3.40226e-09
3.39789e-09
-3.3912e-09
3.38682e-09
-3.38015e-09
3.37576e-09
-3.36909e-09
3.36473e-09
-3.3581e-09
3.35373e-09
-3.34708e-09
3.34273e-09
-3.3361e-09
3.33174e-09
-3.32514e-09
3.32078e-09
-3.31421e-09
3.30986e-09
-3.30329e-09
3.29893e-09
-3.29235e-09
3.28802e-09
-3.28146e-09
3.27713e-09
-3.27057e-09
3.26621e-09
-3.25968e-09
3.25532e-09
-3.24877e-09
3.24444e-09
-3.23791e-09
3.23356e-09
-3.22702e-09
3.22265e-09
-3.21609e-09
3.21172e-09
-3.20518e-09
3.20076e-09
-3.1942e-09
3.18979e-09
-3.18323e-09
3.17881e-09
-3.17225e-09
3.16782e-09
-3.16124e-09
3.15677e-09
-3.15016e-09
3.14567e-09
-3.13905e-09
3.13452e-09
-3.12787e-09
3.1233e-09
-3.11661e-09
3.112e-09
-3.10528e-09
3.10061e-09
-3.09383e-09
3.08909e-09
-3.08227e-09
3.07748e-09
-3.07057e-09
3.0657e-09
-3.05873e-09
3.05378e-09
-3.0467e-09
3.04164e-09
-3.03447e-09
3.02928e-09
-3.02199e-09
3.01666e-09
-3.0092e-09
3.0037e-09
-2.9961e-09
2.9904e-09
-2.98254e-09
2.97659e-09
-2.96845e-09
2.96218e-09
-2.95371e-09
2.94706e-09
-2.93823e-09
2.93114e-09
-2.92174e-09
2.91405e-09
-2.90401e-09
2.89556e-09
-2.88465e-09
2.87521e-09
-2.86317e-09
2.85241e-09
-2.83881e-09
2.8262e-09
-2.81036e-09
2.79506e-09
-2.77596e-09
2.7566e-09
-2.73234e-09
2.70645e-09
-2.68281e-09
2.66579e-09
-2.64199e-09
2.61307e-09
-2.57045e-09
2.5104e-09
-2.41261e-09
2.2481e-09
-1.9404e-09
-2.11889e-09
2.57948e-09
-2.86036e-09
3.04187e-09
-3.17597e-09
3.22533e-09
-3.19671e-09
3.14182e-09
-3.11524e-09
3.09829e-09
-3.07679e-09
3.05718e-09
-3.03682e-09
3.02004e-09
-3.00272e-09
2.98884e-09
-2.97415e-09
2.96253e-09
-2.94981e-09
2.93985e-09
-2.92858e-09
2.91988e-09
-2.90973e-09
2.90193e-09
-2.89258e-09
2.88548e-09
-2.87678e-09
2.87026e-09
-2.86213e-09
2.85603e-09
-2.84826e-09
2.84251e-09
-2.83507e-09
2.82962e-09
-2.8225e-09
2.81729e-09
-2.81039e-09
2.8054e-09
-2.79873e-09
2.79392e-09
-2.78739e-09
2.78271e-09
-2.77636e-09
2.77184e-09
-2.7656e-09
2.7612e-09
-2.75509e-09
2.75078e-09
-2.74478e-09
2.74055e-09
-2.73462e-09
2.73049e-09
-2.72466e-09
2.72059e-09
-2.71484e-09
2.71084e-09
-2.70517e-09
2.70123e-09
-2.6956e-09
2.6917e-09
-2.68616e-09
2.68233e-09
-2.67684e-09
2.67303e-09
-2.66758e-09
2.66386e-09
-2.65847e-09
2.65474e-09
-2.64937e-09
2.64571e-09
-2.64039e-09
2.63674e-09
-2.63147e-09
2.62784e-09
-2.6226e-09
2.61902e-09
-2.61381e-09
2.61029e-09
-2.60513e-09
2.6016e-09
-2.59645e-09
2.59294e-09
-2.58785e-09
2.58439e-09
-2.57932e-09
2.57587e-09
-2.57081e-09
2.56738e-09
-2.56234e-09
2.55893e-09
-2.55394e-09
2.55054e-09
-2.54555e-09
2.54216e-09
-2.53721e-09
2.53386e-09
-2.52892e-09
2.52559e-09
-2.52069e-09
2.51736e-09
-2.51247e-09
2.50917e-09
-2.50432e-09
2.50101e-09
-2.49617e-09
2.49289e-09
-2.48805e-09
2.4848e-09
-2.48e-09
2.47673e-09
-2.47194e-09
2.46871e-09
-2.46393e-09
2.46071e-09
-2.45598e-09
2.45277e-09
-2.44802e-09
2.44479e-09
-2.44007e-09
2.43688e-09
-2.43216e-09
2.42896e-09
-2.42427e-09
2.42109e-09
-2.41641e-09
2.41324e-09
-2.40858e-09
2.40542e-09
-2.40077e-09
2.39761e-09
-2.39297e-09
2.38982e-09
-2.38519e-09
2.38202e-09
-2.37739e-09
2.37425e-09
-2.36965e-09
2.36652e-09
-2.36192e-09
2.3588e-09
-2.3542e-09
2.35105e-09
-2.34648e-09
2.34337e-09
-2.33881e-09
2.3357e-09
-2.33114e-09
2.328e-09
-2.32344e-09
2.32034e-09
-2.31579e-09
2.31266e-09
-2.30814e-09
2.30502e-09
-2.30047e-09
2.29735e-09
-2.29281e-09
2.28969e-09
-2.28515e-09
2.28201e-09
-2.27745e-09
2.2743e-09
-2.26977e-09
2.26664e-09
-2.26208e-09
2.25894e-09
-2.2544e-09
2.25121e-09
-2.24666e-09
2.24349e-09
-2.23894e-09
2.23576e-09
-2.23117e-09
2.22794e-09
-2.22336e-09
2.22014e-09
-2.21553e-09
2.2123e-09
-2.20771e-09
2.20445e-09
-2.19979e-09
2.19647e-09
-2.19181e-09
2.18848e-09
-2.18376e-09
2.18037e-09
-2.17565e-09
2.17223e-09
-2.16741e-09
2.16395e-09
-2.15911e-09
2.15556e-09
-2.15067e-09
2.14705e-09
-2.14207e-09
2.13838e-09
-2.13332e-09
2.12954e-09
-2.12436e-09
2.12045e-09
-2.11517e-09
2.11113e-09
-2.10568e-09
2.10147e-09
-2.09583e-09
2.0914e-09
-2.08555e-09
2.08089e-09
-2.07475e-09
2.06973e-09
-2.06324e-09
2.05785e-09
-2.05093e-09
2.04501e-09
-2.03749e-09
2.03092e-09
-2.02263e-09
2.01517e-09
-2.00585e-09
1.99717e-09
-1.98637e-09
1.9759e-09
-1.96295e-09
1.94984e-09
-1.93356e-09
1.91623e-09
-1.89654e-09
1.88534e-09
-1.86991e-09
1.85146e-09
-1.82474e-09
1.78798e-09
-1.72951e-09
1.63401e-09
-1.45952e-09
-1.40205e-09
1.7097e-09
-1.9338e-09
2.12759e-09
-2.20469e-09
2.27279e-09
-2.26541e-09
2.23141e-09
-2.20087e-09
2.19083e-09
-2.1758e-09
2.162e-09
-2.14719e-09
2.13503e-09
-2.12244e-09
2.11235e-09
-2.1017e-09
2.09326e-09
-2.0841e-09
2.07687e-09
-2.0688e-09
2.06247e-09
-2.05523e-09
2.04959e-09
-2.04297e-09
2.03785e-09
-2.03171e-09
2.02698e-09
-2.02122e-09
2.01681e-09
-2.01135e-09
2.00723e-09
-2.00201e-09
1.99808e-09
-1.99307e-09
1.98934e-09
-1.98452e-09
1.98094e-09
-1.97626e-09
1.9728e-09
-1.96822e-09
1.96488e-09
-1.96041e-09
1.95716e-09
-1.95281e-09
1.94964e-09
-1.94538e-09
1.94228e-09
-1.93807e-09
1.93503e-09
-1.9309e-09
1.92794e-09
-1.92386e-09
1.92093e-09
-1.91692e-09
1.91405e-09
-1.91007e-09
1.90725e-09
-1.90333e-09
1.90058e-09
-1.89671e-09
1.89396e-09
-1.89011e-09
1.8874e-09
-1.8836e-09
1.88091e-09
-1.87714e-09
1.87447e-09
-1.87074e-09
1.86812e-09
-1.86441e-09
1.8618e-09
-1.85811e-09
1.85554e-09
-1.85187e-09
1.84929e-09
-1.84567e-09
1.84312e-09
-1.83952e-09
1.83699e-09
-1.83339e-09
1.83088e-09
-1.82732e-09
1.82482e-09
-1.82129e-09
1.81884e-09
-1.81531e-09
1.81285e-09
-1.80934e-09
1.8069e-09
-1.80339e-09
1.80096e-09
-1.79752e-09
1.79512e-09
-1.79165e-09
1.78924e-09
-1.78582e-09
1.78344e-09
-1.78003e-09
1.77765e-09
-1.77424e-09
1.77187e-09
-1.76847e-09
1.76611e-09
-1.76273e-09
1.7604e-09
-1.75702e-09
1.75468e-09
-1.75133e-09
1.749e-09
-1.74565e-09
1.74333e-09
-1.74001e-09
1.73771e-09
-1.7344e-09
1.73209e-09
-1.72878e-09
1.72649e-09
-1.72319e-09
1.7209e-09
-1.71761e-09
1.71533e-09
-1.71206e-09
1.70978e-09
-1.70652e-09
1.70425e-09
-1.701e-09
1.69873e-09
-1.69549e-09
1.69323e-09
-1.68999e-09
1.68773e-09
-1.68452e-09
1.68227e-09
-1.67905e-09
1.6768e-09
-1.67359e-09
1.67137e-09
-1.66815e-09
1.66592e-09
-1.66272e-09
1.66047e-09
-1.65727e-09
1.65504e-09
-1.65183e-09
1.64962e-09
-1.64644e-09
1.6442e-09
-1.64102e-09
1.63879e-09
-1.63562e-09
1.63339e-09
-1.63023e-09
1.628e-09
-1.62482e-09
1.6226e-09
-1.61942e-09
1.61719e-09
-1.61402e-09
1.6118e-09
-1.60863e-09
1.6064e-09
-1.60323e-09
1.60099e-09
-1.59782e-09
1.59559e-09
-1.59242e-09
1.59017e-09
-1.587e-09
1.58472e-09
-1.58154e-09
1.57928e-09
-1.57607e-09
1.5738e-09
-1.5706e-09
1.5683e-09
-1.56509e-09
1.56278e-09
-1.55956e-09
1.55723e-09
-1.554e-09
1.55164e-09
-1.54838e-09
1.54602e-09
-1.54274e-09
1.54035e-09
-1.53705e-09
1.53463e-09
-1.5313e-09
1.52884e-09
-1.52548e-09
1.52299e-09
-1.51955e-09
1.51701e-09
-1.51357e-09
1.51096e-09
-1.50744e-09
1.50479e-09
-1.50119e-09
1.49844e-09
-1.49477e-09
1.49194e-09
-1.48817e-09
1.48524e-09
-1.48136e-09
1.47827e-09
-1.47423e-09
1.47096e-09
-1.46676e-09
1.46332e-09
-1.45888e-09
1.45517e-09
-1.45045e-09
1.44642e-09
-1.44131e-09
1.43685e-09
-1.43129e-09
1.42629e-09
-1.42006e-09
1.41431e-09
-1.4072e-09
1.40038e-09
-1.39195e-09
1.38354e-09
-1.37319e-09
1.36236e-09
-1.34886e-09
1.33698e-09
-1.32788e-09
1.31745e-09
-1.3028e-09
1.28376e-09
-1.25491e-09
1.21108e-09
-1.13569e-09
9.99103e-10
1.02421e-09
-1.24818e-09
1.39022e-09
-1.50925e-09
1.57011e-09
-1.60464e-09
1.59545e-09
-1.56829e-09
1.55223e-09
-1.5434e-09
1.53377e-09
-1.52294e-09
1.5137e-09
-1.5042e-09
1.49648e-09
-1.48848e-09
1.48205e-09
-1.47521e-09
1.46977e-09
-1.46383e-09
1.45911e-09
-1.45381e-09
1.44963e-09
-1.44482e-09
1.44103e-09
-1.43658e-09
1.43314e-09
-1.429e-09
1.42578e-09
-1.42185e-09
1.41886e-09
-1.41514e-09
1.4123e-09
-1.40875e-09
1.40604e-09
-1.40258e-09
1.39998e-09
-1.39665e-09
1.39416e-09
-1.39094e-09
1.38853e-09
-1.38538e-09
1.38304e-09
-1.37996e-09
1.37768e-09
-1.37466e-09
1.37245e-09
-1.3695e-09
1.36732e-09
-1.36441e-09
1.36228e-09
-1.35939e-09
1.35731e-09
-1.3545e-09
1.35245e-09
-1.34967e-09
1.34765e-09
-1.34489e-09
1.3429e-09
-1.34017e-09
1.33823e-09
-1.33555e-09
1.33361e-09
-1.33093e-09
1.329e-09
-1.32633e-09
1.32443e-09
-1.32182e-09
1.31994e-09
-1.31734e-09
1.31546e-09
-1.31287e-09
1.31105e-09
-1.30848e-09
1.30664e-09
-1.3041e-09
1.30229e-09
-1.29974e-09
1.29793e-09
-1.29543e-09
1.29365e-09
-1.29117e-09
1.2894e-09
-1.28691e-09
1.28513e-09
-1.28265e-09
1.2809e-09
-1.27845e-09
1.2767e-09
-1.27424e-09
1.27251e-09
-1.27007e-09
1.26835e-09
-1.26595e-09
1.26422e-09
-1.26182e-09
1.2601e-09
-1.25768e-09
1.25598e-09
-1.2536e-09
1.25193e-09
-1.24955e-09
1.24786e-09
-1.2455e-09
1.24382e-09
-1.24145e-09
1.23981e-09
-1.23746e-09
1.23579e-09
-1.23348e-09
1.23181e-09
-1.22947e-09
1.22783e-09
-1.2255e-09
1.22386e-09
-1.22154e-09
1.21992e-09
-1.21762e-09
1.21599e-09
-1.21369e-09
1.21205e-09
-1.20973e-09
1.20812e-09
-1.20583e-09
1.20421e-09
-1.20195e-09
1.20035e-09
-1.19807e-09
1.19647e-09
-1.19419e-09
1.19259e-09
-1.19035e-09
1.18875e-09
-1.18649e-09
1.18488e-09
-1.18263e-09
1.18104e-09
-1.17878e-09
1.17718e-09
-1.17495e-09
1.17338e-09
-1.17114e-09
1.16954e-09
-1.16732e-09
1.16574e-09
-1.1635e-09
1.16192e-09
-1.15968e-09
1.1581e-09
-1.15588e-09
1.15429e-09
-1.15205e-09
1.15047e-09
-1.14826e-09
1.14668e-09
-1.14445e-09
1.14287e-09
-1.14065e-09
1.13908e-09
-1.13687e-09
1.13529e-09
-1.13307e-09
