362.283
116.308
94.0118
73.0475
48.8354
42.6199
32.0664
29.3018
32.0777
30.8902
32.0245
32.9873
33.4247
33.8814
34.4423
44.7125
49.6234
51.5955
58.7668
64.8877
68.3346
70.6194
72.0475
72.773
84.2832
83.9593
84.0322
83.1613
79.4966
79.0183
80.1058
78.5812
78.1098
74.7069
69.4595
67.0176
66.9918
66.2204
65.6845
57.6403
54.9887
53.6304
53.914
52.5067
50.1357
46.9538
45.3772
44.1495
42.5498
40.4744
37.5309
35.7901
35.0311
33.071
30.2557
29.2843
28.0322
28.1827
26.3431
25.7277
25.0334
24.4781
23.6138
22.6151
22.0679
22.5421
22.5094
22.411
22.3445
22.1259
21.9455
21.7058
21.4544
21.2266
20.9933
20.8305
20.5623
20.2228
19.8479
19.5454
19.1016
18.632
18.1354
17.5784
17.0341
16.4372
15.8729
15.2662
14.5968
13.9709
13.3105
12.7402
12.0735
11.483
10.8528
1.31365
15.0993
1.32582
14.1898
8.90489
1.32916
11.0633
1.3234
10.1776
8.01124
5.21325
6.16487
6.13641
6.16577
6.2621
6.78318
6.51621
6.75731
6.6833
6.76489
7.20159
6.89484
7.18485
7.45974
7.0509
7.3781
7.071
7.50209
7.59892
7.21284
7.55789
7.1674
7.62463
7.18235
7.4938
7.71346
7.28318
7.58908
7.15519
7.63865
7.11756
7.63474
7.09955
7.43759
7.7245
7.34376
6.96194
7.31422
6.99406
7.20078
6.93974
7.20164
6.90915
7.13763
6.90798
6.90888
6.84125
6.74941
6.73413
6.72192
6.68998
6.6377
6.63401
6.60103
6.55158
6.54695
6.51108
6.47267
6.45402
6.41462
6.39993
6.36539
6.3379
6.31734
6.30598
6.23166
6.22092
6.22441
6.15174
1.27182
7.90575
7.21531
5.18973
5.97521
1.27458
7.74017
7.16018
5.09309
5.60322
1.2843
7.55182
7.08006
4.90429
5.47392
1.27298
6.77437
7.01458
4.79884
5.32755
1.2847
6.66847
6.95932
1.27731
6.28563
5.79742
4.54998
5.34197
1.2849
6.62593
5.78105
4.60997
5.23536
1.27766
6.52372
5.74235
4.30189
5.17871
1.28332
6.37589
5.68684
3.86813
5.13092
1.279
6.23845
5.65993
3.4221
5.14672
1.27224
6.06427
5.64444
2.74996
5.17203
1.2708
5.88233
5.64715
3.23879
4.98594
1.27843
5.31646
5.54479
2.95239
4.84229
1.26787
5.23177
5.4931
2.60328
4.76713
1.27888
5.13133
5.43451
2.55576
4.55597
1.27859
5.04533
5.32729
2.49667
3.95268
4.06029
3.74941
3.71252
3.70318
3.7205
3.6843
3.67464
3.69072
3.59875
3.55714
3.62983
3.59697
3.49297
3.5061
3.53962
3.46778
3.44634
3.44798
3.41007
3.39258
3.38553
3.35028
3.32835
3.3272
3.30285
3.27331
3.26889
3.23527
3.21589
3.20909
3.17169
3.18536
3.15389
3.10969
3.12509
3.08547
3.04782
3.06279
3.02705
3.02196
3.00387
2.97297
2.95983
2.94572
2.9367
2.89995
2.88775
2.91413
2.84256
2.82488
2.87595
2.78093
2.77146
2.84539
1.51114
3.47688
1.86663
3.13742
3.62719
1.29838
3.10257
1.98702
3.1161
1.85554
3.06188
3.5289
1.29543
3.17929
1.86281
2.9821
1.84161
2.93062
1.85865
2.94279
1.68489
3.01239
3.44282
1.29316
1.26489
3.7964
1.53728
2.75157
1.9286
2.75436
1.8277
2.7834
1.65488
2.8357
1.68532
2.77847
1.88511
2.55736
3.22565
1.29345
1.27459
3.49674
1.2935
1.27458
3.72854
1.29316
1.27501
3.61362
1.29323
1.27376
3.61325
1.28944
1.27344
3.57723
1.29154
1.27048
3.46216
1.28896
1.27019
3.37442
1.28816
1.26447
3.37487
1.28358
1.26607
3.31345
1.28605
1.26703
3.19052
1.28513
1.26488
3.15801
1.2841
1.27061
3.13431
1.28981
1.27016
3.04869
1.28844
1.27084
2.98503
1.28426
1.26492
2.96177
1.28451
1.26515
2.8951
1.284
1.26581
2.83323
1.28369
1.26561
2.80805
1.28927
1.27074
2.72062
1.28957
1.26561
2.7224
1.28915
1.26495
2.62585
1.28399
1.25899
2.60111
1.28374
1.26432
2.57057
1.27908
1.25986
1.28021
1.24847
3.23217
1.28058
1.24788
1.62208
2.26825
1.28652
1.26555
1.55455
2.61771
1.29031
1.70589
1.58086
1.28985
1.43002
2.64933
1.2947
1.43832
1.58028
1.29535
1.3798
2.67706
1.29474
1.29058
1.58296
1.29849
1.37718
1.25393
2.92277
1.28204
1.25453
1.29032
2.14433
1.27919
1.28956
1.45912
2.22882
1.28963
1.25532
1.28475
2.32804
1.28876
1.25361
1.31931
1.28148
1.43222
1.25961
2.79822
1.27738
1.26107
1.28068
1.2496
1.28977
1.25138
2.76173
1.29469
1.25843
1.25425
1.25764
1.28489
1.24908
1.28977
1.2498
2.94431
1.29069
1.26167
1.24358
1.25434
1.24757
1.27849
1.37391
1.24534
2.67389
1.28468
1.25364
1.24282
1.25374
1.2467
1.24322
1.28506
1.24498
2.66674
1.29142
1.25278
1.24903
1.25916
1.25608
1.24945
1.25448
1.25245
1.27377
1.25459
2.76335
1.27826
1.25934
1.24742
1.24352
1.25527
1.24527
1.24374
1.25646
1.24654
1.23769
1.2787
1.23994
2.79346
1.28957
1.24837
1.24596
1.2552
1.24952
1.24247
1.25553
1.24886
1.2432
1.25553
1.24784
1.24303
1.25428
1.24792
2.73318
1.28558
1.24572
1.24388
1.2549
1.24602
1.24287
1.25522
1.2477
1.24374
1.25772
1.24849
1.24432
1.25367
1.24281
1.24364
1.25127
2.5845
1.26805
1.25411
1.24492
1.2437
1.2547
1.23916
1.24442
1.24981
1.24051
1.23794
1.24965
1.241
1.23758
1.24985
1.23981
1.24295
1.25081
1.24338
1.23796
1.25057
2.49629
1.27317
1.2488
1.24619
1.23815
1.2495
1.24418
1.23844
1.24899
1.24262
1.23765
1.25061
1.24144
1.23801
1.25427
1.24208
1.23826
1.25004
1.24152
1.23917
1.24921
1.24051
1.23845
1.24985
1.24393
1.23758
1.24879
2.28284
1.26271
1.24375
1.23473
1.23766
1.24339
1.24067
1.2271
1.24629
1.22955
1.23326
1.23889
1.23558
1.22796
1.24655
1.23854
1.23303
1.2383
1.23905
1.23318
1.24411
1.23843
1.23196
1.24336
1.23818
1.23202
1.24399
1.23119
1.23338
1.24388
1.23462
1.23292
1.24565
1.2378
1.23275
1.24363
1.23614
1.22781
1.2393
1.23755
1.23361
1.23892
1.95088
1.25796
1.24383
1.23023
1.2277
1.23903
1.23622
1.22723
1.2389
1.23202
1.22664
1.23872
1.23631
1.22703
1.23899
1.22929
1.22186
1.23354
1.23007
1.22716
1.245
1.23021
1.22779
1.24357
1.22985
1.23345
1.24373
1.23928
1.22598
1.23836
1.23238
1.22709
1.23352
1.22584
1.22136
1.22718
1.23154
1.22719
1.22815
1.22473
1.21643
1.23898
1.23069
1.22122
1.23293
1.23365
1.22326
1.22801
1.22655
1.21731
1.22905
1.22799
1.22244
1.23744
1.22593
1.21666
1.23253
1.21935
1.22258
1.22854
1.22409
1.21699
1.2407
1.22499
1.21716
1.23268
1.22032
1.22177
1.22762
1.21958
1.21776
1.23326
1.22717
1.22158
1.22847
1.22501
1.22253
1.23331
1.22167
1.21619
1.22805
1.22269
1.21626
1.22797
1.22056
1.22246
1.22855
1.22099
1.21886
1.23292
1.22467
1.22279
1.22839
1.21377
1.21952
1.22347
1.21364
1.21232
1.23322
1.22403
1.21201
1.22155
1.2208
1.21764
1.22219
1.21892
1.21607
1.22226
1.22055
1.21091
1.22895
1.21865
1.21218
1.2285
1.2196
1.2115
1.22438
1.22154
1.21724
1.22988
1.21775
1.21666
1.21758
1.21146
1.20558
1.22166
1.21669
1.20543
1.21792
1.21015
1.21052
1.2227
1.21468
1.20585
1.22225
1.21086
1.21126
1.21643
1.2149
1.20899
1.21889
1.21386
1.20656
1.2234
1.21739
1.20628
1.2167
1.20837
1.21331
1.22329
1.21682
1.21086
1.22294
1.21544
1.20599
1.22317
1.21496
1.21104
1.22328
1.21348
1.21157
1.22428
1.21382
1.21131
1.21735
1.20938
1.21219
1.22266
1.21027
1.21219
1.2172
1.21212
1.21057
1.22285
1.21695
1.20522
1.21792
1.21599
1.21153
1.22235
1.2105
1.2114
1.21747
1.21352
1.20551
1.21862
1.20558
1.20313
1.21234
1.20437
1.20326
1.21767
1.20569
1.20212
1.2127
1.20622
1.20123
1.21132
1.20434
1.20152
1.21732
1.20339
1.20088
1.21228
1.20833
1.20663
1.21877
1.2032
1.20524
1.21219
1.20934
1.2068
1.21736
1.20833
1.20048
1.21144
1.20604
1.20196
1.22343
1.20585
1.20122
1.21205
1.20615
1.20166
1.2129
1.20679
1.20595
1.21181
1.20476
1.20078
1.2122
1.20433
1.19504
1.21126
1.20387
1.19664
1.21165
1.19793
1.20551
1.20789
1.1981
1.20232
1.20745
1.20686
1.1977
1.21107
1.19912
1.19531
1.21263
1.19758
1.2004
1.20641
1.19876
1.20077
1.20817
1.19682
1.20195
1.20694
1.19825
1.1954
1.21288
1.20128
1.20066
1.20634
1.20135
1.19562
1.20683
1.20087
1.19508
1.21461
1.20626
1.20019
1.20651
1.20001
1.19673
1.20708
1.19699
1.19548
1.20168
1.1997
1.19541
1.20868
1.19851
1.19054
1.20788
1.19242
1.19807
1.20157
1.19423
1.19049
1.20652
1.19739
1.19211
1.20576
1.19531
1.18902
1.20146
1.19387
1.19032
1.20727
1.19962
1.18818
1.20695
1.19289
1.19497
1.20129
1.19817
1.19565
1.20128
1.19249
1.19516
1.20091
1.19286
1.19568
1.20216
1.19869
1.1891
1.20178
1.19643
1.19573
1.20612
1.195
1.19429
1.20173
1.20036
1.19509
1.20663
1.19761
1.19463
1.20123
1.18892
1.19464
1.19651
1.199
1.19318
1.20029
1.20006
1.19441
1.20499
1.20211
1.19807
1.19931
1.19832
1.19525
1.2049
1.19388
1.18355
1.20047
1.19242
1.19041
1.20136
1.1875
1.18498
1.20058
1.18753
1.18403
1.20093
1.19245
1.18398
1.19678
1.19031
1.18536
1.2014
1.18776
1.18358
1.19611
1.19549
1.18256
1.20796
1.19116
1.18954
1.20086
1.19418
1.18442
1.1957
1.18902
1.18352
1.18955
1.18261
1.18497
1.19782
1.18236
1.18675
1.19086
1.18203
1.1846
1.19181
1.19087
1.17871
1.18962
1.1891
1.17836
1.18991
1.18181
1.18312
1.18949
1.1884
1.17791
1.19705
1.1815
1.1785
1.19072
1.18851
1.17883
1.1897
1.18405
1.17807
1.19006
1.19145
1.17864
1.19041
1.18484
1.17802
1.18942
1.19119
1.17836
1.18495
1.18877
1.17519
1.18986
1.1831
1.17856
1.18452
1.18402
1.17862
1.18436
1.18284
1.17345
1.18712
1.17662
1.17881
1.19043
1.17908
1.17343
1.18954
1.18308
1.17307
1.18575
1.18359
1.17985
1.19169
1.17915
1.17294
1.18459
1.18987
1.17944
1.19056
1.17671
1.17369
1.18456
1.17741
1.17275
1.19042
1.17635
1.17455
1.18412
1.17741
1.17884
1.19059
1.18092
1.17833
1.18446
1.18543
1.17259
1.1904
1.17854
1.17323
1.18467
1.18434
1.17518
1.18519
1.17665
1.1726
1.18539
1.17244
1.16903
1.17933
1.17825
1.17337
1.18492
1.17388
1.17066
1.17927
1.17463
1.17348
1.17811
1.1729
1.16861
1.17979
1.17632
1.17269
1.18063
1.17828
1.17318
1.18496
1.17369
1.17414
1.18421
1.17184
1.17246
1.17981
1.17643
1.17283
1.18416
1.18031
1.17393
1.17958
1.17176
1.16707
1.18007
1.1749
1.17308
1.18049
1.17521
1.16784
1.17869
1.17918
1.17324
1.18529
1.17284
1.16934
1.18001
1.17517
1.1686
1.18512
1.1768
1.16922
1.17912
1.1718
1.17499
1.17953
1.17519
1.16277
1.17289
1.1683
1.16331
1.17389
1.16528
1.16166
1.17878
1.17225
1.16314
1.36315
1.25415
1.17053
1.1745
1.16516
1.16124
1.17501
1.16824
1.16133
1.17217
1.16531
1.16599
1.17358
1.16048
1.16026
1.17304
1.16418
1.15969
1.17316
1.15775
1.15511
1.16804
1.16473
1.15482
1.17164
1.16546
1.15447
1.16813
1.16308
1.16292
1.17231
1.16304
1.15502
1.16631
1.16318
1.1604
1.16616
1.16472
1.15978
1.16582
1.15798
1.15367
1.16631
1.16548
1.16037
1.17251
1.16575
1.15351
1.16626
1.15941
1.15417
1.16529
1.16363
1.16038
1.17276
1.15654
1.15526
1.1682
1.15834
1.15459
1.1666
1.16066
1.15478
1.166
1.16157
1.15532
1.17051
1.15699
1.15476
1.16632
1.1574
1.16088
1.16615
1.16261
1.1604
1.17071
1.16392
1.16052
1.16147
1.16418
1.1551
1.15729
1.15925
1.15962
1.16256
1.15958
1.14313
1.16054
1.15393
1.15172
1.16683
1.14746
1.15444
1.16202
1.1506
1.15437
1.16121
1.14854
1.15436
1.16568
1.14801
1.1545
1.15926
1.14713
1.15468
1.16208
1.14624
1.15703
1.15534
1.14735
1.15774
1.15529
1.15201
1.14982
1.16171
1.15239
1.15031
1.16158
1.14819
1.144
1.15566
1.15471
1.14307
1.15495
1.15045
1.14997
1.16228
1.15222
1.14314
1.15561
1.15442
1.14907
1.16165
1.1546
1.1484
1.16109
1.154
1.14892
1.1613
1.15315
1.15007
1.15583
1.14797
1.1497
1.15879
1.14662
1.14881
1.15686
1.14293
1.1426
1.15637
1.14628
1.14874
1.1612
1.15291
1.13273
1.16061
1.14865
1.14971
1.14479
1.154
1.14916
1.15615
1.1406
1.13907
1.16163
1.15372
1.13832
1.15639
1.1445
1.14446
1.15138
1.1507
1.1342
1.15658
1.15282
1.13858
1.1553
1.13583
1.14591
1.15034
1.14228
1.1382
1.15047
1.15022
1.14156
1.14548
1.14934
1.14371
1.1499
1.14927
1.13808
1.15132
1.13765
1.13867
1.14477
1.13642
1.13307
1.15229
1.14043
1.13376
1.14998
1.13772
1.13845
1.14531
1.14541
1.13954
1.14576
1.14338
1.13377
1.15139
1.13573
1.13374
1.14528
1.14173
1.14522
1.14503
1.13604
1.13893
1.1454
1.14255
1.13393
1.14568
1.13787
1.13851
1.14464
1.13981
1.14034
1.13939
1.14471
1.13262
1.15
1.13793
1.13253
1.15124
1.14229
1.13517
1.14077
1.14161
1.133
1.14669
1.14301
1.13354
1.13924
1.14217
1.13909
1.15234
1.13536
1.13326
1.1418
1.14229
1.12844
1.14453
1.13073
1.13847
1.14513
1.14192
1.12854
1.14234
1.13674
1.12798
1.14436
1.13841
1.13268
1.15115
1.13294
1.13227
1.13998
1.1349
1.13732
1.14114
1.13632
1.13297
1.13978
1.13232
1.13338
1.14526
1.13968
1.12671
1.13994
1.13974
1.12877
1.14546
1.13091
1.13422
1.13972
1.13358
1.12858
1.14513
1.13565
1.13784
1.14705
1.13678
1.13338
1.14596
1.13632
1.13337
1.14538
1.13634
1.12757
1.13966
1.13846
1.12907
1.14233
1.13306
1.12935
1.14093
1.12995
1.13304
1.1396
1.13189
1.13017
1.14788
1.13138
1.12901
1.14478
1.13522
1.13471
1.14634
1.1303
1.12721
1.13997
1.13415
1.1273
1.14547
1.13632
1.13305
1.13979
1.13131
1.12721
1.1399
1.13895
1.12791
1.14309
1.13904
1.13293
1.14413
1.13282
1.13303
1.14435
1.13144
1.12847
1.14192
1.12938
1.12877
1.13959
1.13713
1.12863
1.13969
1.13252
1.13383
1.13935
1.13849
1.12294
1.14641
1.13106
1.1275
1.13483
1.13715
1.12333
1.13902
1.12786
1.13471
1.13936
1.13183
1.12247
1.14583
1.12661
1.13348
1.13381
1.13655
1.12189
1.13966
1.13408
1.13266
1.13443
1.13311
1.1287
1.14494
1.12555
1.13335
1.13479
1.12836
1.12744
1.13979
1.13087
1.12272
1.13939
1.13194
1.12277
1.14629
1.13048
1.12724
1.13999
1.13248
1.12851
1.13466
1.12472
1.12297
1.1453
1.13091
1.13369
1.14068
1.12614
1.12227
1.1444
1.13149
1.12718
1.13457
1.1328
1.12804
1.13934
1.13494
1.12291
1.13543
1.13657
1.1277
1.14784
1.13351
1.12277
1.13461
1.13781
1.12695
1.14814
1.12804
1.12784
1.135
1.13197
1.12311
1.13989
1.12856
1.12813
1.13458
1.13554
1.12822
1.14045
1.13121
1.12161
1.13616
1.13712
1.12813
1.13991
1.12578
1.12238
1.13934
1.13851
1.1236
1.13404
1.1414
1.12739
1.14234
1.13017
1.12411
1.13415
1.13731
1.12824
1.13431
1.13674
1.12769
1.13531
1.14002
1.12946
1.14034
1.13048
1.12737
1.13486
1.1323
1.12795
1.13935
1.13645
1.12261
1.1341
1.13096
1.12778
1.14165
1.13269
1.12411
1.13486
1.13428
1.12355
1.13361
1.12738
1.13261
1.13401
1.13194
1.13324
1.13564
1.12932
1.12273
1.14482
1.13194
1.12869
1.14067
1.12636
1.1282
1.13957
1.13301
1.12254
1.14141
1.13064
1.12264
1.13931
1.12817
1.13524
1.14527
1.12542
1.13277
1.13912
1.12691
1.12804
1.13524
1.13249
1.12857
1.14007
1.12891
1.12754
1.13436
1.1396
1.12673
1.13985
1.13783
1.12207
1.14063
1.13163
1.1375
1.13569
1.12871
1.13373
1.13995
1.12644
1.12857
1.13392
1.13835
1.12823
1.14202
1.13076
1.12229
1.14051
1.13228
1.12787
1.14428
1.13018
1.12244
1.13986
1.12662
1.13024
1.13553
1.13131
1.1338
1.13971
1.12576
1.13317
1.1339
1.13323
1.12366
1.13503
1.14555
1.1231
1.13518
1.13099
1.12274
1.13974
1.13247
1.12849
1.14016
1.13211
1.12738
1.13906
1.12796
1.12861
1.14018
1.13153
1.13363
1.14002
1.13383
1.1287
1.13415
1.1248
1.12244
1.13487
1.13112
1.12273
1.14173
1.13098
1.12778
1.14044
1.12596
1.13089
1.13987
1.12751
1.12287
1.13984
1.13252
1.12335
1.14269
1.13014
1.13363
1.14004
1.12679
1.13354
1.13989
1.12647
1.12237
1.13374
1.13491
1.12855
1.14019
1.13086
1.12759
1.14621
1.1331
1.12256
1.1396
1.13127
1.12736
1.13464
1.13264
1.12256
1.13962
1.13269
1.13249
1.13443
1.12834
1.12704
1.1447
1.12827
1.12163
1.13356
1.1317
1.12745
1.14774
1.13032
1.12794
1.1347
1.12657
1.13012
1.145
1.13212
1.1259
1.13331
1.13814
1.12295
1.14136
1.1251
1.12238
1.13954
1.12662
1.12353
1.13428
1.13582
1.12853
1.1353
1.12646
1.12845
1.14006
1.12702
1.12904
1.13444
1.13826
1.12156
1.13425
1.1339
1.13529
1.14018
1.13328
1.12767
1.13973
1.13694
1.123
1.14019
1.13416
1.13321
1.14007
1.13145
1.1223
1.13386
1.13738
1.12305
1.13593
1.13052
1.12764
1.13517
1.13206
1.128
1.13401
1.1303
1.12811
1.14128
1.12636
1.12935
1.14074
1.12708
1.12864
1.13618
1.13685
1.12821
1.14009
1.13351
1.13323
1.13404
1.12977
1.12291
1.14004
1.1366
1.12332
1.13983
1.12693
1.12802
1.14513
1.13318
1.12732
1.13372
1.12742
1.13371
1.13437
1.13526
1.12197
1.13396
1.13519
1.12861
1.13986
1.12439
1.12888
1.13986
1.12623
1.12843
1.13515
1.13123
1.12801
1.13456
1.12569
1.12798
1.13375
1.13266
1.12827
1.14068
1.12953
1.12845
1.14101
1.12473
1.12924
1.13648
1.13184
1.1328
1.13933
1.13081
1.12815
1.13939
1.13502
1.12986
1.13991
1.1311
1.12179
1.13458
1.13259
1.12251
1.13883
1.12563
1.12685
1.14536
1.12626
1.12137
1.13436
1.12752
1.12272
1.14504
1.1288
1.12788
1.14429
1.13254
1.12146
1.14023
1.13162
1.12264
1.13599
1.12953
1.12893
1.1345
1.13241
1.12314
1.14272
1.13176
1.12864
1.13913
1.13425
1.12327
1.14324
1.13037
1.12193
1.13992
1.13183
1.12844
1.13904
1.13082
1.1287
1.13943
1.132
1.12401
1.14047
1.1327
1.12329
1.13366
1.1325
1.12169
1.13449
1.13306
1.12203
1.13884
1.13421
1.12217
1.13461
1.13508
1.12748
1.14082
1.12583
1.12873
1.13962
1.13131
1.12713
1.13956
1.12709
1.12489
1.13483
1.12987
1.12759
1.13921
1.12582
1.12274
1.13957
1.13394
1.12247
1.13925
1.13217
1.12297
1.13438
1.12668
1.12756
1.13998
1.13298
1.12658
1.13997
1.1361
1.13398
1.134
1.13439
1.12718
1.13481
1.13188
1.13531
1.13406
1.13485
1.12802
1.13987
1.13277
1.12741
1.14031
1.13311
1.12175
1.13477
1.13164
1.12196
1.13421
1.13098
1.12259
1.14031
1.13169
1.12459
1.14033
1.13404
1.12401
1.14035
1.12681
1.12897
1.13613
1.12633
1.12338
1.13583
1.12978
1.12882
1.13994
1.13349
1.12953
1.14105
1.13007
1.12907
1.13539
1.12776
1.12876
1.13543
1.12608
1.12833
1.14058
1.12973
1.12527
1.13526
1.12949
1.13015
1.14083
1.12669
1.12873
1.13939
1.1329
1.12317
1.13548
1.13493
1.12906
1.13646
1.13064
1.13066
1.13558
1.13055
1.1272
1.14017
1.13395
1.12929
1.13469
1.13395
1.12264
1.13427
1.13028
1.12864
1.14024
1.13285
1.12912
1.14089
1.13149
1.12803
1.13914
1.13403
1.12383
1.13604
1.13198
1.12932
1.1406
1.12542
1.13017
1.13471
1.12667
1.12898
1.14085
1.13481
1.12303
1.14087
1.13383
1.12914
1.13393
1.13163
1.12835
1.13853
1.12929
1.12907
1.13484
1.12653
1.1224
1.14175
1.12468
1.12457
1.14179
1.12777
1.12431
1.14079
1.12573
1.12375
1.1343
1.13389
1.12388
1.13729
1.12678
1.12868
1.13525
1.13208
1.1284
1.13975
1.1315
1.12337
1.13543
1.12795
1.12933
1.13485
1.13209
1.1308
1.13516
1.12543
1.12872
1.14123
1.1341
1.12809
1.13511
1.13481
1.1281
1.13993
1.12754
1.12499
1.14088
1.1295
1.12861
1.13445
1.13219
1.12271
1.14021
1.13215
1.12547
1.14091
1.13124
1.1298
1.13574
1.12526
1.13223
1.1341
1.1258
1.12905
1.13551
1.13413
1.1283
1.14029
1.12632
1.12837
1.14054
1.12496
1.12402
1.14074
1.12869
1.12392
1.13522
1.1338
1.12978
1.14056
1.12504
1.13352
1.13523
1.12753
1.12323
1.14178
1.13347
1.12863
1.14005
1.13224
1.1227
1.13558
1.1288
1.1292
1.14237
1.1318
1.12264
1.13924
1.1327
1.12892
1.13607
1.12693
1.12862
1.14177
1.13068
1.12832
1.14124
1.13239
1.12389
1.13447
1.12853
1.1244
1.14248
1.13678
1.12758
1.14064
1.12452
1.12315
1.14005
1.13262
1.1232
1.13565
1.12575
1.1287
1.1346
1.1313
1.12422
1.13595
1.12667
1.12974
1.14097
1.13019
1.12849
1.13966
1.1316
1.12258
1.14034
1.13351
1.12414
1.14157
1.13483
1.12891
1.13483
1.13235
1.12938
1.13513
1.1344
1.12967
1.14075
1.12738
1.1249
1.1413
1.12532
1.12423
1.14077
1.12717
1.12955
1.13501
1.13153
1.12837
1.13531
1.12669
1.12885
1.13618
1.12621
1.13024
1.13698
1.12463
1.12238
1.14036
1.12662
1.12865
1.13533
1.12833
1.13541
1.14077
1.13228
1.1286
1.1409
1.13026
1.12869
1.14039
1.13411
1.12342
1.13521
1.13497
1.13348
1.13552
1.13181
1.12408
1.13522
1.12916
1.12556
1.13957
1.13153
1.12889
1.14121
1.13119
1.12265
1.13678
1.12577
1.13114
1.14107
1.13045
1.12823
1.13497
1.1312
1.1291
1.14037
1.12921
1.12309
1.13478
1.12619
1.12451
1.13571
1.13064
1.1283
1.141
1.1351
1.13452
1.13979
1.12797
1.12912
1.14017
1.13086
1.12467
1.14021
1.12714
1.12328
1.13521
1.12634
1.12858
1.14024
1.13216
1.12819
1.14072
1.13049
1.12419
1.1348
1.12595
1.12926
1.13994
1.12709
1.12276
1.13531
1.1283
1.12336
1.14046
1.1311
1.12854
1.1407
1.13072
1.12285
1.14036
1.12855
1.12956
1.14088
1.13444
1.12754
1.13989
1.12441
1.12958
1.14044
1.13297
1.1287
1.13532
1.12574
1.13026
1.14026
1.1265
1.12391
1.13648
1.12948
1.12939
1.14038
1.12481
1.1285
1.14029
1.12592
1.12307
1.13593
1.12942
1.12319
1.13605
1.13404
1.12887
1.14086
1.13134
1.12328
1.14202
1.13525
1.1296
1.13366
1.13181
1.12308
1.14176
1.12527
1.12967
1.14376
1.14125
1.12895
1.1349
1.1263
1.12946
1.13439
1.13131
1.12857
1.13525
1.12634
1.12394
1.14044
1.1256
1.12845
1.13432
1.13107
1.12938
1.13483
1.12784
1.12887
1.14501
1.12701
1.12899
1.14081
1.13014
1.12825
1.1424
1.12894
1.12845
1.13478
1.13547
1.12763
1.13915
1.13132
1.1249
1.14069
1.13419
1.13012
1.13503
1.13241
1.12819
1.14003
1.13092
1.12914
1.14122
1.13147
1.12976
1.14197
1.13132
1.12814
1.14087
1.12613
1.13054
1.14157
1.13312
1.12344
1.14099
1.13209
1.1273
1.13444
1.12538
1.12324
1.13562
1.13457
1.12403
1.14186
1.12775
1.12905
1.13546
1.13038
1.12447
1.13529
1.13264
1.1288
1.13614
1.13211
1.12851
1.13558
1.13244
1.1286
1.1402
1.13367
1.12969
1.1367
1.13159
1.12807
1.1338
1.12715
1.12359
1.13496
1.13236
1.12774
1.14048
1.12553
1.12877
1.14092
1.1267
1.12864
1.13993
1.1287
1.12925
1.14018
1.12894
1.12782
1.13439
1.1248
1.12838
1.13471
1.12765
1.12366
1.13521
1.13156
1.12827
1.13953
1.13196
1.12922
1.1362
1.13213
1.13137
1.14083
1.13006
1.12832
1.14012
1.12644
1.12274
1.13512
1.13812
1.12871
1.13497
1.13387
1.124
1.13448
1.13319
1.12877
1.14026
1.13038
1.12902
1.1402
1.12672
1.12799
1.14169
1.13001
1.12963
1.1416
1.1326
1.13052
1.14001
1.13114
1.12935
1.13426
1.12608
1.12373
1.13523
1.1323
1.12302
1.1406
1.12585
1.12985
1.14139
1.13552
1.12307
1.14026
1.13361
1.12942
1.14045
1.12705
1.12888
1.14144
1.13037
1.12854
1.1411
1.13472
1.12896
1.14028
1.13453
1.12264
1.13589
1.12596
1.12991
1.13459
1.12921
1.12319
1.14069
1.12671
1.12271
1.13587
1.13092
1.12796
1.14091
1.12619
1.12958
1.14144
1.12607
1.1226
1.13984
1.13165
1.12327
1.1345
1.13383
1.12342
1.14058
1.12637
1.1283
1.14016
1.13038
1.123
1.14034
1.13555
1.12949
1.13524
1.1338
1.12875
1.14659
1.12545
1.12447
1.13509
1.12693
1.12311
1.14056
1.13152
1.12345
1.1399
1.12714
1.12886
1.1406
1.1283
1.12938
1.13952
1.13227
1.12804
1.13971
1.13241
1.13363
1.1409
1.13268
1.12849
1.14049
1.13131
1.13347
1.14153
1.12534
1.12325
1.13947
1.13392
1.12986
1.14033
1.12798
1.12849
1.13463
1.13007
1.12376
1.14028
1.13254
1.12346
1.13593
1.1318
1.12862
1.14046
1.13146
1.1237
1.1428
1.13205
1.12927
1.13577
1.13056
1.13368
1.13997
1.13127
1.12796
1.14188
1.1297
1.12815
1.13533
1.13457
1.12871
1.13977
1.12638
1.12322
1.14031
1.12991
1.12913
1.13492
1.12694
1.12779
1.14174
1.12492
1.13067
1.14037
1.12755
1.12881
1.14016
1.12863
1.12963
1.13515
1.1318
1.12413
1.13563
1.13329
1.12936
1.14099
1.13102
1.12246
1.13433
1.13128
1.12329
1.13515
1.128
1.12998
1.14098
1.13234
1.12853
1.14016
1.12485
1.1285
1.13519
1.13409
1.12927
1.14084
1.13701
1.12279
1.14029
1.13163
1.13088
1.13496
1.12899
1.12995
1.14001
1.1317
1.12832
1.13506
1.13066
1.12349
1.13618
1.12551
1.12431
1.13648
1.13067
1.12316
1.14354
1.13164
1.12604
1.14002
1.13407
1.12864
1.1423
1.13213
1.12835
1.13962
1.12541
1.12866
1.14186
1.1349
1.12393
1.13479
1.12829
1.12366
1.13481
1.13047
1.12372
1.1407
1.13257
1.12367
1.14149
1.13221
1.12763
1.14023
1.1268
1.12305
1.13507
1.12837
1.12424
1.14341
1.13178
1.12217
1.13972
1.13279
1.1286
1.14057
1.1273
1.12932
1.14063
1.13062
1.13355
1.13649
1.12563
1.12818
1.13464
1.13367
1.12948
1.13479
1.13387
1.12801
1.14101
1.13049
1.12339
1.14061
1.1321
1.12537
1.14407
1.13077
1.12272
1.14042
1.13148
1.12947
1.14128
1.13208
1.1298
1.1403
1.12441
1.1227
1.14018
1.12622
1.1227
1.14077
1.13425
1.12968
1.1405
1.13465
1.12369
1.1401
1.13108
1.12837
1.14081
1.13464
1.13513
1.14065
1.12674
1.12245
1.14194
1.13031
1.13018
1.1414
1.13339
1.12609
1.14046
1.12615
1.12838
1.14164
1.13169
1.12217
1.14078
1.13233
1.12917
1.14095
1.1316
1.12318
1.13485
1.13197
1.12303
1.13519
1.13527
1.12937
1.14021
1.12651
1.1277
1.13584
1.13029
1.12313
1.14167
1.13476
1.1233
1.1407
1.12898
1.12209
1.13468
1.13144
1.12447
1.13634
1.1359
1.12433
1.13382
1.13163
1.12869
1.13532
1.13047
1.12269
1.14118
1.1361
1.13005
1.14116
1.12574
1.12831
1.13969
1.13121
1.1282
1.13533
1.13063
1.12304
1.1421
1.13219
1.12928
1.14032
1.13088
1.12885
1.14121
1.13478
1.1235
1.13421
1.12852
1.12511
1.14036
1.12552
1.12932
1.14119
1.12737
1.12804
1.13595
1.13228
1.12813
1.13494
1.13201
1.12273
1.13738
1.13386
1.12399
1.13986
1.13187
1.13068
1.13926
1.13279
1.12961
1.14096
1.13264
1.12837
1.13548
1.13107
1.12906
1.13516
1.13135
1.12821
1.14435
1.13575
1.12957
1.13994
1.12898
1.12811
1.13977
1.12431
1.12904
1.14183
1.12738
1.12907
1.14048
1.12613
1.12336
1.13437
1.13139
1.12375
1.13551
1.13216
1.13002
1.13566
1.12701
1.12312
1.135
1.13171
1.12722
1.14038
1.12883
1.12305
1.14037
1.13437
1.12346
1.13969
1.12592
1.12913
1.14071
1.13511
1.12394
1.135
1.12724
1.12814
1.14233
1.12816
1.132
1.14064
1.13277
1.12944
1.13461
1.1254
1.12895
1.13479
1.13177
1.12691
1.14088
1.13153
1.12867
1.14083
1.12503
1.12286
1.13394
1.13151
1.1288
1.14
1.1331
1.12359
1.14018
1.13222
1.1288
1.13532
1.13034
1.12887
1.14076
1.13469
1.12839
1.14091
1.13471
1.12763
1.13969
1.12658
1.13023
1.13542
1.13444
1.12428
1.14006
1.13243
1.12584
1.14019
1.13021
1.12247
1.1419
1.13179
1.12928
1.13687
1.12525
1.12287
1.13467
1.13191
1.12921
1.13981
1.12847
1.12938
1.14209
1.13212
1.12299
1.13992
1.13473
1.12358
1.14123
1.13438
1.12932
1.14074
1.12794
1.12893
1.14035
1.13077
1.12364
1.14047
1.13203
1.12898
1.14026
1.132
1.12818
1.13562
1.13418
1.12353
1.14198
1.13386
1.13016
1.13467
1.13153
1.12219
1.13955
1.12913
1.12242
1.13957
1.13491
1.12883
1.13592
1.1248
1.12335
1.14027
1.1305
1.12898
1.13484
1.12842
1.12951
1.14034
1.12892
1.12343
1.13758
1.13154
1.12945
1.13473
1.13274
1.12504
1.14044
1.12598
1.12287
1.14074
1.13167
1.12908
1.13569
1.12684
1.12982
1.13577
1.12519
1.12875
1.14049
1.13114
1.12849
1.14078
1.13405
1.12268
1.14078
1.13406
1.12393
1.14022
1.12535
1.12322
1.13556
1.13527
1.12383
1.13991
1.13155
1.12813
1.15013
1.13028
1.12965
1.13587
1.13253
1.12323
1.13612
1.13137
1.12917
1.13574
1.13126
1.12878
1.14117
1.12662
1.12355
1.14082
1.12552
1.1288
1.13969
1.12553
1.12339
1.14063
1.13378
1.12926
1.14004
1.13175
1.12618
1.13489
1.13061
1.12793
1.13485
1.13565
1.12898
1.14077
1.12854
1.12309
1.13429
1.13221
1.12458
1.14001
1.1352
1.12901
1.13449
1.13234
1.12357
1.14112
1.13176
1.12818
1.13716
1.13175
1.12998
1.14145
1.13151
1.12717
1.13972
1.1315
1.12904
1.14011
1.13384
1.12368
1.14028
1.13194
1.12375
1.13976
1.12509
1.12834
1.14128
1.13437
1.12386
1.1405
1.13382
1.12454
1.14104
1.13081
1.12432
1.14032
1.13251
1.12331
1.14073
1.13374
1.12884
1.14021
1.13204
1.12875
1.14062
1.12883
1.12987
1.13496
1.12704
1.12779
1.13403
1.12872
1.12939
1.14101
1.13271
1.12898
1.14118
1.13165
1.12847
1.14065
1.13077
1.12884
1.1392
1.13321
1.1238
1.14049
1.13649
1.12281
1.14021
1.13049
1.12268
1.13542
1.13327
1.12881
1.14124
1.13111
1.12245
1.13435
1.13172
1.12429
1.14076
1.12756
1.12939
1.14095
1.13054
1.12229
1.13476
1.13256
1.12333
1.14039
1.12848
1.12336
1.14237
1.138
1.13165
1.13428
1.13111
1.12999
1.14078
1.13534
1.12922
1.1344
1.12713
1.1227
1.14256
1.13068
1.12447
1.14115
1.13297
1.1236
1.13548
1.1313
1.12895
1.13945
1.13245
1.12927
1.14062
1.12651
1.12886
1.13731
1.12976
1.12291
1.1404
1.12623
1.12494
1.14059
1.13382
1.12943
1.13567
1.13187
1.12885
1.14074
1.13071
1.12788
1.14042
1.13524
1.13097
1.14139
1.1286
1.12807
1.13938
1.12627
1.12997
1.14039
1.13388
1.13067
1.13543
1.12732
1.12283
1.14012
1.12731
1.12805
1.14098
1.12653
1.12399
1.14265
1.12512
1.12844
1.13938
1.12687
1.12974
1.13973
1.1288
1.1284
1.14068
1.13157
1.12887
1.14024
1.12585
1.12899
1.14142
1.13407
1.13248
1.14004
1.12813
1.12363
1.14034
1.12587
1.12965
1.13482
1.13288
1.1303
1.1408
1.13153
1.12825
1.13527
1.12737
1.13061
1.13513
1.13366
1.13061
1.13461
1.12682
1.12794
1.13942
1.12731
1.12868
1.13504
1.12861
1.13311
1.14134
1.13124
1.12877
1.13559
1.12534
1.12869
1.14034
1.12753
1.13065
1.13502
1.12831
1.12229
1.1355
1.1302
1.12939
1.1398
1.13292
1.1289
1.14469
1.13075
1.12846
1.14151
1.13166
1.12943
1.14098
1.13096
1.12953
1.13532
1.13039
1.12839
1.13563
1.13189
1.12903
1.14016
1.12948
1.12785
1.14078
1.13403
1.12954
1.14115
1.12615
1.12911
1.13761
1.12981
1.12965
1.13494
1.12651
1.12245
1.13528
1.13016
1.12433
1.1363
1.13388
1.12407
1.1343
1.12604
1.12889
1.13977
1.13157
1.12926
1.1408
1.13273
1.12949
1.1407
1.12496
1.12863
1.14034
1.12644
1.12841
1.14068
1.12946
1.129
1.1348
1.13282
1.12919
1.14047
1.13007
1.12275
1.13947
1.12891
1.12908
1.14048
1.1288
1.1281
1.14048
1.13264
1.13004
1.13495
1.13426
1.12903
1.13469
1.12643
1.12935
1.14047
1.13118
1.12882
1.14219
1.12623
1.12434
1.13615
1.13071
1.12308
1.13432
1.12586
1.12914
1.14441
1.13411
1.12372
1.14075
1.13164
1.12854
1.14006
1.12492
1.12856
1.14142
1.13392
1.12886
1.14043
1.13379
1.1284
1.13519
1.12558
1.12948
1.14155
1.13407
1.12817
1.14064
1.13382
1.12773
1.13441
1.13162
1.12921
1.1412
1.1284
1.12969
1.14048
1.1322
1.12323
1.13943
1.12688
1.12828
1.14106
1.13255
1.12316
1.1412
1.12596
1.12831
1.14086
1.12524
1.12897
1.13434
1.13346
1.12987
1.14003
1.13531
1.12858
1.13507
1.13011
1.13746
1.13526
1.13277
1.12909
1.13534
1.13169
1.12823
1.13971
1.12563
1.12953
1.14034
1.12801
1.12653
1.14065
1.12496
1.12832
1.13964
1.12607
1.12869
1.14063
1.134
1.12294
1.14186
1.13411
1.12916
1.14031
1.13231
1.12871
1.14002
1.13031
1.12911
1.14007
1.12693
1.12775
1.14155
1.13057
1.13342
1.14075
1.13267
1.12906
1.13565
1.13112
1.12906
1.13493
1.13146
1.12382
1.14022
1.13176
1.12367
1.14172
1.12429
1.12315
1.13471
1.13221
1.12539
1.1348
1.12823
1.12934
1.13517
1.12697
1.12342
1.13981
1.12998
1.12878
1.1415
1.12878
1.12913
1.13802
1.13404
1.12788
1.13982
1.13245
1.13778
1.14037
1.13419
1.12868
1.14021
1.13206
1.12338
1.14556
1.12711
1.12899
1.13557
1.12584
1.12409
1.13672
1.12515
1.12786
1.1398
1.13151
1.12878
1.14082
1.12906
1.1241
1.13539
1.13195
1.12845
1.13999
1.13249
1.12303
1.13582
1.13457
1.13063
1.1403
1.13383
1.12608
1.14144
1.13092
1.12954
1.13456
1.12769
1.13115
1.14047
1.13192
1.12834
1.14089
1.13142
1.12903
1.14282
1.13412
1.13091
1.14101
1.12666
1.12792
1.13434
1.13243
1.12952
1.13999
1.12706
1.12813
1.13648
1.12546
1.1264
1.14271
1.13009
1.12849
1.13465
1.13371
1.12431
1.135
1.13396
1.12856
1.14046
1.12985
1.12886
1.13969
1.13327
1.1229
1.14042
1.13164
1.12896
1.14176
1.13148
1.12971
1.14112
1.13228
1.12398
1.14054
1.12464
1.13024
1.14142
1.13208
1.12837
1.14017
1.12933
1.12338
1.1404
1.13413
1.12355
1.14049
1.12655
1.12911
1.14046
1.13694
1.12897
1.13999
1.13202
1.12818
1.14118
1.13092
1.1241
1.14057
1.13382
1.12909
1.14013
1.1275
1.12905
1.1399
1.12616
1.12369
1.14028
1.13268
1.12926
1.13749
1.12498
1.12271
1.1397
1.13082
1.12235
1.14076
1.1339
1.12835
1.14136
1.1334
1.12493
1.14006
1.12542
1.12797
1.14062
1.13402
1.12855
1.14081
1.13704
1.12888
1.13986
1.12671
1.13034
1.14052
1.13433
1.12949
1.13479
1.13165
1.12892
1.13576
1.13085
1.12785
1.14146
1.13064
1.12424
1.14154
1.13101
1.12813
1.1395
1.12572
1.12979
1.14141
1.13409
1.1283
1.14149
1.13292
1.12852
1.14021
1.12929
1.12879
1.13926
1.13604
1.12912
1.13473
1.13458
1.12438
1.14078
1.13105
1.1296
1.14087
1.12693
1.12894
1.14037
1.13247
1.12798
1.13463
1.12646
1.12293
1.14091
1.13382
1.12956
1.14129
1.13231
1.12809
1.13962
1.13234
1.12938
1.1407
1.13277
1.12891
1.14121
1.13106
1.12811
1.14061
1.13031
1.129
1.14052
1.13361
1.12922
1.1409
1.13841
1.12792
1.14081
1.13016
1.13155
1.14002
1.1324
1.12918
1.14067
1.13104
1.1289
1.13444
1.12615
1.1303
1.14179
1.13221
1.1296
1.1355
1.13015
1.12256
1.13966
1.13153
1.12829
1.14054
1.13488
1.1289
1.14056
1.12897
1.12902
1.1343
1.13141
1.12865
1.14019
1.13452
1.13596
1.1411
1.13181
1.1283
1.14147
1.13035
1.12886
1.13554
1.13262
1.12845
1.13581
1.12596
1.13164
1.13918
1.13177
1.12863
1.14083
1.13201
1.12928
1.14094
1.12997
1.12868
1.14031
1.13279
1.12902
1.14058
1.1341
1.13031
1.14114
1.12663
1.12842
1.13498
1.13087
1.12798
1.14087
1.12857
1.12892
1.14031
1.13411
1.12254
1.13941
1.13575
1.12449
1.14084
1.13448
1.13468
1.14028
1.13134
1.12853
1.14017
1.13177
1.12827
1.14097
1.13739
1.12962
1.14085
1.13067
1.12332
1.1356
1.12541
1.12888
1.14039
1.13426
1.13089
1.13566
1.13163
1.1287
1.14137
1.13128
1.12832
1.13528
1.13399
1.13329
1.14065
1.13416
1.12857
1.14242
1.13082
1.12463
1.14137
1.13391
1.12888
1.13553
1.13195
1.12826
1.13579
1.1317
1.12841
1.14047
1.13365
1.12983
1.13466
1.13147
1.12289
1.13575
1.12665
1.12853
1.14052
1.13254
1.12826
1.14162
1.13134
1.12858
1.13522
1.12993
1.12826
1.14576
1.12868
1.12397
1.14027
1.12871
1.12839
1.13956
1.12986
1.12318
1.13435
1.1336
1.12886
1.14167
1.13076
1.12314
1.13988
1.13141
1.12334
1.1361
1.13246
1.12933
1.13506
1.13083
1.12846
1.14013
1.13159
1.13026
1.14003
1.13366
1.12906
