0.821849
0.832003
0.851007
0.843152
0.847992
0.837407
0.843153
0.830509
0.837994
0.851586
0.835854
0.842248
0.842712
0.843224
0.84397
0.839355
0.845106
0.851777
0.845352
0.842638
0.84134
0.851806
0.839573
0.840224
0.838956
0.842346
0.83733
0.845036
0.845883
0.847381
0.842243
0.843283
0.866109
0.84128
0.857373
0.844255
0.875323
0.872109
0.892695
0.916516
0.935999
0.944259
0.963799
0.995235
1.03135
1.0819
1.23892
1.25021
1.27872
1.16288
1.19281
1.21863
1.08037
1.07649
1.0649
1.07734
1.08479
1.11083
1.14182
1.14904
1.1756
1.2294
1.05365
1.04459
1.03975
1.04698
1.04476
1.06675
1.06192
1.0535
1.072
1.06476
1.06105
1.05348
1.04274
1.06761
1.05902
1.05848
1.05989
1.05504
1.06598
1.06548
1.06221
1.05998
1.06252
1.05961
1.08008
1.07052
1.05883
1.06414
1.0663
1.08207
1.06063
1.07869
1.05514
1.06441
1.08202
1.07392
1.06123
1.06464
1.07393
1.06196
1.07134
1.07648
1.06689
1.07062
1.07347
1.06743
1.06477
1.05936
1.06492
1.05709
1.06338
1.04646
1.0465
1.05455
1.05357
1.03755
1.04432
1.0467
1.04586
1.04303
1.049
1.04719
1.03357
1.05151
1.04002
1.0317
1.03945
1.02527
1.03007
1.02528
1.03173
1.033
1.02923
1.02477
1.0332
1.02591
1.02359
1.03159
1.0309
1.02257
1.03821
1.03154
1.02363
1.03907
1.03816
1.02823
1.03775
1.03382
1.02819
1.03714
1.03275
1.02764
1.03784
1.03299
1.02348
1.0376
1.03214
1.02754
1.03936
1.03183
1.03001
1.03738
1.02516
1.02434
1.03705
1.03302
1.02998
1.03822
1.02124
1.02206
1.03727
1.03176
1.02219
1.03686
1.02624
1.02253
1.03314
1.02496
1.03172
1.03191
1.02622
1.02297
1.03269
1.03257
1.02466
1.0315
1.03317
1.02324
1.0323
1.02722
1.02345
1.03756
1.03302
1.02238
1.03738
1.02647
1.02865
1.03244
1.03124
1.0225
1.03316
1.02802
1.02598
1.03187
1.02639
1.02779
1.03843
1.03382
1.02923
1.03901
1.03185
1.02856
1.0366
1.03138
1.02626
1.02689
1.02802
1.02306
1.03206
1.03183
1.02253
1.03142
1.02616
1.01691
1.03251
1.02062
1.02891
1.03138
1.02518
1.03156
1.02677
1.02515
1.0193
1.03111
1.02638
1.018
1.03198
1.02284
1.01782
1.02825
1.02735
1.02428
1.02725
1.02731
1.01762
1.0264
1.02231
1.01793
1.02696
1.02056
1.02338
1.03287
1.02662
1.02211
1.03286
1.02764
1.0238
1.02677
1.02733
1.02502
1.03232
1.02747
1.01991
1.02727
1.02122
1.01878
1.02706
1.0263
1.02426
1.03275
1.02541
1.02431
1.02742
1.02589
1.02412
1.0325
1.02622
1.0239
1.03265
1.0258
1.02493
1.03267
1.02772
1.0219
1.03261
1.02083
1.01827
1.0275
1.0226
1.02398
1.02769
1.02759
1.01939
1.03154
1.02205
1.01872
1.03197
1.02743
1.02099
1.02746
1.02107
1.01859
1.03383
1.02056
1.02351
1.02777
1.02153
1.02011
1.02758
1.01718
1.01347
1.02154
1.02185
1.01234
1.02687
1.02154
1.0157
1.0273
1.01605
1.01291
1.02314
1.01563
1.0137
1.02769
1.01806
1.01329
1.02215
1.01134
1.01538
1.02151
1.01805
1.01895
1.02232
1.01678
1.01375
1.01543
1.01629
1.01303
1.01659
1.01102
1.01112
1.02763
1.01548
1.0138
1.02214
1.01733
1.01345
1.02236
1.01069
1.01341
1.02248
1.01513
1.01358
1.02177
1.01101
1.00993
1.02162
1.01021
1.01148
1.01785
1.0128
1.00867
1.01734
1.01135
1.00798
1.01186
1.01223
1.00336
1.01301
1.0111
1.00566
1.01429
1.00687
1.00465
1.01227
1.00485
1.00392
1.01789
1.01094
1.00978
1.01752
1.01334
1.00822
1.01808
1.00717
1.00376
1.01232
1.00631
1.00427
1.01262
1.00735
1.00385
1.01327
1.00649
1.00319
1.01286
1.01137
1.00917
1.01822
1.0125
1.00942
1.01292
1.01196
1.00857
1.01195
1.00705
1.00398
1.00636
1.01141
1.0038
1.01169
1.01102
0.999052
1.00714
0.999737
0.99836
1.01835
1.00019
0.998049
1.00726
1.00602
1.00634
1.01269
1.00569
1.00388
1.00766
1.00744
1.00405
1.00714
1.00024
1.00474
1.01202
1.00736
1.00315
1.01294
1.00803
1.00393
1.01192
1.00949
1.00503
1.01572
1.0066
1.00387
1.00707
1.00073
1.00459
1.00766
1.00121
0.999099
1.00663
0.999499
0.999729
1.00671
1.00292
1.00469
1.00569
1.00831
1.00334
1.00678
1.00097
1.00339
1.00683
1.00083
0.997463
1.0082
1.0004
0.999133
1.00686
1.00034
0.998925
1.01206
1.00669
1.00402
1.00452
1.00281
0.998591
1.00706
0.997719
1.00373
1.00795
1.0079
0.993171
1.00165
0.996391
0.998491
1.00176
0.995096
0.998897
1.00203
1.00245
0.99276
1.00114
0.995614
0.992914
1.00258
0.994441
0.99395
1.00795
1.00066
0.998856
1.00668
1.00479
0.999107
1.00174
1.00135
0.993609
1.00193
0.996121
0.99838
1.00684
0.996307
0.993189
1.00237
0.994805
0.993622
1.00368
0.995196
0.987694
0.996071
0.989155
0.999481
1.00664
0.997286
0.995124
1.00243
0.997192
0.992471
1.00317
0.996828
0.992737
1.00274
0.996886
0.992913
1.00134
0.996767
0.99903
1.00302
0.995605
0.993442
1.00214
0.995079
0.992968
1.00221
0.996462
0.993566
1.00517
0.99652
0.993927
1.00115
0.99081
0.993801
0.998406
0.99607
0.987754
1.00149
0.994828
0.993338
1.00157
0.98852
0.994168
0.996784
0.989859
0.987968
0.996873
0.990078
0.987668
0.996847
0.988779
0.992984
0.996643
0.991322
0.98817
0.998073
0.99495
0.992898
0.996152
0.993878
0.988106
0.996647
0.992162
0.988385
0.996465
0.991465
0.987374
0.99777
0.990372
0.988088
1.00147
0.990941
0.988211
0.997492
0.991449
0.989104
0.99642
0.989121
0.988509
0.997212
0.991957
0.987859
0.996169
0.99022
0.982318
0.991184
0.984598
0.987525
0.990699
0.989496
0.976837
0.993769
0.979121
0.983017
0.985903
0.984331
0.977657
0.993654
0.986256
0.982963
0.985733
0.987092
0.983118
0.991293
0.986156
0.981795
0.990672
0.985968
0.98213
0.991379
0.980295
0.98308
0.991374
0.984166
0.982933
0.993008
0.986485
0.982609
0.991029
0.985221
0.977572
0.986397
0.987107
0.982956
0.986148
0.984895
0.977872
0.991118
0.979278
0.977277
0.986477
0.984961
0.977048
0.986223
0.980886
0.976519
0.986127
0.984934
0.976926
0.986251
0.978679
0.971745
0.980668
0.978716
0.977245
0.992316
0.979263
0.977318
0.990761
0.978796
0.983443
0.991259
0.987294
0.975902
0.985688
0.980493
0.97672
0.980315
0.974726
0.971328
0.974754
0.980526
0.977337
0.975606
0.974238
0.966303
0.985731
0.97961
0.971244
0.980479
0.982499
0.973205
0.975469
0.974543
0.966845
0.976472
0.975466
0.972437
0.984847
0.974788
0.966778
0.980022
0.968772
0.972326
0.975543
0.973636
0.966679
0.988109
0.974512
0.96686
0.980206
0.969122
0.971682
0.974762
0.9686
0.967444
0.980721
0.975122
0.971472
0.975832
0.97387
0.972036
0.980559
0.969878
0.966007
0.975623
0.970608
0.966162
0.975306
0.969669
0.972043
0.975901
0.969952
0.968591
0.980232
0.973608
0.972669
0.976036
0.963301
0.969174
0.970879
0.962624
0.962154
0.980412
0.971888
0.961618
0.96899
0.969802
0.967341
0.969347
0.968326
0.966043
0.969702
0.969362
0.960713
0.976512
0.968352
0.962143
0.976088
0.968519
0.961385
0.971538
0.969445
0.967337
0.977347
0.965807
0.966411
0.964865
0.959207
0.955537
0.96911
0.964579
0.955319
0.965462
0.959202
0.960211
0.969913
0.964356
0.955763
0.969666
0.959608
0.961162
0.963969
0.963964
0.958701
0.966031
0.963143
0.956398
0.970783
0.965215
0.956117
0.96413
0.95745
0.962922
0.970572
0.965132
0.960882
0.970192
0.963718
0.955885
0.970435
0.963817
0.961046
0.970743
0.963106
0.961545
0.971743
0.962479
0.961364
0.964685
0.958517
0.96192
0.969774
0.959098
0.962018
0.964608
0.960146
0.960669
0.970225
0.965171
0.954841
0.964984
0.964672
0.961428
0.96949
0.959574
0.961638
0.964938
0.963306
0.955367
0.965836
0.954114
0.952389
0.959676
0.953144
0.953158
0.964975
0.953708
0.951403
0.959845
0.954178
0.951191
0.958662
0.95325
0.950971
0.964664
0.952984
0.950584
0.959421
0.957651
0.956463
0.966166
0.952718
0.954903
0.959666
0.958169
0.956433
0.96452
0.957383
0.950204
0.958774
0.954148
0.951876
0.97056
0.954483
0.951013
0.959351
0.953913
0.951598
0.960201
0.954538
0.955985
0.95922
0.953633
0.95039
0.959166
0.953238
0.94529
0.958609
0.952909
0.946503
0.959022
0.947411
0.95508
0.955082
0.946554
0.95219
0.954927
0.954893
0.945616
0.958273
0.948139
0.945077
0.959919
0.946701
0.950236
0.953714
0.947913
0.950759
0.955546
0.946499
0.951732
0.954278
0.946839
0.945252
0.960229
0.949341
0.950334
0.953804
0.949238
0.944976
0.954095
0.948718
0.944932
0.961946
0.954312
0.950203
0.953964
0.949217
0.946143
0.954357
0.946553
0.945504
0.949046
0.948689
0.945367
0.955879
0.947608
0.940159
0.955012
0.94185
0.947784
0.948787
0.94232
0.940174
0.953786
0.946506
0.941682
0.952319
0.943754
0.938989
0.948942
0.942785
0.940154
0.954534
0.948066
0.937932
0.954534
0.942547
0.944817
0.948588
0.947018
0.945744
0.948626
0.94123
0.944663
0.948368
0.941805
0.945663
0.949643
0.946529
0.939289
0.949146
0.943334
0.945338
0.953668
0.943432
0.944366
0.949279
0.949322
0.944758
0.954097
0.946995
0.94431
0.948772
0.937549
0.944724
0.944124
0.948129
0.943203
0.947085
0.946867
0.943332
0.951659
0.947542
0.946351
0.945895
0.946323
0.943059
0.951426
0.942587
0.933214
0.948145
0.9419
0.94004
0.948822
0.936988
0.93485
0.948019
0.936109
0.933727
0.948442
0.941157
0.933616
0.944164
0.938183
0.93503
0.948932
0.936209
0.933514
0.943784
0.943222
0.932501
0.955545
0.939233
0.939441
0.948266
0.943037
0.933868
0.943029
0.937763
0.933638
0.937091
0.931782
0.934792
0.945064
0.931706
0.936335
0.938029
0.931041
0.934606
0.939515
0.938768
0.928463
0.937618
0.937453
0.928509
0.937409
0.931522
0.933146
0.936867
0.937126
0.928054
0.944631
0.931808
0.92844
0.938582
0.937028
0.928751
0.937427
0.932091
0.928228
0.938194
0.938984
0.928718
0.938209
0.932745
0.92792
0.937594
0.938984
0.928212
0.932626
0.937571
0.925307
0.938019
0.932724
0.928664
0.932302
0.933058
0.928688
0.932246
0.931654
0.92338
0.934782
0.926239
0.928738
0.938325
0.927056
0.923279
0.937217
0.931908
0.922956
0.933682
0.932549
0.929741
0.939295
0.927608
0.92308
0.93221
0.938508
0.929304
0.938291
0.926246
0.923585
0.932474
0.92605
0.922746
0.938047
0.925117
0.924543
0.931779
0.926032
0.928834
0.93815
0.928886
0.928284
0.932372
0.93329
0.922583
0.938136
0.927585
0.923175
0.932273
0.933181
0.925208
0.932957
0.925934
0.922571
0.933312
0.921427
0.919155
0.926919
0.927094
0.923405
0.932795
0.921815
0.920089
0.926928
0.922624
0.923492
0.926062
0.921809
0.918415
0.927443
0.92592
0.922771
0.928304
0.927609
0.923241
0.932798
0.921518
0.923968
0.932156
0.92046
0.922512
0.927593
0.9255
0.922685
0.932103
0.927905
0.924023
0.927343
0.920696
0.917224
0.927935
0.922651
0.922947
0.927867
0.923043
0.917755
0.926526
0.927911
0.922893
0.932078
0.921664
0.919224
0.9271
0.922481
0.918318
0.933072
0.926322
0.918981
0.92709
0.920815
0.925021
0.927374
0.923271
0.912736
0.920862
0.916774
0.913336
0.921496
0.91488
0.911241
0.926578
0.921217
0.912923
1.05294
0.943763
0.915754
0.922581
0.913558
0.911335
0.923343
0.91817
0.91185
0.920465
0.913317
0.916343
0.921964
0.908752
0.910816
0.92122
0.913666
0.910354
0.921234
0.908088
0.905496
0.916565
0.91431
0.905184
0.919902
0.913982
0.90482
0.916608
0.909928
0.913197
0.920567
0.913239
0.905442
0.914799
0.913397
0.911021
0.914364
0.913224
0.909981
0.914268
0.908009
0.904423
0.91462
0.914817
0.910897
0.921289
0.914016
0.904269
0.914492
0.908299
0.90446
0.913893
0.913742
0.911166
0.921183
0.907147
0.90543
0.916894
0.908019
0.905384
0.915087
0.909367
0.905334
0.914517
0.909521
0.90582
0.918949
0.907801
0.905061
0.914986
0.907304
0.911651
0.91446
0.912362
0.911033
0.919531
0.913537
0.91128
0.909852
0.913637
0.905783
0.905979
0.908432
0.910416
0.910936
0.908354
0.893878
0.909028
0.903186
0.902364
0.915031
0.897448
0.905138
0.91042
0.8991
0.904952
0.909712
0.898082
0.905141
0.914599
0.897935
0.905164
0.907545
0.897401
0.905257
0.910771
0.896359
0.90793
0.903706
0.896832
0.907888
0.903898
0.90242
0.900524
0.90984
0.902846
0.900875
0.909956
0.896431
0.894562
0.90395
0.903667
0.893983
0.903543
0.898917
0.900759
0.910408
0.902449
0.894073
0.904101
0.903816
0.899773
0.910125
0.903628
0.89906
0.909438
0.903518
0.899864
0.909628
0.903293
0.900728
0.904337
0.897415
0.900428
0.90717
0.897028
0.899185
0.905515
0.89329
0.893588
0.904834
0.896478
0.899545
0.909555
0.902352
0.883469
0.908936
0.897532
0.900349
0.893454
0.903542
0.899934
0.904602
0.891223
0.889464
0.909932
0.903051
0.88906
0.904643
0.892946
0.895121
0.899599
0.899349
0.884748
0.904966
0.902871
0.889375
0.903915
0.886053
0.894229
0.898783
0.892176
0.888651
0.89895
0.900497
0.89205
0.893436
0.898822
0.894319
0.898664
0.89792
0.888888
0.8995
0.887341
0.889318
0.893153
0.886934
0.883714
0.900647
0.890681
0.884518
0.898367
0.887238
0.889435
0.893625
0.894062
0.890027
0.893757
0.892922
0.884658
0.899739
0.886175
0.884392
0.893918
0.891758
0.895843
0.893185
0.885864
0.889596
0.893869
0.892071
0.884294
0.893985
0.887168
0.889232
0.893208
0.889385
0.890765
0.887642
0.893343
0.883459
0.898642
0.887333
0.883121
0.89932
0.892443
0.886061
0.888772
0.89006
0.883836
0.895011
0.892572
0.883928
0.887832
0.892496
0.889128
0.900856
0.885782
0.883749
0.890572
0.89168
0.87926
0.893018
0.880624
0.889212
0.893606
0.892121
0.879293
0.890885
0.886778
0.878998
0.893067
0.887797
0.883272
0.89967
0.881591
0.882859
0.887897
0.883327
0.887608
0.889494
0.886687
0.883717
0.888356
0.881862
0.884352
0.893699
0.888204
0.877477
0.888586
0.888595
0.879498
0.893911
0.881213
0.884683
0.888321
0.881995
0.879119
0.893571
0.885616
0.88831
0.895555
0.887047
0.884083
0.894415
0.886498
0.884
0.893989
0.885808
0.878095
0.888162
0.886904
0.87946
0.891099
0.882361
0.87844
0.889306
0.880358
0.883726
0.888174
0.881221
0.880107
0.896205
0.881013
0.879638
0.893328
0.883559
0.885498
0.894349
0.880736
0.878038
0.888414
0.883154
0.878054
0.893947
0.885853
0.883531
0.888623
0.881682
0.878045
0.88829
0.888229
0.878573
0.891567
0.887674
0.883632
0.891906
0.882514
0.883588
0.892932
0.881573
0.879548
0.88995
0.879692
0.879228
0.887982
0.886553
0.879093
0.888236
0.881926
0.884301
0.888057
0.887586
0.87392
0.894701
0.881679
0.878137
0.883444
0.886462
0.874035
0.887485
0.877629
0.884916
0.887817
0.88132
0.873226
0.894047
0.876153
0.884319
0.882528
0.886002
0.872605
0.888256
0.882859
0.883226
0.88295
0.88245
0.879385
0.893377
0.875868
0.883978
0.883537
0.876803
0.878089
0.888277
0.881076
0.873512
0.887871
0.882037
0.873617
0.894915
0.880976
0.878004
0.888837
0.881612
0.879279
0.882787
0.874443
0.873503
0.893879
0.881074
0.884514
0.88895
0.876456
0.873102
0.893071
0.881071
0.878007
0.883186
0.881573
0.878888
0.887935
0.883134
0.873719
0.883624
0.886556
0.878418
0.896216
0.883019
0.873367
0.882983
0.88732
0.877597
0.896658
0.877522
0.878578
0.882834
0.881967
0.873607
0.888343
0.876989
0.879042
0.883053
0.885859
0.878951
0.889135
0.881834
0.872678
0.884537
0.886888
0.878734
0.88864
0.87543
0.873131
0.887642
0.887134
0.874316
0.882865
0.890971
0.877735
0.89048
0.880814
0.874912
0.882769
0.886687
0.878778
0.882647
0.886504
0.878493
0.884198
0.888465
0.880399
0.888665
0.880746
0.878139
0.883306
0.881781
0.878565
0.887682
0.886072
0.872876
0.882812
0.881338
0.878633
0.890082
0.882113
0.87476
0.883587
0.882706
0.872764
0.881799
0.876888
0.883221
0.882607
0.881944
0.88386
0.88411
0.879849
0.873131
0.893571
0.881326
0.879349
0.889117
0.876006
0.878755
0.888001
0.882658
0.873379
0.889945
0.881087
0.873061
0.887975
0.875934
0.882064
0.893814
0.875017
0.883476
0.887638
0.876273
0.878764
0.883595
0.881839
0.879102
0.888525
0.878248
0.878349
0.882641
0.888106
0.877246
0.887973
0.88745
0.872864
0.888941
0.882088
0.887817
0.884227
0.877243
0.884403
0.888357
0.876609
0.878483
0.882548
0.888429
0.878873
0.890116
0.881239
0.873029
0.888885
0.881724
0.878605
0.892644
0.879803
0.873016
0.888454
0.876693
0.880619
0.883875
0.8816
0.884337
0.888363
0.875249
0.884053
0.88238
0.882007
0.874228
0.882688
0.892038
0.873621
0.883473
0.881271
0.873351
0.888302
0.881924
0.87935
0.888536
0.881828
0.877839
0.887812
0.877532
0.879533
0.888565
0.881747
0.88416
0.888485
0.882354
0.879399
0.882691
0.8748
0.872784
0.883485
0.881654
0.87352
0.890068
0.881147
0.87847
0.888922
0.875348
0.880921
0.888062
0.87642
0.87351
0.888523
0.881797
0.873994
0.891054
0.880702
0.884228
0.888556
0.875914
0.884005
0.888095
0.876183
0.873176
0.882245
0.883261
0.879161
0.888683
0.880864
0.878129
0.894788
0.882514
0.873291
0.887907
0.88082
0.878029
0.88311
0.88276
0.873377
0.887833
0.882333
0.88321
0.883149
0.876851
0.877841
0.892986
0.877832
0.872176
0.882074
0.881966
0.878218
0.895363
0.88072
0.878726
0.883551
0.875956
0.880844
0.893458
0.882165
0.875939
0.881911
0.887607
0.873846
0.889922
0.875773
0.873144
0.887934
0.875819
0.874248
0.882681
0.885365
0.879114
0.883537
0.875809
0.879211
0.888753
0.876484
0.879779
0.8827
0.887648
0.872537
0.88275
0.882622
0.885829
0.888616
0.882315
0.878296
0.888103
0.887264
0.873583
0.888709
0.88238
0.88378
0.888365
0.881718
0.872877
0.882607
0.887692
0.873685
0.884419
0.880918
0.87824
0.883921
0.881486
0.878576
0.882224
0.879883
0.878763
0.890061
0.876715
0.879735
0.889092
0.877424
0.879315
0.884793
0.886107
0.878999
0.88833
0.882133
0.884057
0.882639
0.878085
0.873703
0.888365
0.886662
0.873803
0.888283
0.87644
0.878705
0.89332
0.882839
0.877915
0.882481
0.876865
0.884466
0.882904
0.885607
0.872901
0.882553
0.883197
0.879116
0.888177
0.874825
0.879607
0.888339
0.876659
0.87896
0.883567
0.880998
0.878565
0.88333
0.875325
0.878611
0.882172
0.88136
0.878864
0.889408
0.876734
0.878702
0.889183
0.875399
0.880003
0.885059
0.881303
0.883597
0.888025
0.880689
0.878909
0.887802
0.883206
0.878755
0.888428
0.881232
0.872435
0.883144
0.881954
0.873126
0.887513
0.875374
0.877278
0.893903
0.876341
0.87228
0.882959
0.877222
0.873316
0.89376
0.87741
0.878617
0.892878
0.88218
0.872206
0.88902
0.882085
0.872986
0.884472
0.879875
0.879343
0.883185
0.881773
0.873867
0.891165
0.881196
0.879453
0.887833
0.883907
0.873772
0.891482
0.881
0.872518
0.888406
0.881236
0.87906
0.887381
0.880436
0.879541
0.888011
0.881498
0.874663
0.888738
0.882149
0.873768
0.882178
0.881963
0.872862
0.882645
0.881951
0.873014
0.88746
0.883537
0.873179
0.883065
0.885213
0.878508
0.889086
0.876016
0.879849
0.888177
0.881608
0.878315
0.888233
0.876481
0.875879
0.883152
0.880149
0.878768
0.887901
0.875449
0.873493
0.888214
0.882748
0.873476
0.887811
0.881569
0.873913
0.88278
0.876049
0.878423
0.888378
0.88263
0.877693
0.88844
0.884536
0.884515
0.882501
0.88296
0.878228
0.88312
0.881498
0.883889
0.882797
0.883284
0.878972
0.888127
0.881994
0.878375
0.888925
0.882352
0.872809
0.883296
0.881924
0.872724
0.883032
0.881308
0.873732
0.888655
0.881176
0.87528
0.888387
0.882985
0.874845
0.888277
0.876314
0.879655
0.884225
0.876431
0.874085
0.883867
0.878538
0.879893
0.887991
0.881963
0.880272
0.889163
0.880349
0.880092
0.883617
0.877449
0.879793
0.88333
0.875849
0.879263
0.888796
0.878466
0.876209
0.883233
0.878324
0.881054
0.888815
0.876187
0.879516
0.887425
0.882187
0.874206
0.883711
0.884635
0.880037
0.884441
0.881062
0.881273
0.883848
0.880819
0.878281
0.888191
0.882498
0.880391
0.882581
0.882415
0.873434
0.882304
0.880485
0.879902
0.888418
0.882604
0.879976
0.888771
0.880831
0.87904
0.887182
0.882618
0.874816
0.884169
0.881975
0.880369
0.888599
0.875669
0.878788
0.882879
0.876208
0.879564
0.889115
0.883484
0.873973
0.88866
0.882242
0.879595
0.88196
0.881391
0.879356
0.886537
0.878369
0.880143
0.882843
0.876141
0.873082
0.889697
0.875175
0.875396
0.889726
0.877303
0.874968
0.888711
0.875378
0.874303
0.882336
0.882703
0.874822
0.885536
0.876591
0.879873
0.883429
0.882231
0.879108
0.887784
0.88122
0.874309
0.883192
0.876838
0.880225
0.882559
0.8817
0.881338
0.883108
0.875485
0.879475
0.889073
0.882658
0.879221
0.883106
0.883518
0.878758
0.888115
0.876202
0.875853
0.889082
0.878104
0.879557
0.882474
0.881482
0.873497
0.888124
0.881761
0.876347
0.88904
0.881691
0.880727
0.883444
0.875446
0.882959
0.882251
0.87537
0.880242
0.883766
0.88278
0.879237
0.888073
0.876121
0.879049
0.888473
0.875291
0.875263
0.888981
0.877469
0.874587
0.883121
0.882494
0.880363
0.888784
0.875228
0.884301
0.883613
0.877221
0.874118
0.889583
0.882999
0.879259
0.888447
0.882007
0.873799
0.883763
0.877414
0.880192
0.890157
0.881502
0.873333
0.887405
0.882302
0.880087
0.883911
0.87691
0.87942
0.889699
0.880975
0.879332
0.889451
0.882688
0.8745
0.882598
0.877502
0.875092
0.890321
0.885305
0.878359
0.88885
0.875065
0.874199
0.88794
0.882207
0.874254
0.883405
0.87561
0.879226
0.882626
0.881144
0.87518
0.884069
0.876573
0.880243
0.888981
0.880459
0.879025
0.888045
0.881552
0.87355
0.88831
0.882397
0.874817
0.889412
0.883023
0.879689
0.882849
0.881091
0.880125
0.882945
0.883431
0.880727
0.888657
0.876736
0.875575
0.889214
0.875671
0.875007
0.888795
0.876968
0.880677
0.882933
0.881022
0.879312
0.88327
0.876014
0.879906
0.884099
0.876046
0.881255
0.884838
0.874897
0.873163
0.888317
0.876146
0.879441
0.883216
0.877246
0.88597
0.888595
0.881516
0.879446
0.889076
0.880399
0.879614
0.888512
0.882941
0.874089
0.88325
0.883307
0.882908
0.883595
0.881298
0.875286
0.88312
0.878015
0.876395
0.887508
0.881327
0.879778
0.889154
0.881368
0.873832
0.884602
0.876359
0.88205
0.888906
0.880583
0.878761
0.882537
0.880533
0.880083
0.888481
0.878005
0.873952
0.882912
0.875827
0.875125
0.883363
0.880663
0.879423
0.889102
0.88392
0.885454
0.887982
0.87658
0.880111
0.888185
0.881253
0.875635
0.88817
0.876987
0.874205
0.883036
0.87605
0.879379
0.888393
0.881764
0.879198
0.888239
0.877204
0.875298
0.882816
0.875631
0.879835
0.887697
0.876824
0.873861
0.883122
0.877986
0.874105
0.888249
0.881397
0.879316
0.888818
0.880646
0.873878
0.888505
0.877148
0.880569
0.888675
0.882814
0.878437
0.887966
0.874694
0.880441
0.888238
0.882625
0.879528
0.88308
0.87546
0.879974
0.88838
0.876416
0.874821
0.884664
0.879203
0.880342
0.888473
0.875161
0.879028
0.888496
0.875708
0.874184
0.884096
0.877905
0.873949
0.883975
0.882698
0.879633
0.888735
0.880712
0.874256
0.889705
0.884094
0.880484
0.881869
0.881632
0.873653
0.889707
0.875733
0.880473
0.89182
0.886037
0.88005
0.883039
0.876012
0.880178
0.882363
0.881007
0.879733
0.883203
0.876242
0.874694
0.888485
0.876047
0.879184
0.882636
0.880721
0.880203
0.882973
0.876877
0.879769
0.893321
0.876797
0.879517
0.889086
0.880552
0.879292
0.890396
0.877731
0.879269
0.88277
0.882575
0.87844
0.887361
0.880906
0.875657
0.888582
0.883085
0.880699
0.882776
0.88161
0.879144
0.888211
0.881179
0.880249
0.889431
0.881807
0.880534
0.889851
0.881384
0.879101
0.888914
0.875395
0.881569
0.888989
0.882387
0.874125
0.888979
0.881532
0.878358
0.882599
0.87551
0.874151
0.883647
0.883303
0.874551
0.889821
0.876479
0.879834
0.883463
0.880756
0.875057
0.883474
0.882383
0.879655
0.884081
0.881571
0.879067
0.883356
0.882266
0.879589
0.888551
0.882403
0.880441
0.884582
0.88107
0.878775
0.882135
0.876965
0.874376
0.883121
0.882311
0.878852
0.888429
0.875878
0.879532
0.88891
0.876814
0.879587
0.887937
0.877691
0.880045
0.887746
0.877468
0.878717
0.882673
0.87498
0.877701
0.882701
0.877365
0.874821
0.883079
0.881021
0.879145
0.887574
0.881537
0.880302
0.884342
0.881803
0.882242
0.888694
0.880229
0.879007
0.888154
0.876003
0.873793
0.883129
0.886853
0.879837
0.882933
0.88244
0.874689
0.882598
0.881942
0.879782
0.888578
0.879078
0.880049
0.887925
0.876261
0.878747
0.889846
0.880554
0.88043
0.889628
0.882244
0.881648
0.887984
0.881029
0.880094
0.882271
0.875708
0.874878
0.883288
0.881949
0.874255
0.888598
0.875924
0.880621
0.889392
0.882452
0.874025
0.888301
0.882454
0.880191
0.888297
0.876577
0.879813
0.889582
0.880636
0.879694
0.888788
0.883468
0.879953
0.888311
0.883086
0.873439
0.883965
0.875765
0.880557
0.882556
0.878052
0.874189
0.888422
0.876457
0.87353
0.883843
0.881116
0.878973
0.889013
0.876578
0.880444
0.889015
0.876302
0.873479
0.887879
0.881114
0.874197
0.88273
0.88266
0.874172
0.888435
0.875857
0.879008
0.888257
0.88067
0.874213
0.888583
0.884197
0.880283
0.883243
0.88232
0.879525
0.894626
0.875567
0.875223
0.883353
0.876939
0.874144
0.888647
0.881155
0.87397
0.888231
0.876622
0.879584
0.888867
0.877148
0.880205
0.887553
0.881871
0.878936
0.887759
0.881987
0.884064
0.889025
0.882258
0.879424
0.888473
0.881394
0.884013
0.889388
0.875491
0.874299
0.887677
0.882707
0.880639
0.888039
0.876522
0.879342
0.88291
0.880416
0.874901
0.888283
0.882197
0.874288
0.884014
0.880562
0.879507
0.888422
0.88142
0.874884
0.890918
0.881911
0.880165
0.883653
0.880636
0.884401
0.888027
0.880965
0.878915
0.890018
0.878245
0.879127
0.883226
0.88281
0.879275
0.888056
0.875781
0.874003
0.888484
0.878733
0.879914
0.88282
0.876335
0.878405
0.889853
0.875624
0.881798
0.888719
0.877028
0.879738
0.888145
0.878323
0.880145
0.883157
0.881397
0.875079
0.883498
0.881669
0.880451
0.88878
0.881288
0.873107
0.882283
0.880821
0.874471
0.883237
0.876959
0.880913
0.888889
0.881964
0.879434
0.888213
0.875023
0.879573
0.883382
0.882885
0.880184
0.888863
0.885761
0.873275
0.888403
0.881216
0.881732
0.882921
0.877924
0.880861
0.887917
0.881482
0.879077
0.882927
0.880813
0.874342
0.884047
0.87592
0.875038
0.884245
0.880744
0.873686
0.89132
0.881153
0.876877
0.888164
0.882504
0.879638
0.890233
0.881575
0.879121
0.887519
0.875606
0.879498
0.889869
0.883447
0.875006
0.882709
0.876863
0.874427
0.88275
0.880713
0.874686
0.888775
0.882372
0.874363
0.889368
0.881706
0.878529
0.888236
0.87639
0.874247
0.883071
0.877172
0.875038
0.891304
0.881202
0.872874
0.887952
0.882508
0.879597
0.888462
0.876933
0.879904
0.888788
0.880613
0.883843
0.884512
0.875779
0.879327
0.882789
0.882514
0.880556
0.882729
0.882317
0.8789
0.889087
0.880404
0.874363
0.888633
0.882084
0.876302
0.891561
0.880402
0.873765
0.88859
0.880998
0.880318
0.88934
0.881709
0.880738
0.888166
0.87465
0.873461
0.888286
0.875767
0.87368
0.888749
0.88337
0.880476
0.888323
0.883079
0.874596
0.88819
0.880729
0.879283
0.888667
0.883727
0.886014
0.888614
0.876278
0.873374
0.890067
0.880823
0.880996
0.889261
0.882999
0.876746
0.888358
0.87575
0.879094
0.889498
0.881132
0.87322
0.88869
0.882088
0.879916
0.888877
0.882033
0.873946
0.88265
0.881374
0.874113
0.883272
0.884027
0.880054
0.888224
0.876086
0.878427
0.882619
0.880471
0.873826
0.889514
0.883541
0.874149
0.888278
0.87755
0.873046
0.88232
0.880968
0.875471
0.884222
0.884653
0.875185
0.881857
0.881512
0.8792
0.883552
0.880678
0.873638
0.889319
0.886809
0.880747
0.889128
0.875837
0.879066
0.88768
0.880367
0.879127
0.88341
0.877352
0.874066
0.889988
0.881639
0.88
0.888519
0.880887
0.879569
0.889183
0.882852
0.874456
0.882339
0.87707
0.875387
0.888411
0.875462
0.880176
0.889073
0.87655
0.87891
0.884006
0.881901
0.878961
0.883095
0.881624
0.873792
0.88531
0.882287
0.874748
0.887881
0.881531
0.879241
0.887486
0.882328
0.880592
0.888824
0.882468
0.879156
0.883322
0.881169
0.879423
0.883452
0.88125
0.879244
0.89242
0.883455
0.880334
0.887823
0.877478
0.878675
0.887875
0.874578
0.880089
0.889687
0.876958
0.880003
0.888412
0.87573
0.874118
0.882596
0.880926
0.87459
0.883713
0.881934
0.880801
0.883514
0.87696
0.87367
0.882814
0.88136
0.878387
0.887558
0.877755
0.874079
0.88843
0.882689
0.874419
0.887741
0.875401
0.879979
0.888618
0.884276
0.87507
0.882756
0.876606
0.87886
0.890189
0.87871
0.882954
0.88881
0.882391
0.88041
0.882464
0.875098
0.879791
0.882649
0.881217
0.877752
0.888538
0.881687
0.879824
0.888976
0.874795
0.8737
0.882286
0.881256
0.880027
0.888214
0.882301
0.874418
0.888243
0.881803
0.879587
0.883353
0.880781
0.879845
0.888831
0.883243
0.879251
0.888806
0.883143
0.878499
0.887734
0.876141
0.881135
0.883274
0.883362
0.875225
0.888088
0.881944
0.876369
0.888275
0.880708
0.873456
0.889945
0.882081
0.880328
0.884704
0.875365
0.873631
0.882805
0.881224
0.880235
0.88798
0.87735
0.880352
0.889852
0.881656
0.873861
0.888213
0.8848
0.874461
0.889214
0.883033
0.880108
0.888694
0.876724
0.879738
0.888398
0.881034
0.874552
0.888536
0.881872
0.879983
0.888297
0.881594
0.878888
0.88338
0.883663
0.874551
0.889886
0.882552
0.88083
0.882731
0.881286
0.872878
0.887782
0.878463
0.873578
0.887868
0.884714
0.879868
0.884009
0.875201
0.874095
0.888585
0.880932
0.879762
0.882896
0.877228
0.880374
0.888196
0.87757
0.874205
0.885282
0.881175
0.88025
0.882753
0.882545
0.875812
0.888436
0.875347
0.873481
0.888877
0.881226
0.880162
0.883681
0.876605
0.880822
0.883797
0.875189
0.879374
0.888496
0.881004
0.879368
0.888522
0.882975
0.873818
0.888739
0.88248
0.874649
0.888401
0.875193
0.874073
0.883581
0.884272
0.874631
0.88783
0.881227
0.878755
0.898287
0.880709
0.880715
0.883971
0.882196
0.874087
0.88399
0.88097
0.879666
0.883616
0.880947
0.879638
0.888897
0.87668
0.874539
0.888746
0.875748
0.879242
0.887965
0.875279
0.874241
0.88875
0.882656
0.880016
0.888072
0.881335
0.877157
0.883121
0.880432
0.878921
0.882989
0.8845
0.879842
0.888496
0.877232
0.873613
0.882387
0.881499
0.87522
0.888087
0.88392
0.880006
0.882439
0.881984
0.874208
0.889032
0.882093
0.879213
0.885389
0.881802
0.880758
0.889116
0.881818
0.877809
0.887694
0.881042
0.880207
0.88838
0.882692
0.874242
0.888369
0.881632
0.874548
0.887706
0.875523
0.879126
0.889254
0.883072
0.87479
0.888389
0.882366
0.875337
0.888843
0.881233
0.875495
0.888467
0.882127
0.87408
0.88882
0.883161
0.878831
0.888213
0.881574
0.879685
0.888715
0.877566
0.880597
0.882825
0.876694
0.878455
0.882169
0.876774
0.880002
0.889008
0.882571
0.87973
0.889049
0.881894
0.87928
0.888905
0.880788
0.879648
0.886889
0.88212
0.874658
0.888197
0.885103
0.873647
0.888321
0.880493
0.873581
0.883139
0.883005
0.879549
0.888834
0.880669
0.873245
0.882772
0.881685
0.875328
0.888568
0.87704
0.880344
0.8886
0.881221
0.872983
0.883043
0.882215
0.874356
0.888518
0.877548
0.874244
0.890205
0.886505
0.882195
0.882357
0.880737
0.880894
0.888704
0.884283
0.880124
0.882405
0.876448
0.873421
0.889746
0.881329
0.875494
0.889391
0.88273
0.874624
0.883246
0.881045
0.879563
0.887348
0.881871
0.879976
0.888491
0.876347
0.879692
0.885381
0.880169
0.873778
0.888621
0.875769
0.875939
0.888596
0.882761
0.88018
0.883584
0.88127
0.879657
0.888734
0.880921
0.87882
0.888576
0.883876
0.88204
0.889332
0.877368
0.878576
0.887594
0.875914
0.88088
0.888568
0.882749
0.881594
0.883123
0.876592
0.873532
0.888078
0.877562
0.87901
0.888938
0.876713
0.874676
0.888947
0.875462
0.87915
0.887573
0.876575
0.880618
0.887938
0.877469
0.879293
0.888343
0.881218
0.879582
0.888229
0.876171
0.879991
0.889473
0.882612
0.883381
0.888101
0.876693
0.874138
0.888266
0.876361
0.880667
0.882889
0.882638
0.881273
0.888684
0.881162
0.878905
0.883341
0.877001
0.881776
0.883305
0.882523
0.881376
0.882735
0.87643
0.878616
0.887497
0.876347
0.87969
0.883132
0.878356
0.883535
0.889089
0.881396
0.879338
0.883678
0.875348
0.879657
0.888421
0.876528
0.881803
0.882902
0.876923
0.873084
0.883763
0.880537
0.88005
0.888164
0.88262
0.879917
0.892423
0.880321
0.879339
0.88933
0.881489
0.880385
0.888979
0.88075
0.880497
0.883365
0.880546
0.879083
0.883914
0.881377
0.879818
0.888298
0.878259
0.87871
0.888764
0.882513
0.880305
0.889196
0.875777
0.880161
0.885288
0.878721
0.880433
0.883003
0.876313
0.87322
0.88367
0.880715
0.875171
0.884423
0.883321
0.874851
0.882501
0.875646
0.879677
0.887868
0.881227
0.880176
0.888929
0.882563
0.880155
0.888608
0.875015
0.879417
0.888689
0.875926
0.8793
0.888656
0.878344
0.879893
0.882767
0.882253
0.879896
0.888333
0.880314
0.873523
0.887682
0.877691
0.879906
0.888197
0.877555
0.878844
0.888456
0.881233
0.881
0.883129
0.883022
0.879729
0.882636
0.875874
0.879989
0.888589
0.881554
0.879666
0.890155
0.876545
0.875227
0.883838
0.880895
0.874035
0.882564
0.875374
0.880144
0.89057
0.882596
0.874514
0.888582
0.881152
0.879325
0.887988
0.87527
0.87935
0.889365
0.882554
0.879716
0.888375
0.882375
0.879145
0.883363
0.875602
0.880634
0.889618
0.883623
0.879089
0.888722
0.881755
0.878652
0.882447
0.881434
0.880237
0.889232
0.877354
0.880478
0.888332
0.881795
0.873951
0.887344
0.876367
0.879465
0.889075
0.882449
0.874013
0.889138
0.876033
0.879222
0.889043
0.875322
0.879828
0.882566
0.882461
0.880761
0.887996
0.884025
0.879286
0.883226
0.880189
0.88752
0.883099
0.882188
0.879899
0.883341
0.881129
0.879023
0.888065
0.875312
0.880557
0.888621
0.877749
0.877426
0.888576
0.875242
0.878849
0.887768
0.875877
0.879572
0.888637
0.882804
0.873966
0.889792
0.882375
0.87975
0.888338
0.881606
0.879786
0.888259
0.879067
0.879969
0.888008
0.876284
0.878358
0.889709
0.881048
0.884377
0.88896
0.882324
0.880183
0.883369
0.88057
0.879644
0.883121
0.880878
0.874541
0.888441
0.881718
0.874732
0.889644
0.874555
0.873691
0.882705
0.881671
0.876305
0.883013
0.876868
0.880169
0.883428
0.876709
0.874086
0.887928
0.880167
0.879624
0.889622
0.877427
0.880166
0.886157
0.882652
0.878724
0.888015
0.882164
0.888787
0.888527
0.883137
0.879429
0.887938
0.882054
0.873492
0.893544
0.877348
0.880126
0.883532
0.876126
0.87508
0.884657
0.875355
0.878788
0.887856
0.881052
0.880004
0.888671
0.877825
0.874985
0.883145
0.881614
0.879122
0.888104
0.88085
0.874066
0.883707
0.883168
0.881562
0.887981
0.882532
0.876481
0.889408
0.880644
0.880679
0.882958
0.877201
0.881854
0.88811
0.881483
0.879074
0.888758
0.881231
0.879819
0.89053
0.883057
0.88219
0.888802
0.876135
0.878562
0.882403
0.882159
0.880375
0.888209
0.87704
0.879312
0.884388
0.875866
0.877107
0.890848
0.880395
0.879471
0.882762
0.88241
0.874888
0.882943
0.882524
0.879126
0.88874
0.880141
0.880096
0.887574
0.882943
0.8738
0.888341
0.881265
0.879551
0.88988
0.881393
0.880625
0.889073
0.881992
0.875034
0.888377
0.874613
0.880759
0.889552
0.881683
0.87917
0.888332
0.878247
0.874212
0.888694
0.882794
0.87426
0.888214
0.876101
0.879898
0.888488
0.885578
0.879895
0.887995
0.881664
0.879073
0.889354
0.880999
0.875014
0.888784
0.883304
0.880018
0.888173
0.877195
0.879774
0.887755
0.875608
0.874624
0.888487
0.882235
0.8801
0.883218
0.875131
0.873581
0.88781
0.880633
0.873566
0.888566
0.882728
0.879356
0.88918
0.881474
0.875434
0.888244
0.875626
0.878788
0.88883
0.882956
0.879477
0.888498
0.882016
0.879731
0.888007
0.876169
0.881081
0.88878
0.883312
0.880346
0.882426
0.881556
0.879543
0.88385
0.881237
0.87888
0.889558
0.881199
0.875443
0.889316
0.881391
0.879031
0.887747
0.875418
0.880789
0.889343
0.882753
0.879544
0.889632
0.881942
0.879334
0.888239
0.879955
0.879962
0.887126
0.884755
0.880168
0.882528
0.88336
0.875064
0.888857
0.88113
0.880552
0.888514
0.876888
0.879947
0.888488
0.882103
0.878879
0.882892
0.876416
0.873962
0.888797
0.882779
0.880581
0.887834
0.881858
0.87896
0.8877
0.882047
0.880208
0.888708
0.882322
0.879796
0.889159
0.881345
0.878972
0.888707
0.880487
0.879875
0.888473
0.882432
0.880286
0.888745
0.886629
0.878858
0.888982
0.880402
0.88245
0.888112
0.882285
0.880148
0.888532
0.880919
0.879629
0.882506
0.875963
0.881361
0.889935
0.881926
0.880635
0.883411
0.880026
0.873479
0.88797
0.881385
0.879307
0.888608
0.883731
0.879587
0.88871
0.877585
0.879732
0.882664
0.881075
0.879594
0.888383
0.883891
0.883311
0.889283
0.881392
0.878982
0.88965
0.880965
0.879818
0.8838
0.882263
0.879622
0.883674
0.875484
0.881908
0.887379
0.881356
0.879543
0.888854
0.881627
0.880116
0.888988
0.880484
0.87937
0.888287
0.882089
0.879863
0.888556
0.883014
0.881347
0.888912
0.876381
0.879254
0.883065
0.881181
0.879007
0.888768
0.87743
0.87956
0.888549
0.882662
0.87325
0.887447
0.885616
0.875446
0.888727
0.883353
0.885455
0.888027
0.88128
0.879074
0.888501
0.881588
0.879401
0.889434
0.884844
0.880805
0.88881
0.881067
0.873931
0.883638
0.875023
0.880157
0.888632
0.883204
0.881902
0.883678
0.881416
0.879467
0.889833
0.881366
0.879435
0.88348
0.88282
0.883568
0.888445
0.882615
0.879558
0.890124
0.881178
0.875389
0.889331
0.882677
0.879982
0.883543
0.881319
0.878922
0.883914
0.881314
0.879745
0.888547
0.882524
0.88079
0.882602
0.88093
0.873871
0.883857
0.876398
0.879482
0.888388
0.882359
0.879379
0.889701
0.881482
0.879394
0.883366
0.880221
0.879327
0.892717
0.877552
0.875066
0.888262
0.877596
0.879197
0.887923
0.880265
0.874434
0.882502
0.883613
0.879868
0.889744
0.880752
0.873856
0.888192
0.88109
0.8744
0.884196
0.882534
0.880222
0.88314
0.881157
0.879125
0.888252
0.88144
0.881305
0.887989
0.882795
0.879724
