3.5013
2.41581
1.70508
1.19852
0.853315
0.619183
0.456668
0.341374
-0.311788
-0.305072
-0.298738
-0.292736
-0.287024
-0.28157
-0.276348
-0.271335
-0.266514
-0.261869
-0.257387
-0.253056
-0.248867
-0.244812
-0.240881
-0.237068
-0.233367
-0.229771
-0.226277
-0.222878
-0.219571
-0.216351
-0.213215
-0.210164
-0.207211
-0.204328
-0.201512
-0.198762
-0.196075
-0.193448
-0.190881
-0.188371
-0.185916
-0.183515
-0.181166
-0.178867
-0.176616
-0.174413
-0.172256
-0.170144
-0.168074
-0.166047
-0.16406
-0.162113
-0.160204
-0.158333
-0.156497
-0.154698
-0.152932
-0.1512
-0.1495
-0.147831
-0.146194
-0.144586
-0.143007
-0.141457
-0.139934
-0.138438
-0.136968
-0.135524
-0.134104
-0.132709
-0.131338
-0.129989
-0.128663
-0.127359
-0.126076
-0.124814
-0.123573
-0.122351
-0.121149
-0.119966
-0.118801
-0.117655
-0.116526
-0.115414
-0.114319
-0.113241
-0.112179
-0.111132
-0.110101
-0.109085
-0.108084
-0.107097
-0.106124
-0.105166
-0.10422
-0.103288
-0.102369
-0.101463
-0.100569
-0.099687
-0.0988171
-0.0979589
-0.0971122
-0.0962767
-0.0954521
-0.0946384
-0.0938352
-0.0930424
-0.0922598
-0.0914871
-0.0907242
-0.0899708
-0.0892269
-0.0884923
-0.0877667
-0.0870499
-0.0863419
-0.0856425
-0.0849515
-0.0842688
-0.0835942
-0.0829275
-0.0822687
-0.0816175
-0.0809739
-0.0803378
-0.0797089
-0.0790872
-0.0784726
-0.0778649
-0.077264
-0.0766698
-0.0760821
-0.075501
-0.0749262
-0.0743577
-0.0737954
-0.0732391
-0.0726888
-0.0721444
-0.0716057
-0.0710728
-0.0705454
-0.0700236
-0.0695072
-0.0689961
-0.0684903
-0.0679896
-0.0674941
-0.0670036
-0.066518
-0.0660374
-0.0655615
-0.0650904
-0.0646239
-0.064162
-0.0637047
-0.0632518
-0.0628034
-0.0623592
-0.0619194
-0.0614838
-0.0610523
-0.0606249
-0.0602016
-0.0597823
-0.0593669
-0.0589554
-0.0585477
-0.0581438
-0.0577436
-0.0573471
-0.0569542
-0.0565649
-0.0561792
-0.0557969
-0.0554181
-0.0550427
-0.0546706
-0.0543018
-0.0539364
-0.0535741
-0.053215
-0.0528591
-0.0525063
-0.0521566
-0.0518099
-0.0514662
-0.0511254
-0.0507876
-0.0504527
-0.0501206
-0.0497913
-0.0494648
-0.0491411
-0.0488201
-0.0485018
-0.0481861
-0.0478731
-0.0475627
-0.0472548
-0.0469495
-0.0466467
-0.0463463
-0.0460484
-0.045753
-0.0454599
-0.0451692
-0.0448808
-0.0445948
-0.044311
-0.0440295
-0.0437503
-0.0434733
-0.0431984
-0.0429258
-0.0426553
-0.0423869
-0.0421206
-0.0418564
-0.0415942
-0.0413341
-0.041076
-0.0408199
-0.0405657
-0.0403136
-0.0400633
-0.039815
-0.0395685
-0.0393239
-0.0390812
-0.0388403
-0.0386012
-0.0383639
-0.0381284
-0.0378947
-0.0376627
-0.0374324
-0.0372039
-0.036977
-0.0367519
-0.0365283
-0.0363065
-0.0360862
-0.0358676
-0.0356505
-0.0354351
-0.0352212
-0.0350089
-0.0347981
-0.0345888
-0.034381
-0.0341748
-0.03397
-0.0337666
-0.0335648
-0.0333643
-0.0331653
-0.0329677
-0.0327715
-0.0325767
-0.0323833
-0.0321912
-0.0320005
-0.0318111
-0.0316231
-0.0314363
-0.0312509
-0.0310668
-0.0308839
-0.0307023
-0.0305219
-0.0303428
-0.030165
-0.0299883
-0.0298129
-0.0296387
-0.0294656
-0.0292938
-0.0291231
-0.0289536
-0.0287852
-0.028618
-0.0284519
-0.0282869
-0.028123
-0.0279603
-0.0277986
-0.027638
-0.0274785
-0.0273201
-0.0271627
-0.0270064
-0.0268511
-0.0266968
-0.0265436
-0.0263913
-0.0262401
-0.0260899
-0.0259407
-0.0257924
-0.0256451
-0.0254988
-0.0253535
-0.025209
-0.0250656
-0.0249231
-0.0247815
-0.0246408
-0.024501
-0.0243621
-0.0242242
-0.0240871
-0.0239509
-0.0238156
-0.0236811
-0.0235475
-0.0234148
-0.0232829
-0.0231519
-0.0230217
-0.0228923
-0.0227638
-0.0226361
-0.0225091
-0.022383
-0.0222577
-0.0221332
-0.0220094
-0.0218865
-0.0217643
-0.0216429
-0.0215222
-0.0214023
-0.0212832
-0.0211648
-0.0210471
-0.0209302
-0.020814
-0.0206985
-0.0205838
-0.0204697
-0.0203564
-0.0202438
-0.0201318
-0.0200206
-0.01991
-0.0198001
-0.0196909
-0.0195824
-0.0194745
-0.0193673
-0.0192608
-0.0191549
-0.0190496
-0.018945
-0.018841
-0.0187377
-0.018635
-0.0185329
-0.0184314
-0.0183306
-0.0182304
-0.0181307
-0.0180317
-0.0179333
-0.0178354
-0.0177382
-0.0176415
-0.0175454
-0.0174499
-0.017355
-0.0172606
-0.0171668
-0.0170736
-0.0169809
-0.0168888
-0.0167972
-0.0167062
-0.0166157
-0.0165257
-0.0164363
-0.0163474
-0.016259
-0.0161712
-0.0160839
-0.0159971
-0.0159108
-0.015825
-0.0157397
-0.0156549
-0.0155706
-0.0154869
-0.0154036
-0.0153208
-0.0152384
-0.0151566
-0.0150753
-0.0149944
-0.014914
-0.014834
-0.0147545
-0.0146755
-0.014597
-0.0145189
-0.0144412
-0.014364
-0.0142873
-0.014211
-0.0141351
-0.0140597
-0.0139847
-0.0139101
-0.013836
-0.0137623
-0.0136891
-0.0136162
-0.0135438
-0.0134718
-0.0134001
-0.013329
-0.0132582
-0.0131878
-0.0131178
-0.0130482
-0.012979
-0.0129103
-0.0128419
-0.0127739
-0.0127062
-0.012639
-0.0125722
-0.0125057
-0.0124396
-0.0123739
-0.0123085
-0.0122436
-0.0121789
-0.0121147
-0.0120508
-0.0119873
-0.0119241
-0.0118613
-0.0117989
-0.0117368
-0.011675
-0.0116136
-0.0115526
-0.0114918
-0.0114315
-0.0113714
-0.0113117
-0.0112524
-0.0111933
-0.0111346
-0.0110762
-0.0110182
-0.0109605
-0.0109031
-0.010846
-0.0107892
-0.0107328
-0.0106766
-0.0106208
-0.0105653
-0.0105101
-0.0104552
-0.0104006
-0.0103463
-0.0102923
-0.0102386
-0.0101852
-0.0101321
-0.0100793
-0.0100268
-0.00997453
-0.00992259
-0.00987094
-0.00981957
-0.00976848
-0.00971767
-0.00966715
-0.0096169
-0.00956692
-0.00951722
-0.0094678
-0.00941864
-0.00936975
-0.00932113
-0.00927278
-0.00922469
-0.00917686
-0.0091293
-0.00908199
-0.00903495
-0.00898816
-0.00894162
-0.00889534
-0.00884931
-0.00880353
-0.008758
-0.00871272
-0.00866768
-0.00862289
-0.00857834
-0.00853403
-0.00848996
-0.00844613
-0.00840254
-0.00835918
-0.00831606
-0.00827317
-0.00823052
-0.00818809
-0.0081459
-0.00810393
-0.00806218
-0.00802067
-0.00797937
-0.0079383
-0.00789745
-0.00785682
-0.00781641
-0.00777622
-0.00773624
-0.00769647
-0.00765692
-0.00761758
-0.00757846
-0.00753954
-0.00750083
-0.00746233
-0.00742403
-0.00738594
-0.00734806
-0.00731037
-0.00727289
-0.00723561
-0.00719852
-0.00716164
-0.00712495
-0.00708846
-0.00705216
-0.00701605
-0.00698014
-0.00694442
-0.00690889
-0.00687354
-0.00683839
-0.00680342
-0.00676864
-0.00673404
-0.00669963
-0.0066654
-0.00663135
-0.00659748
-0.00656379
-0.00653028
-0.00649694
-0.00646379
-0.00643081
-0.006398
-0.00636536
-0.0063329
-0.00630061
-0.00626849
-0.00623654
-0.00620476
-0.00617315
-0.0061417
-0.00611042
-0.00607931
-0.00604835
-0.00601756
-0.00598694
-0.00595647
-0.00592616
-0.00589602
-0.00586603
-0.0058362
-0.00580653
-0.00577701
-0.00574764
-0.00571844
-0.00568938
-0.00566048
-0.00563172
-0.00560312
-0.00557467
-0.00554637
-0.00551821
-0.00549021
-0.00546235
-0.00543463
-0.00540706
-0.00537964
-0.00535235
-0.00532521
-0.00529821
-0.00527136
-0.00524464
-0.00521806
-0.00519162
-0.00516532
-0.00513916
-0.00511313
-0.00508723
-0.00506148
-0.00503585
-0.00501036
-0.004985
-0.00495978
-0.00493468
-0.00490972
-0.00488488
-0.00486018
-0.0048356
-0.00481115
-0.00478683
-0.00476263
-0.00473856
-0.00471461
-0.00469079
-0.00466709
-0.00464351
-0.00462006
-0.00459673
-0.00457351
-0.00455042
-0.00452745
-0.0045046
-0.00448186
-0.00445924
-0.00443674
-0.00441436
-0.00439209
-0.00436993
-0.00434789
-0.00432597
-0.00430415
-0.00428245
-0.00426086
-0.00423939
-0.00421802
-0.00419676
-0.00417562
-0.00415458
-0.00413365
-0.00411283
-0.00409211
-0.0040715
-0.004051
-0.00403061
-0.00401031
-0.00399013
-0.00397004
-0.00395006
-0.00393018
-0.00391041
-0.00389073
-0.00387116
-0.00385169
-0.00383232
-0.00381304
-0.00379387
-0.00377479
-0.00375581
-0.00373693
-0.00371815
-0.00369946
-0.00368087
-0.00366237
-0.00364397
-0.00362566
-0.00360744
-0.00358932
-0.00357129
-0.00355335
-0.00353551
-0.00351776
-0.00350009
-0.00348252
-0.00346504
-0.00344764
-0.00343034
-0.00341312
-0.00339599
-0.00337895
-0.003362
-0.00334513
-0.00332835
-0.00331165
-0.00329504
-0.00327851
-0.00326207
-0.00324571
-0.00322944
-0.00321325
-0.00319714
-0.00318111
-0.00316516
-0.0031493
-0.00313351
-0.00311781
-0.00310219
-0.00308664
-0.00307118
-0.00305579
-0.00304048
-0.00302525
-0.0030101
-0.00299502
-0.00298003
-0.0029651
-0.00295026
-0.00293549
-0.00292079
-0.00290617
-0.00289162
-0.00287715
-0.00286275
-0.00284842
-0.00283416
-0.00281998
-0.00280587
-0.00279183
-0.00277786
-0.00276397
-0.00275014
-0.00273639
-0.0027227
-0.00270908
-0.00269553
-0.00268205
-0.00266864
-0.0026553
-0.00264202
-0.00262881
-0.00261567
-0.00260259
-0.00258958
-0.00257664
-0.00256376
-0.00255095
-0.0025382
-0.00252552
-0.0025129
-0.00250034
-0.00248785
-0.00247542
-0.00246305
-0.00245074
-0.0024385
-0.00242632
-0.0024142
-0.00240214
-0.00239015
-0.00237821
-0.00236633
-0.00235452
-0.00234276
-0.00233106
-0.00231942
-0.00230784
-0.00229632
-0.00228486
-0.00227345
-0.00226211
-0.00225081
-0.00223958
-0.0022284
-0.00221728
-0.00220622
-0.00219521
-0.00218425
-0.00217335
-0.00216251
-0.00215172
-0.00214098
-0.0021303
-0.00211967
-0.0021091
-0.00209858
-0.00208811
-0.0020777
-0.00206733
-0.00205702
-0.00204676
-0.00203656
-0.0020264
-0.00201629
-0.00200624
-0.00199624
-0.00198628
-0.00197638
-0.00196652
-0.00195672
-0.00194696
-0.00193726
-0.0019276
-0.00191799
-0.00190843
-0.00189892
-0.00188946
-0.00188004
-0.00187067
-0.00186134
-0.00185207
-0.00184284
-0.00183365
-0.00182451
-0.00181542
-0.00180638
-0.00179738
-0.00178842
-0.00177951
-0.00177064
-0.00176182
-0.00175304
-0.00174431
-0.00173562
-0.00172697
-0.00171837
-0.00170981
-0.00170129
-0.00169282
-0.00168439
-0.001676
-0.00166765
-0.00165934
-0.00165108
-0.00164285
-0.00163467
-0.00162653
-0.00161843
-0.00161037
-0.00160235
-0.00159437
-0.00158643
-0.00157853
-0.00157067
-0.00156285
-0.00155507
-0.00154733
-0.00153963
-0.00153196
-0.00152433
-0.00151674
-0.00150919
-0.00150168
-0.0014942
-0.00148676
-0.00147936
-0.001472
-0.00146467
-0.00145738
-0.00145013
-0.00144291
-0.00143573
-0.00142858
-0.00142147
-0.00141439
-0.00140735
-0.00140035
-0.00139338
-0.00138644
-0.00137954
-0.00137268
-0.00136585
-0.00135905
-0.00135228
-0.00134555
-0.00133886
-0.00133219
-0.00132557
-0.00131897
-0.0013124
-0.00130587
-0.00129938
-0.00129291
-0.00128648
-0.00128007
-0.0012737
-0.00126737
-0.00126106
-0.00125479
-0.00124854
-0.00124233
-0.00123615
-0.00123
-0.00122388
-0.00121779
-0.00121173
-0.0012057
-0.0011997
-0.00119373
-0.00118779
-0.00118188
-0.001176
-0.00117015
-0.00116433
-0.00115854
-0.00115277
-0.00114704
-0.00114133
-0.00113565
-0.00113
-0.00112438
-0.00111879
-0.00111322
-0.00110768
-0.00110217
-0.00109669
-0.00109123
-0.0010858
-0.0010804
-0.00107503
-0.00106968
-0.00106436
-0.00105906
-0.00105379
-0.00104855
-0.00104334
-0.00103814
-0.00103298
-0.00102784
-0.00102273
-0.00101764
-0.00101258
-0.00100754
-0.00100253
-0.000997543
-0.00099258
-0.000987643
-0.00098273
-0.000977842
-0.000972977
-0.000968137
-0.000963321
-0.000958529
-0.000953761
-0.000949017
-0.000944296
-0.000939599
-0.000934925
-0.000930274
-0.000925646
-0.000921042
-0.00091646
-0.000911901
-0.000907365
-0.000902851
-0.00089836
-0.000893891
-0.000889444
-0.000885019
-0.000880616
-0.000876236
-0.000871877
-0.000867539
-0.000863224
-0.000858929
-0.000854656
-0.000850404
-0.000846174
-0.000841964
-0.000837775
-0.000833607
-0.00082946
-0.000825333
-0.000821227
-0.000817142
-0.000813076
-0.000809031
-0.000805006
-0.000801
-0.000797015
-0.00079305
-0.000789104
-0.000785177
-0.000781271
-0.000777383
-0.000773515
-0.000769666
-0.000765837
-0.000762026
-0.000758234
-0.000754461
-0.000750706
-0.000746971
-0.000743254
-0.000739555
-0.000735875
-0.000732213
-0.000728569
-0.000724944
-0.000721336
-0.000717747
-0.000714175
-0.00071062
-0.000707084
-0.000703565
-0.000700063
-0.000696579
-0.000693112
-0.000689663
-0.00068623
-0.000682814
-0.000679415
-0.000676033
-0.000672668
-0.00066932
-0.000665988
-0.000662673
-0.000659375
-0.000656093
-0.000652827
-0.000649577
-0.000646344
-0.000643126
-0.000639925
-0.000636739
-0.00063357
-0.000630415
-0.000627277
-0.000624154
-0.000621047
-0.000617955
-0.000614878
-0.000611817
-0.000608771
-0.000605739
-0.000602723
-0.000599722
-0.000596736
-0.000593765
-0.000590808
-0.000587866
-0.000584939
-0.000582026
-0.000579128
-0.000576244
-0.000573374
-0.000570518
-0.000567677
-0.00056485
-0.000562037
-0.000559237
-0.000556452
-0.000553681
-0.000550923
-0.000548179
-0.000545448
-0.000542731
-0.000540028
-0.000537338
-0.000534661
-0.000531998
-0.000529348
-0.000526711
-0.000524086
-0.000521475
-0.000518877
-0.000516292
-0.00051372
-0.00051116
-0.000508613
-0.000506079
-0.000503557
-0.000501048
-0.000498551
-0.000496067
-0.000493595
-0.000491135
-0.000488688
-0.000486252
-0.000483829
-0.000481418
-0.000479018
-0.000476631
-0.000474255
-0.000471891
-0.000469539
-0.000467199
-0.00046487
-0.000462553
-0.000460247
-0.000457953
-0.00045567
-0.000453398
-0.000451138
-0.000448889
-0.000446651
-0.000444424
-0.000442208
-0.000440003
-0.000437809
-0.000435626
-0.000433454
-0.000431292
-0.000429142
-0.000427002
-0.000424872
-0.000422753
-0.000420645
-0.000418547
-0.000416459
-0.000414382
-0.000412315
-0.000410259
-0.000408212
-0.000406176
-0.00040415
-0.000402134
-0.000400128
-0.000398131
-0.000396145
-0.000394169
-0.000392202
-0.000390245
-0.000388298
-0.000386361
-0.000384433
-0.000382515
-0.000380606
-0.000378707
-0.000376817
-0.000374936
-0.000373065
-0.000371203
-0.00036935
-0.000367507
-0.000365672
-0.000363846
-0.000362029
-0.000360221
-0.000358422
-0.000356633
-0.000354853
-0.000353081
-0.000351319
-0.000349565
-0.00034782
-0.000346083
-0.000344356
-0.000342636
-0.000340925
-0.000339223
-0.000337529
-0.000335843
-0.000334166
-0.000332497
-0.000330836
-0.000329184
-0.00032754
-0.000325904
-0.000324276
-0.000322656
-0.000321045
-0.000319441
-0.000317846
-0.000316258
-0.000314678
-0.000313106
-0.000311542
-0.000309986
-0.000308437
-0.000306896
-0.000305363
-0.000303837
-0.000302319
-0.000300809
-0.000299306
-0.00029781
-0.000296322
-0.000294841
-0.000293368
-0.000291901
-0.000290443
-0.000288991
-0.000287547
-0.000286109
-0.000284679
-0.000283256
-0.00028184
-0.000280431
-0.000279029
-0.000277634
-0.000276246
-0.000274865
-0.000273491
-0.000272123
-0.000270763
-0.000269409
-0.000268061
-0.000266721
-0.000265387
-0.00026406
-0.000262739
-0.000261425
-0.000260117
-0.000258816
-0.000257521
-0.000256233
-0.000254951
-0.000253676
-0.000252407
-0.000251144
-0.000249887
-0.000248637
-0.000247393
-0.000246155
-0.000244923
-0.000243698
-0.000242478
-0.000241265
-0.000240058
-0.000238856
-0.000237661
-0.000236471
-0.000235288
-0.00023411
-0.000232938
-0.000231772
-0.000230612
-0.000229457
-0.000228308
-0.000227165
-0.000226028
-0.000224896
-0.00022377
-0.000222649
-0.000221534
-0.000220425
-0.000219321
-0.000218223
-0.00021713
-0.000216042
-0.00021496
-0.000213883
-0.000212812
-0.000211746
-0.000210685
-0.000209629
-0.000208579
-0.000207534
-0.000206494
-0.00020546
-0.00020443
-0.000203406
-0.000202387
-0.000201372
-0.000200363
-0.000199359
-0.00019836
-0.000197366
-0.000196376
-0.000195392
-0.000194413
-0.000193438
-0.000192468
-0.000191503
-0.000190543
-0.000189588
-0.000188637
-0.000187691
-0.00018675
-0.000185814
-0.000184882
-0.000183955
-0.000183032
-0.000182114
-0.000181201
-0.000180292
-0.000179388
-0.000178488
-0.000177593
-0.000176702
-0.000175815
-0.000174933
-0.000174056
-0.000173182
-0.000172313
-0.000171449
-0.000170588
-0.000169732
-0.00016888
-0.000168033
-0.000167189
-0.00016635
-0.000165515
-0.000164684
-0.000163857
-0.000163035
-0.000162216
-0.000161402
-0.000160592
-0.000159785
-0.000158983
-0.000158185
-0.000157391
-0.0001566
-0.000155814
-0.000155031
-0.000154253
-0.000153478
-0.000152707
-0.00015194
-0.000151177
-0.000150417
-0.000149662
-0.00014891
-0.000148162
-0.000147417
-0.000146677
-0.00014594
-0.000145207
-0.000144477
-0.000143751
-0.000143029
-0.00014231
-0.000141595
-0.000140883
-0.000140175
-0.00013947
-0.000138769
-0.000138072
-0.000137377
-0.000136687
-0.000136
-0.000135316
-0.000134636
-0.000133959
-0.000133285
-0.000132615
-0.000131948
-0.000131285
-0.000130625
-0.000129968
-0.000129314
-0.000128664
-0.000128017
-0.000127373
-0.000126732
-0.000126095
-0.00012546
-0.000124829
-0.000124201
-0.000123576
-0.000122955
-0.000122336
-0.000121721
-0.000121108
-0.000120499
-0.000119892
-0.000119289
-0.000118689
-0.000118091
-0.000117497
-0.000116906
-0.000116317
-0.000115732
-0.00011515
-0.00011457
-0.000113993
-0.000113419
-0.000112848
-0.00011228
-0.000111715
-0.000111153
-0.000110593
-0.000110036
-0.000109483
-0.000108931
-0.000108383
-0.000107837
-0.000107294
-0.000106754
-0.000106217
-0.000105682
-0.00010515
-0.00010462
-0.000104094
-0.000103569
-0.000103048
-0.000102529
-0.000102013
-0.000101499
-0.000100988
-0.00010048
-9.99741e-05
-9.94707e-05
-9.897e-05
-9.8472e-05
-9.79766e-05
-9.7484e-05
-9.69938e-05
-9.6506e-05
-9.60207e-05
-9.55378e-05
-9.50573e-05
-9.45791e-05
-9.41034e-05
-9.363e-05
-9.3159e-05
-9.26903e-05
-9.2224e-05
-9.176e-05
-9.12983e-05
-9.08388e-05
-9.03817e-05
-8.99269e-05
-8.94743e-05
-8.9024e-05
-8.85759e-05
-8.813e-05
-8.76864e-05
-8.7245e-05
-8.68057e-05
-8.63687e-05
-8.59338e-05
-8.55011e-05
-8.50706e-05
-8.46422e-05
-8.42159e-05
-8.37918e-05
-8.33698e-05
-8.29498e-05
-8.2532e-05
-8.21163e-05
-8.17026e-05
-8.1291e-05
-8.08814e-05
-8.04739e-05
-8.00684e-05
-7.9665e-05
-7.92636e-05
-7.88642e-05
-7.84705e-05
-7.8079e-05
-7.76894e-05
-7.73018e-05
-7.69161e-05
-7.65323e-05
-7.61504e-05
-7.57703e-05
-7.53922e-05
-7.50159e-05
-7.46415e-05
-7.4269e-05
-7.38983e-05
-7.35294e-05
-7.31624e-05
-7.27971e-05
-7.24337e-05
-7.20721e-05
-7.17122e-05
-7.13542e-05
-7.09979e-05
-7.06434e-05
-7.02906e-05
-6.99396e-05
-6.95903e-05
-6.92427e-05
-6.88969e-05
-6.85528e-05
-6.82104e-05
-6.78697e-05
-6.75307e-05
-6.71933e-05
-6.68576e-05
-6.65236e-05
-6.61912e-05
-6.58605e-05
-6.55315e-05
-6.5204e-05
-6.48782e-05
-6.4554e-05
-6.42314e-05
-6.39104e-05
-6.35909e-05
-6.32731e-05
-6.29568e-05
-6.26421e-05
-6.2329e-05
-6.20174e-05
-6.17074e-05
-6.13989e-05
-6.10919e-05
-6.07864e-05
-6.04825e-05
-6.018e-05
-5.98791e-05
-5.95796e-05
-5.92817e-05
-5.89852e-05
-5.86902e-05
-5.83966e-05
-5.81045e-05
-5.78139e-05
-5.75246e-05
-5.72369e-05
-5.69505e-05
-5.66656e-05
-5.63821e-05
-5.60999e-05
-5.58192e-05
-5.55399e-05
-5.5262e-05
-5.49854e-05
-5.47102e-05
-5.44364e-05
-5.41639e-05
-5.38928e-05
-5.3623e-05
-5.33546e-05
-5.30875e-05
-5.28217e-05
-5.25572e-05
-5.22941e-05
-5.20322e-05
-5.17717e-05
-5.15124e-05
-5.12545e-05
-5.09978e-05
-5.07424e-05
-5.04882e-05
-5.02353e-05
-4.99835e-05
-4.97333e-05
-4.94845e-05
-4.92369e-05
-4.89903e-05
-4.87448e-05
-4.85004e-05
-4.82571e-05
-4.80151e-05
-4.77742e-05
-4.75347e-05
-4.72963e-05
-4.70592e-05
-4.68233e-05
-4.65886e-05
-4.63551e-05
-4.61227e-05
-4.58915e-05
-4.56615e-05
-4.54326e-05
-4.52048e-05
-4.49782e-05
-4.47527e-05
-4.45283e-05
-4.4305e-05
-4.40828e-05
-4.38617e-05
-4.36417e-05
-4.34228e-05
-4.3205e-05
-4.29883e-05
-4.27727e-05
-4.25581e-05
-4.23445e-05
-4.2132e-05
-4.19206e-05
-4.17103e-05
-4.1501e-05
-4.12927e-05
-4.10856e-05
-4.08794e-05
-4.06743e-05
-4.04701e-05
-4.02669e-05
-4.00647e-05
-3.98636e-05
-3.96634e-05
-3.94643e-05
-3.92661e-05
-3.90689e-05
-3.88728e-05
-3.86776e-05
-3.84833e-05
-3.829e-05
-3.80977e-05
-3.79064e-05
-3.7716e-05
-3.75265e-05
-3.7338e-05
-3.71504e-05
-3.69638e-05
-3.6778e-05
-3.65932e-05
-3.64094e-05
-3.62264e-05
-3.60443e-05
-3.58632e-05
-3.56829e-05
-3.55036e-05
-3.53251e-05
-3.51476e-05
-3.49709e-05
-3.4795e-05
-3.46201e-05
-3.4446e-05
-3.42728e-05
-3.41005e-05
-3.3929e-05
-3.37584e-05
-3.35886e-05
-3.34196e-05
-3.32515e-05
-3.30843e-05
-3.29178e-05
-3.27522e-05
-3.25874e-05
-3.24235e-05
-3.22603e-05
-3.2098e-05
-3.19365e-05
-3.17757e-05
-3.16158e-05
-3.14567e-05
-3.12983e-05
-3.11408e-05
-3.0984e-05
-3.0828e-05
-3.06728e-05
-3.05184e-05
-3.03647e-05
-3.02118e-05
-3.00597e-05
-2.99083e-05
-2.97577e-05
-2.96078e-05
-2.94587e-05
-2.93103e-05
-2.91626e-05
-2.90157e-05
-2.88695e-05
-2.87241e-05
-2.85793e-05
-2.84353e-05
-2.8292e-05
-2.81494e-05
-2.80076e-05
-2.78664e-05
-2.77259e-05
-2.75862e-05
-2.74471e-05
-2.73087e-05
-2.7171e-05
-2.7034e-05
-2.68977e-05
-2.67621e-05
-2.66271e-05
-2.64928e-05
-2.63592e-05
-2.62263e-05
-2.6094e-05
-2.59624e-05
-2.58314e-05
-2.57011e-05
-2.55714e-05
-2.54424e-05
-2.5314e-05
-2.51862e-05
-2.50591e-05
-2.49327e-05
-2.48068e-05
-2.46816e-05
-2.4557e-05
-2.44331e-05
-2.43097e-05
-2.4187e-05
-2.40649e-05
-2.39433e-05
-2.38224e-05
-2.37021e-05
-2.35824e-05
-2.34633e-05
-2.33448e-05
-2.32269e-05
-2.31096e-05
-2.29928e-05
-2.28766e-05
-2.27611e-05
-2.26461e-05
-2.25316e-05
-2.24178e-05
-2.23045e-05
-2.21917e-05
-2.20796e-05
-2.1968e-05
-2.18569e-05
-2.17464e-05
-2.16365e-05
-2.15271e-05
-2.14182e-05
-2.13099e-05
-2.12022e-05
-2.10949e-05
-2.09882e-05
-2.08821e-05
-2.07765e-05
-2.06714e-05
-2.05668e-05
-2.04627e-05
-2.03592e-05
-2.02562e-05
-2.01537e-05
-2.00517e-05
-1.99502e-05
-1.98492e-05
-1.97488e-05
-1.96488e-05
-1.95493e-05
-1.94504e-05
-1.93519e-05
-1.92539e-05
-1.91564e-05
-1.90594e-05
-1.89629e-05
-1.88669e-05
-1.87713e-05
-1.86762e-05
-1.85816e-05
-1.84875e-05
-1.83961e-05
-1.83028e-05
-1.82096e-05
-1.81169e-05
-1.80248e-05
-1.79333e-05
-1.78424e-05
-1.77519e-05
-1.76618e-05
-1.75722e-05
-1.7483e-05
-1.73943e-05
-1.7306e-05
-1.72181e-05
-1.71308e-05
-1.70438e-05
-1.69574e-05
-1.68713e-05
-1.67857e-05
-1.67006e-05
-1.66159e-05
-1.65316e-05
-1.64477e-05
-1.63643e-05
-1.62819e-05
-1.61999e-05
-1.61182e-05
-1.6037e-05
-1.59561e-05
-1.58757e-05
-1.57956e-05
-1.57159e-05
-1.56366e-05
-1.55577e-05
-1.54791e-05
-1.54014e-05
-1.53246e-05
-1.52482e-05
-1.51722e-05
-1.50966e-05
-1.50213e-05
-1.49463e-05
-1.48718e-05
-1.47976e-05
-1.47238e-05
-1.46503e-05
-1.45772e-05
-1.45045e-05
-1.44321e-05
-1.436e-05
-1.42883e-05
-1.4217e-05
-1.4146e-05
-1.40753e-05
-1.4005e-05
-1.3935e-05
-1.38654e-05
-1.37961e-05
-1.37272e-05
-1.36585e-05
-1.35902e-05
-1.35223e-05
-1.34547e-05
-1.33874e-05
-1.33204e-05
-1.32538e-05
-1.31874e-05
-1.31214e-05
-1.30558e-05
-1.29904e-05
-1.29253e-05
-1.28606e-05
-1.27962e-05
-1.27321e-05
-1.26683e-05
-1.26048e-05
-1.25416e-05
-1.24788e-05
-1.24162e-05
-1.2354e-05
-1.2292e-05
-1.22303e-05
-1.2169e-05
-1.21079e-05
-1.20471e-05
-1.19867e-05
-1.19265e-05
-1.18666e-05
-1.1807e-05
-1.17477e-05
-1.16887e-05
-1.16299e-05
-1.15715e-05
-1.15133e-05
-1.14554e-05
-1.13978e-05
-1.13404e-05
-1.12834e-05
-1.12266e-05
-1.11701e-05
-1.11139e-05
-1.10579e-05
-1.10022e-05
-1.09468e-05
-1.08916e-05
-1.08367e-05
-1.07821e-05
-1.07277e-05
-1.06736e-05
-1.06198e-05
-1.05662e-05
-1.05129e-05
-1.04598e-05
-1.0407e-05
-1.03545e-05
-1.03022e-05
-1.02501e-05
-1.01983e-05
-1.01468e-05
-1.00955e-05
-1.00444e-05
-9.99362e-06
-9.94306e-06
-9.89275e-06
-9.84267e-06
-9.79284e-06
-9.74324e-06
-9.69389e-06
-9.64477e-06
-9.59589e-06
-9.54725e-06
-9.49884e-06
-9.45066e-06
-9.40272e-06
-9.355e-06
-9.30752e-06
-9.26026e-06
-9.21324e-06
-9.16644e-06
-9.11986e-06
-9.07351e-06
-9.02739e-06
-8.98148e-06
-8.9358e-06
-8.89034e-06
-8.8451e-06
-8.80007e-06
-8.75526e-06
-8.71067e-06
-8.6663e-06
-8.62214e-06
-8.57819e-06
-8.53445e-06
-8.49181e-06
-8.44942e-06
-8.40724e-06
-8.36527e-06
-8.3235e-06
-8.28194e-06
-8.24059e-06
-8.19944e-06
-8.15849e-06
-8.11774e-06
-8.07719e-06
-8.03684e-06
-7.99669e-06
-7.95674e-06
-7.91698e-06
-7.87742e-06
-7.83805e-06
-7.79888e-06
-7.7599e-06
-7.72111e-06
-7.68251e-06
-7.64411e-06
-7.60589e-06
-7.56786e-06
-7.53001e-06
-7.49235e-06
-7.45488e-06
-7.41759e-06
-7.38048e-06
-7.34356e-06
-7.30682e-06
-7.27026e-06
-7.23388e-06
-7.19769e-06
-7.16166e-06
-7.12582e-06
-7.09015e-06
-7.05466e-06
-7.01934e-06
-6.9842e-06
-6.94923e-06
-6.91443e-06
-6.87981e-06
-6.84502e-06
-6.81095e-06
-6.77696e-06
-6.74314e-06
-6.70952e-06
-6.67606e-06
-6.64274e-06
-6.60954e-06
-6.57648e-06
-6.54356e-06
-6.51079e-06
-6.47818e-06
-6.44573e-06
-6.41345e-06
-6.38133e-06
-6.34937e-06
-6.31756e-06
-6.28591e-06
-6.25441e-06
-6.22305e-06
-6.19184e-06
-6.16077e-06
-6.12985e-06
-6.09907e-06
-6.06843e-06
-6.03793e-06
-6.00759e-06
-5.97738e-06
-5.94732e-06
-5.91741e-06
-5.88765e-06
-5.85803e-06
-5.82856e-06
-5.79924e-06
-5.77007e-06
-5.74104e-06
-5.71216e-06
-5.68343e-06
-5.65484e-06
-5.6264e-06
-5.59809e-06
-5.56994e-06
-5.54192e-06
-5.51404e-06
-5.48631e-06
-5.45871e-06
-5.43125e-06
-5.40394e-06
-5.37675e-06
-5.34971e-06
-5.32279e-06
-5.29602e-06
-5.26937e-06
-5.24286e-06
-5.21648e-06
-5.19024e-06
-5.16412e-06
-5.13814e-06
-5.11228e-06
-5.08655e-06
-5.06095e-06
-5.03548e-06
-5.01013e-06
-4.98492e-06
-4.95982e-06
-4.93487e-06
-4.91004e-06
-4.88531e-06
-4.8607e-06
-4.83622e-06
-4.81186e-06
-4.78762e-06
-4.76351e-06
-4.73953e-06
-4.71567e-06
-4.69192e-06
-4.66829e-06
-4.64478e-06
-4.62138e-06
-4.5981e-06
-4.57493e-06
-4.55188e-06
-4.52894e-06
-4.50612e-06
-4.48341e-06
-4.46081e-06
-4.43832e-06
-4.41595e-06
-4.39368e-06
-4.37153e-06
-4.34949e-06
-4.32757e-06
-4.30575e-06
-4.28404e-06
-4.26244e-06
-4.24095e-06
-4.21956e-06
-4.19829e-06
-4.17712e-06
-4.15606e-06
-4.1351e-06
-4.11425e-06
-4.0935e-06
-4.07286e-06
-4.05233e-06
-4.03189e-06
-4.01156e-06
-3.99133e-06
-3.9712e-06
-3.95117e-06
-3.93125e-06
-3.91142e-06
-3.89169e-06
-3.87206e-06
-3.85253e-06
-3.8331e-06
-3.81377e-06
-3.79453e-06
-3.77539e-06
-3.75634e-06
-3.73739e-06
-3.71854e-06
-3.69978e-06
-3.68111e-06
-3.66253e-06
-3.64405e-06
-3.62567e-06
-3.60737e-06
-3.58917e-06
-3.57106e-06
-3.55303e-06
-3.5351e-06
-3.51716e-06
-3.49933e-06
-3.48168e-06
-3.46418e-06
-3.4468e-06
-3.4295e-06
-3.41225e-06
-3.39507e-06
-3.37794e-06
-3.36089e-06
-3.34393e-06
-3.32705e-06
-3.31027e-06
-3.29358e-06
-3.27698e-06
-3.26047e-06
-3.24405e-06
-3.22772e-06
-3.21147e-06
-3.1953e-06
-3.17921e-06
-3.1632e-06
-3.14726e-06
-3.13139e-06
-3.1156e-06
-3.09989e-06
-3.08425e-06
-3.06868e-06
-3.05318e-06
-3.03776e-06
-3.02242e-06
-3.00715e-06
-2.99195e-06
-2.97683e-06
-2.96178e-06
-2.94681e-06
-2.93191e-06
-2.91709e-06
-2.90234e-06
-2.88767e-06
-2.87307e-06
-2.85855e-06
-2.84409e-06
-2.82972e-06
-2.81541e-06
-2.80118e-06
-2.78702e-06
-2.77294e-06
-2.75892e-06
-2.74498e-06
-2.73111e-06
-2.71731e-06
-2.70358e-06
-2.68992e-06
-2.67634e-06
-2.66282e-06
-2.64937e-06
-2.63599e-06
-2.62268e-06
-2.60943e-06
-2.59626e-06
-2.58315e-06
-2.57011e-06
-2.55713e-06
-2.54423e-06
-2.53138e-06
-2.51861e-06
-2.5059e-06
-2.49325e-06
-2.48067e-06
-2.46815e-06
-2.4557e-06
-2.44331e-06
-2.43098e-06
-2.41871e-06
-2.40651e-06
-2.39437e-06
-2.38229e-06
-2.37028e-06
-2.35832e-06
-2.34643e-06
-2.33459e-06
-2.32282e-06
-2.31111e-06
-2.29945e-06
-2.28786e-06
-2.27632e-06
-2.26484e-06
-2.25342e-06
-2.24206e-06
-2.23076e-06
-2.21951e-06
-2.20832e-06
-2.19719e-06
-2.18612e-06
-2.1751e-06
-2.16413e-06
-2.15323e-06
-2.14237e-06
-2.13158e-06
-2.12084e-06
-2.11015e-06
-2.09952e-06
-2.08894e-06
-2.07841e-06
-2.06794e-06
-2.05752e-06
-2.04716e-06
-2.03684e-06
-2.02658e-06
-2.01638e-06
-2.00622e-06
-1.99612e-06
-1.98606e-06
-1.97606e-06
-1.96611e-06
-1.95621e-06
-1.94636e-06
-1.93656e-06
-1.92681e-06
-1.91711e-06
-1.90746e-06
-1.89785e-06
-1.8883e-06
-1.8788e-06
-1.86934e-06
-1.85993e-06
-1.85057e-06
-1.84126e-06
-1.83199e-06
-1.82277e-06
-1.8136e-06
-1.80448e-06
-1.7954e-06
-1.78636e-06
-1.77738e-06
-1.76844e-06
-1.75954e-06
-1.75069e-06
-1.74188e-06
-1.73312e-06
-1.72441e-06
-1.71573e-06
-1.70711e-06
-1.69852e-06
-1.68998e-06
-1.68148e-06
-1.67303e-06
-1.66462e-06
-1.65625e-06
-1.64835e-06
-1.63988e-06
-1.63157e-06
-1.62324e-06
-1.61489e-06
-1.60656e-06
-1.59831e-06
-1.59016e-06
-1.58209e-06
-1.5741e-06
-1.56617e-06
-1.55829e-06
-1.55045e-06
-1.54265e-06
-1.53489e-06
-1.52717e-06
-1.51949e-06
-1.51186e-06
-1.50427e-06
-1.49672e-06
-1.48923e-06
-1.48177e-06
-1.47437e-06
-1.467e-06
-1.45968e-06
-1.4524e-06
-1.44516e-06
-1.43796e-06
-1.43079e-06
-1.42366e-06
-1.41656e-06
-1.4095e-06
-1.40247e-06
-1.39548e-06
-1.38852e-06
-1.38158e-06
-1.37469e-06
-1.36782e-06
-1.36098e-06
-1.35418e-06
-1.34741e-06
-1.34066e-06
-1.33396e-06
-1.32728e-06
-1.32063e-06
-1.31402e-06
-1.30744e-06
-1.30089e-06
-1.29437e-06
-1.28789e-06
-1.28143e-06
-1.27501e-06
-1.26863e-06
-1.26227e-06
-1.25594e-06
-1.24965e-06
-1.24339e-06
-1.23716e-06
-1.23095e-06
-1.22478e-06
-1.21863e-06
-1.21251e-06
-1.20642e-06
-1.20037e-06
-1.19435e-06
-1.18836e-06
-1.1824e-06
-1.17648e-06
-1.17058e-06
-1.16472e-06
-1.15889e-06
-1.15308e-06
-1.14731e-06
-1.14156e-06
-1.13584e-06
-1.13015e-06
-1.12449e-06
-1.11885e-06
-1.11324e-06
-1.10766e-06
-1.10211e-06
-1.09658e-06
-1.09108e-06
-1.08561e-06
-1.08016e-06
-1.07475e-06
-1.06935e-06
-1.06399e-06
-1.05865e-06
-1.05334e-06
-1.04806e-06
-1.0428e-06
-1.03757e-06
-1.03236e-06
-1.02719e-06
-1.02203e-06
-1.01691e-06
-1.01181e-06
-1.00673e-06
-1.00168e-06
-9.96654e-07
-9.91654e-07
-9.8668e-07
-9.81729e-07
-9.76804e-07
-9.71903e-07
-9.67026e-07
-9.62174e-07
-9.57346e-07
-9.52542e-07
-9.47762e-07
-9.43006e-07
-9.38273e-07
-9.33564e-07
-9.28878e-07
-9.24215e-07
-9.19576e-07
-9.1496e-07
-9.10366e-07
-9.05796e-07
-9.01248e-07
-8.96723e-07
-8.9222e-07
-8.87739e-07
-8.83281e-07
-8.78845e-07
-8.74431e-07
-8.70039e-07
-8.65668e-07
-8.6132e-07
-8.56993e-07
-8.52687e-07
-8.48403e-07
-8.44139e-07
-8.39898e-07
-8.35677e-07
-8.31477e-07
-8.27298e-07
-8.23139e-07
-8.19001e-07
-8.14884e-07
-8.10787e-07
-8.0671e-07
-8.02654e-07
-7.98845e-07
-7.94645e-07
-7.90427e-07
-7.86302e-07
-7.82287e-07
-7.78355e-07
-7.74477e-07
-7.70625e-07
-7.66783e-07
-7.62939e-07
-7.59089e-07
-7.55232e-07
-7.5137e-07
-7.47511e-07
-7.43658e-07
-7.39819e-07
-7.35999e-07
-7.32204e-07
-7.28436e-07
-7.24704e-07
-7.21e-07
-7.17325e-07
-7.13682e-07
-7.10073e-07
-7.06497e-07
-7.0295e-07
-6.99432e-07
-6.95939e-07
-6.92469e-07
-6.8902e-07
-6.85591e-07
-6.82181e-07
-6.78789e-07
-6.75414e-07
-6.72055e-07
-6.68711e-07
-6.65383e-07
-6.6207e-07
-6.58772e-07
-6.55488e-07
-6.52218e-07
