3.20931
2.16378
1.72664
1.43604
1.11519
0.818429
0.581036
-0.437954
-0.422578
-0.408826
-0.39802
-0.390009
-0.382011
-0.374123
-0.366406
-0.358739
-0.351588
-0.344554
-0.337772
-0.331197
-0.324843
-0.318706
-0.31278
-0.307055
-0.301523
-0.296177
-0.29101
-0.286014
-0.281169
-0.27648
-0.271948
-0.26755
-0.26329
-0.259159
-0.255151
-0.251262
-0.247482
-0.243812
-0.240242
-0.236771
-0.233393
-0.230105
-0.226904
-0.223785
-0.220745
-0.217782
-0.214892
-0.212072
-0.209321
-0.206635
-0.204013
-0.201452
-0.198949
-0.196503
-0.194112
-0.191774
-0.189488
-0.187251
-0.185062
-0.182919
-0.180821
-0.178767
-0.176754
-0.174783
-0.17285
-0.170957
-0.1691
-0.167279
-0.165494
-0.163741
-0.162022
-0.160335
-0.158679
-0.157053
-0.155456
-0.153888
-0.152347
-0.150833
-0.149345
-0.147884
-0.146445
-0.145033
-0.143643
-0.142276
-0.140932
-0.139609
-0.138307
-0.137026
-0.135766
-0.134524
-0.133303
-0.132099
-0.130914
-0.129747
-0.128598
-0.127466
-0.126349
-0.125249
-0.124165
-0.123098
-0.122043
-0.121006
-0.119982
-0.118972
-0.117978
-0.116995
-0.116026
-0.115071
-0.114128
-0.113197
-0.112279
-0.111374
-0.110479
-0.109596
-0.108725
-0.107865
-0.107015
-0.106177
-0.105348
-0.104529
-0.103722
-0.102923
-0.102135
-0.101356
-0.100586
-0.0998263
-0.0990741
-0.0983312
-0.0975982
-0.0968721
-0.0961546
-0.0954465
-0.0947452
-0.0940528
-0.0933671
-0.0926902
-0.0920197
-0.0913569
-0.0907026
-0.0900548
-0.0894127
-0.0887781
-0.0881517
-0.0875308
-0.0869173
-0.086309
-0.0857083
-0.0851128
-0.0845247
-0.0839416
-0.0833656
-0.0827943
-0.0822299
-0.0816701
-0.0811171
-0.0805685
-0.0800265
-0.0794888
-0.0789575
-0.0784313
-0.0779089
-0.077392
-0.0768816
-0.0763758
-0.0758733
-0.0753769
-0.0748842
-0.0743974
-0.073915
-0.0734359
-0.0729625
-0.0724926
-0.0720281
-0.0715668
-0.0711109
-0.0706589
-0.0702097
-0.0697658
-0.069325
-0.0688893
-0.0684575
-0.0680281
-0.0676038
-0.0671831
-0.066765
-0.0663517
-0.0659411
-0.0655353
-0.0651328
-0.0647325
-0.0643367
-0.0639444
-0.0635542
-0.0631686
-0.0627862
-0.0624059
-0.0620299
-0.0616572
-0.0612862
-0.0609196
-0.060556
-0.0601941
-0.0598365
-0.0594818
-0.0591287
-0.0587798
-0.0584337
-0.0580891
-0.0577485
-0.0574107
-0.0570754
-0.0567415
-0.0564115
-0.0560843
-0.0557585
-0.0554365
-0.055117
-0.0547987
-0.0544841
-0.0541719
-0.053862
-0.0535532
-0.053248
-0.0529453
-0.0526448
-0.0523454
-0.0520495
-0.051756
-0.0514634
-0.0511742
-0.0508873
-0.0506023
-0.0503181
-0.0500384
-0.0497584
-0.0494804
-0.0492071
-0.0489336
-0.048663
-0.0483944
-0.0481266
-0.0478619
-0.0475992
-0.0473383
-0.0470791
-0.0468205
-0.046565
-0.0463116
-0.0460599
-0.0458088
-0.0455606
-0.0453144
-0.0450697
-0.0448255
-0.0445854
-0.0443446
-0.0441064
-0.0438701
-0.0436343
-0.0434014
-0.0431702
-0.0429405
-0.0427122
-0.0424842
-0.042259
-0.0420356
-0.0418136
-0.041593
-0.0413726
-0.041156
-0.0409387
-0.0407239
-0.0405095
-0.040299
-0.0400877
-0.0398786
-0.0396711
-0.0394648
-0.0392598
-0.039055
-0.0388527
-0.038652
-0.0384525
-0.0382543
-0.038056
-0.0378614
-0.0376659
-0.0374726
-0.0372807
-0.0370901
-0.0368994
-0.0367112
-0.0365255
-0.0363386
-0.0361537
-0.035969
-0.0357879
-0.0356058
-0.0354257
-0.0352469
-0.0350691
-0.0348924
-0.0347167
-0.0345409
-0.0343674
-0.0341954
-0.0340243
-0.0338542
-0.0336851
-0.0335158
-0.0333498
-0.0331828
-0.0330177
-0.0328538
-0.032691
-0.032529
-0.0323668
-0.0322079
-0.0320479
-0.0318897
-0.0317327
-0.0315766
-0.0314214
-0.0312659
-0.0311137
-0.0309602
-0.0308086
-0.0306581
-0.0305084
-0.0303596
-0.0302116
-0.0300633
-0.0299182
-0.0297718
-0.0296272
-0.0294837
-0.029341
-0.0291991
-0.029058
-0.0289164
-0.0287781
-0.0286384
-0.0285004
-0.0283635
-0.0282274
-0.028092
-0.0279573
-0.0278233
-0.0276888
-0.0275576
-0.0274249
-0.027294
-0.027164
-0.0270348
-0.0269062
-0.0267783
-0.0266511
-0.0265234
-0.0263987
-0.0262727
-0.0261483
-0.0260248
-0.0259021
-0.0257799
-0.0256584
-0.0255375
-0.0254161
-0.0252977
-0.0251778
-0.0250608
-0.0249422
-0.0248252
-0.024709
-0.0245935
-0.0244787
-0.0243644
-0.0242495
-0.0241376
-0.0240242
-0.0239136
-0.0238013
-0.0236906
-0.0235807
-0.0234715
-0.0233628
-0.0232546
-0.023147
-0.0230387
-0.0229334
-0.0228266
-0.0227225
-0.0226167
-0.0225124
-0.0224089
-0.022306
-0.0222037
-0.0221018
-0.0220004
-0.0218983
-0.0217992
-0.0216997
-0.0215992
-0.0215003
-0.0214035
-0.0213049
-0.0212076
-0.021111
-0.021015
-0.0209195
-0.0208244
-0.0207286
-0.0206357
-0.0205424
-0.020448
-0.0203565
-0.0202633
-0.0201715
-0.0200805
-0.01999
-0.0198999
-0.0198102
-0.0197209
-0.0196321
-0.0195437
-0.0194546
-0.0193682
-0.0192815
-0.0191937
-0.0191074
-0.0190232
-0.018937
-0.018852
-0.0187677
-0.0186839
-0.0186006
-0.0185176
-0.018435
-0.0183528
-0.0182697
-0.0181895
-0.0181088
-0.018027
-0.017948
-0.0178672
-0.0177878
-0.0177102
-0.0176307
-0.0175524
-0.0174747
-0.0173974
-0.0173206
-0.0172441
-0.0171679
-0.0170921
-0.0170155
-0.0169415
-0.0168659
-0.0167928
-0.0167179
-0.0166455
-0.0165713
-0.0164983
-0.0164271
-0.016354
-0.016282
-0.0162107
-0.0161397
-0.0160691
-0.0159988
-0.0159289
-0.015858
-0.0157899
-0.0157212
-0.0156514
-0.0155842
-0.0155153
-0.0154488
-0.0153805
-0.0153146
-0.0152469
-0.0151804
-0.0151145
-0.015049
-0.0149838
-0.0149189
-0.0148542
-0.0147899
-0.0147258
-0.014662
-0.0145986
-0.0145342
-0.0144724
-0.0144102
-0.0143468
-0.0142859
-0.0142233
-0.0141631
-0.014101
-0.0140401
-0.013981
-0.0139198
-0.0138597
-0.0138002
-0.0137409
-0.013682
-0.0136233
-0.0135649
-0.0135068
-0.0134489
-0.0133913
-0.0133339
-0.0132756
-0.0132199
-0.0131636
-0.0131061
-0.0130512
-0.0129945
-0.0129401
-0.0128839
-0.01283
-0.0127743
-0.0127197
-0.0126668
-0.0126119
-0.012558
-0.0125046
-0.0124515
-0.0123987
-0.0123461
-0.0122937
-0.0122416
-0.0121897
-0.012138
-0.0120865
-0.0120341
-0.0119842
-0.0119338
-0.0118833
-0.0118318
-0.0117828
-0.011732
-0.0116836
-0.0116332
-0.0115852
-0.0115353
-0.0114865
-0.0114394
-0.0113902
-0.011342
-0.0112943
-0.0112481
-0.0111997
-0.0111524
-0.0111055
-0.0110589
-0.0110125
-0.0109663
-0.0109203
-0.0108745
-0.0108277
-0.0107834
-0.0107385
-0.0106936
-0.0106475
-0.010604
-0.0105599
-0.0105145
-0.0104716
-0.0104268
-0.0103844
-0.01034
-0.0102979
-0.0102539
-0.0102122
-0.0101685
-0.0101259
-0.0100838
-0.0100431
-0.0100003
-0.00995848
-0.00991703
-0.00987583
-0.00983483
-0.00979401
-0.00975336
-0.00971289
-0.00967258
-0.00963244
-0.00959248
-0.00955269
-0.00951307
-0.00947363
-0.00943436
-0.00939401
-0.00935618
-0.00931775
-0.009278
-0.00924069
-0.00920275
-0.00916347
-0.00912664
-0.00908791
-0.00905147
-0.00901309
-0.00897697
-0.0089389
-0.00890183
-0.00886643
-0.00882891
-0.00879232
-0.00875739
-0.00872032
-0.0086842
-0.00864845
-0.00861293
-0.00857885
-0.00854257
-0.0085072
-0.00847221
-0.00843743
-0.00840283
-0.00836838
-0.00833408
-0.00829992
-0.0082659
-0.00823202
-0.00819829
-0.0081647
-0.00812998
-0.00809775
-0.00806491
-0.00803198
-0.00799785
-0.00796617
-0.00793387
-0.00790021
-0.00786897
-0.00783708
-0.00780382
-0.00777298
-0.00774022
-0.00770972
-0.00767725
-0.00764702
-0.00761481
-0.00758356
-0.00755396
-0.00752221
-0.00749137
-0.00746216
-0.00743078
-0.00740031
-0.00737147
-0.00734048
-0.00731039
-0.00728065
-0.00725111
-0.00722171
-0.00719372
-0.0071635
-0.00713415
-0.00710514
-0.00707633
-0.00704766
-0.00701911
-0.00699069
-0.00696238
-0.00693419
-0.00690611
-0.00687815
-0.0068503
-0.00682257
-0.00679496
-0.00676746
-0.00674008
-0.00671282
-0.00668567
-0.00665863
-0.00663046
-0.00660471
-0.00657833
-0.00655058
-0.00652519
-0.00649913
-0.0064717
-0.00644661
-0.00641961
-0.0063948
-0.00636928
-0.00634238
-0.00631781
-0.00629133
-0.00626705
-0.0062408
-0.00621547
-0.00619175
-0.00616588
-0.00614214
-0.00611641
-0.00609158
-0.00606836
-0.00604299
-0.00601848
-0.00599429
-0.00597155
-0.00594659
-0.00592248
-0.00589869
-0.00587505
-0.00585281
-0.00582835
-0.00580472
-0.0057814
-0.00575825
-0.00573521
-0.00571227
-0.00568943
-0.00566668
-0.00564401
-0.00562144
-0.00559896
-0.00557657
-0.00555427
-0.00553206
-0.00550994
-0.00548791
-0.00546597
-0.00544413
-0.00542238
-0.00540071
-0.00537914
-0.00535766
-0.00533626
-0.00531496
-0.00529374
-0.00527261
-0.00525157
-0.00523062
-0.00520976
-0.00518898
-0.00516829
-0.00514768
-0.00512716
-0.00510673
-0.00508638
-0.00506612
-0.00504594
-0.00502584
-0.00500583
-0.0049859
-0.00496605
-0.00494628
-0.0049266
-0.004907
-0.00488748
-0.00486805
-0.00484869
-0.00482826
-0.00481002
-0.00479003
-0.00477203
-0.00475219
-0.00473434
-0.00471465
-0.00469694
-0.00467738
-0.00465981
-0.00464039
-0.00462179
-0.00460465
-0.00458551
-0.00456714
-0.00455023
-0.0045313
-0.00451314
-0.00449645
-0.00447773
-0.00445979
-0.00444331
-0.0044248
-0.00440707
-0.00438961
-0.00437229
-0.00435626
-0.00433812
-0.00432074
-0.00430363
-0.00428665
-0.00426975
-0.00425292
-0.00423739
-0.00421971
-0.00420279
-0.00418615
-0.00416963
-0.0041532
-0.00413684
-0.00412055
-0.00410432
-0.00408816
-0.00407206
-0.00405603
-0.00404005
-0.00402414
-0.00400829
-0.00399251
-0.00397679
-0.00396113
-0.00394553
-0.00393
-0.00391453
-0.00389912
-0.00388377
-0.00386849
-0.00385327
-0.00383811
-0.00382301
-0.00380798
-0.003793
-0.00377809
-0.00376323
-0.00374844
-0.00373371
-0.00371903
-0.00370442
-0.00368986
-0.00367536
-0.00366092
-0.00364654
-0.00363222
-0.00361796
-0.00360375
-0.0035896
-0.00357551
-0.00356148
-0.0035475
-0.00353358
-0.00351971
-0.00350591
-0.00349215
-0.00347846
-0.00346481
-0.00345123
-0.0034377
-0.00342422
-0.0034108
-0.00339743
-0.00338411
-0.00337085
-0.00335765
-0.00334449
-0.00333139
-0.00331835
-0.00330535
-0.00329241
-0.00327952
-0.00326668
-0.0032539
-0.00324116
-0.00322848
-0.00321585
-0.00320327
-0.00319074
-0.00317826
-0.00316584
-0.00315346
-0.00314113
-0.00312885
-0.00311662
-0.00310445
-0.00309232
-0.00308024
-0.0030682
-0.00305622
-0.00304429
-0.0030324
-0.00302056
-0.00300877
-0.00299703
-0.00298533
-0.00297368
-0.00296208
-0.00295053
-0.00293902
-0.00292756
-0.00291614
-0.00290477
-0.00289345
-0.00288217
-0.00287094
-0.00285975
-0.00284861
-0.00283751
-0.00282646
-0.00281545
-0.00280449
-0.00279357
-0.00278269
-0.00277186
-0.00276107
-0.00275033
-0.00273963
-0.00272897
-0.00271835
-0.00270778
-0.00269725
-0.00268676
-0.00267632
-0.00266591
-0.00265471
-0.00264509
-0.00263416
-0.00262467
-0.00261383
-0.00260442
-0.00259364
-0.00258344
-0.00257343
-0.00256438
-0.00255378
-0.00254373
-0.00253386
-0.00252406
-0.00251522
-0.00250478
-0.0024949
-0.0024852
-0.00247558
-0.00246601
-0.00245648
-0.00244699
-0.00243753
-0.00242906
-0.00241892
-0.00240935
-0.00239998
-0.00239068
-0.00238144
-0.00237224
-0.00236307
-0.00235394
-0.00234484
-0.00233579
-0.00232676
-0.00231777
-0.00230882
-0.00229989
-0.00229101
-0.00228215
-0.00227333
-0.00226455
-0.0022558
-0.00224708
-0.0022384
-0.00222975
-0.00222114
-0.00221255
-0.00220401
-0.00219549
-0.00218701
-0.00217857
-0.00217015
-0.00216177
-0.00215342
-0.00214511
-0.00213683
-0.00212858
-0.00212036
-0.00211217
-0.00210402
-0.0020959
-0.00208781
-0.00207975
-0.00207173
-0.00206373
-0.00205577
-0.00204783
-0.00203993
-0.00203206
-0.00202422
-0.00201641
-0.00200864
-0.00200089
-0.00199317
-0.00198548
-0.00197782
-0.0019702
-0.0019626
-0.00195503
-0.00194749
-0.00193998
-0.0019325
-0.00192505
-0.00191763
-0.00191024
-0.00190288
-0.00189554
-0.00188824
-0.00188096
-0.00187371
-0.00186649
-0.0018593
-0.00185213
-0.001845
-0.00183789
-0.00183081
-0.00182375
-0.00181673
-0.00180973
-0.00180276
-0.00179582
-0.0017889
-0.00178201
-0.00177515
-0.00176831
-0.0017615
-0.00175472
-0.00174797
-0.00174124
-0.00173453
-0.00172786
-0.00172121
-0.00171458
-0.00170798
-0.00170141
-0.00169486
-0.00168834
-0.00168184
-0.00167537
-0.00166893
-0.00166251
-0.00165611
-0.00164974
-0.0016434
-0.00163708
-0.00163078
-0.00162451
-0.00161826
-0.00161204
-0.00160584
-0.00159967
-0.00159352
-0.00158739
-0.00158129
-0.00157521
-0.00156916
-0.00156313
-0.00155712
-0.00155114
-0.00154518
-0.00153924
-0.00153333
-0.00152744
-0.00152157
-0.00151573
-0.00150991
-0.00150411
-0.00149833
-0.00149258
-0.00148685
-0.00148114
-0.00147545
-0.00146979
-0.00146415
-0.00145853
-0.00145293
-0.00144736
-0.0014418
-0.00143627
-0.00143076
-0.00142527
-0.0014198
-0.00141436
-0.00140893
-0.00140353
-0.00139815
-0.00139278
-0.00138744
-0.00138212
-0.00137683
-0.00137155
-0.00136629
-0.00136105
-0.00135584
-0.00135064
-0.00134547
-0.00134031
-0.00133518
-0.00133006
-0.00132497
-0.00131989
-0.00131484
-0.0013098
-0.00130478
-0.00129979
-0.00129481
-0.00128985
-0.00128492
-0.00128
-0.0012751
-0.00127022
-0.00126536
-0.00126052
-0.00125569
-0.00125089
-0.0012461
-0.00124134
-0.00123659
-0.00123186
-0.00122715
-0.00122245
-0.00121778
-0.00121312
-0.00120848
-0.00120386
-0.00119926
-0.00119468
-0.00119011
-0.00118556
-0.00118103
-0.00117652
-0.00117203
-0.00116755
-0.00116309
-0.00115864
-0.00115422
-0.00114981
-0.00114542
-0.00114104
-0.00113669
-0.00113235
-0.00112802
-0.00112372
-0.00111943
-0.00111516
-0.0011109
-0.00110666
-0.00110244
-0.00109823
-0.00109404
-0.00108986
-0.00108571
-0.00108156
-0.00107744
-0.00107333
-0.00106923
-0.00106516
-0.00106109
-0.00105705
-0.00105302
-0.001049
-0.001045
-0.00104102
-0.00103705
-0.0010331
-0.00102916
-0.00102524
-0.00102133
-0.00101744
-0.00101356
-0.0010097
-0.00100585
-0.00100202
-0.000998204
-0.000994402
-0.000990614
-0.000986841
-0.000983082
-0.000979338
-0.000975608
-0.000971893
-0.000968193
-0.000964506
-0.000960834
-0.000957176
-0.000953532
-0.000949902
-0.000946286
-0.000942685
-0.000939097
-0.000935523
-0.000931962
-0.000928416
-0.000924883
-0.000921364
-0.000917858
-0.000914366
-0.000910887
-0.000907422
-0.00090397
-0.000900531
-0.000897106
-0.000893693
-0.000890294
-0.000886908
-0.000883535
-0.000880175
-0.000876828
-0.000873494
-0.000870173
-0.000866864
-0.000863568
-0.000860285
-0.000857014
-0.000853756
-0.000850511
-0.000847278
-0.000844057
-0.000840849
-0.000837653
-0.000834469
-0.000831298
-0.000828139
-0.000824991
-0.000821856
-0.000818733
-0.000815622
-0.000812523
-0.000809436
-0.000806361
-0.000803297
-0.000800245
-0.000797205
-0.000794176
-0.000791159
-0.000788154
-0.00078516
-0.000782178
-0.000779207
-0.000776247
-0.000773299
-0.000770362
-0.000767437
-0.000764522
-0.000761619
-0.000758726
-0.000755845
-0.000752975
-0.000750116
-0.000747268
-0.00074443
-0.000741604
-0.000738788
-0.000735983
-0.000733189
-0.000730406
-0.000727633
-0.000724871
-0.000722119
-0.000719378
-0.000716648
-0.000713927
-0.000711218
-0.000708518
-0.000705829
-0.00070315
-0.000700481
-0.000697823
-0.000695174
-0.000692536
-0.000689908
-0.00068729
-0.000684682
-0.000682084
-0.000679496
-0.000676917
-0.000674349
-0.00067179
-0.000669241
-0.000666702
-0.000664173
-0.000661653
-0.000659143
-0.000656642
-0.000654151
-0.00065167
-0.000649198
-0.000646735
-0.000644282
-0.000641838
-0.000639404
-0.000636978
-0.000634563
-0.000632156
-0.000629758
-0.00062737
-0.000624991
-0.000622621
-0.000620259
-0.000617907
-0.000615564
-0.00061323
-0.000610515
-0.000608181
-0.000605897
-0.000603629
-0.000601368
-0.000599113
-0.000596863
-0.000594619
-0.000592382
-0.000590152
-0.000587929
-0.000585713
-0.000583505
-0.000581304
-0.00057911
-0.000576924
-0.000574745
-0.000572574
-0.00057041
-0.000568254
-0.000566106
-0.000563966
-0.000561833
-0.000559709
-0.000557592
-0.000555484
-0.000553383
-0.000551291
-0.000549206
-0.000547129
-0.000545061
-0.000543
-0.000540947
-0.000538902
-0.000536865
-0.000534836
-0.000532814
-0.0005308
-0.000528794
-0.000526796
-0.000524805
-0.000522821
-0.000520846
-0.000518878
-0.000516917
-0.000514964
-0.000513018
-0.000511079
-0.000509148
-0.000507225
-0.000505308
-0.000503399
-0.000501497
-0.000499602
-0.000497715
-0.000495835
-0.000493961
-0.000492095
-0.000490236
-0.000488384
-0.000486539
-0.000484701
-0.00048287
-0.000481046
-0.000479229
-0.000477418
-0.000475615
-0.000473818
-0.000472029
-0.000470246
-0.000468469
-0.0004667
-0.000464937
-0.000463181
-0.000461431
-0.000459688
-0.000457952
-0.000456222
-0.000454499
-0.000452783
-0.000451073
-0.000449369
-0.000447672
-0.000445981
-0.000444297
-0.000442619
-0.000440947
-0.000439282
-0.000437623
-0.000435971
-0.000434324
-0.000432684
-0.00043105
-0.000429422
-0.000427801
-0.000426185
-0.000424576
-0.000422973
-0.000421376
-0.000419785
-0.0004182
-0.00041662
-0.000415047
-0.00041348
-0.000411919
-0.000410364
-0.000408814
-0.000407271
-0.000405733
-0.000404201
-0.000402675
-0.000401154
-0.00039964
-0.000398131
-0.000396628
-0.00039513
-0.000393639
-0.000392152
-0.000390672
-0.000389197
-0.000387728
-0.000386264
-0.000384806
-0.000383353
-0.000381906
-0.000380464
-0.000379027
-0.000377596
-0.000376171
-0.000374751
-0.000373336
-0.000371927
-0.000370523
-0.000369124
-0.00036773
-0.000366342
-0.000364959
-0.000363582
-0.000362209
-0.000360842
-0.00035948
-0.000358123
-0.000356771
-0.000355424
-0.000354082
-0.000352746
-0.000351414
-0.000350088
-0.000348766
-0.00034745
-0.000346138
-0.000344831
-0.00034353
-0.000342233
-0.000340941
-0.000339654
-0.000338372
-0.000337095
-0.000335823
-0.000334555
-0.000333292
-0.000332034
-0.000330781
-0.000329533
-0.000328289
-0.00032705
-0.000325815
-0.000324585
-0.00032336
-0.00032214
-0.000320925
-0.000319713
-0.000318507
-0.000317304
-0.000316107
-0.000314914
-0.000313725
-0.000312541
-0.000311362
-0.000310186
-0.000309016
-0.00030785
-0.000306688
-0.00030553
-0.000304377
-0.000303229
-0.000302084
-0.000300944
-0.000299809
-0.000298677
-0.00029755
-0.000296427
-0.000295308
-0.000294194
-0.000293084
-0.000291978
-0.000290876
-0.000289778
-0.000288685
-0.000287595
-0.00028651
-0.000285429
-0.000284352
-0.000283279
-0.00028221
-0.000281145
-0.000280084
-0.000279028
-0.000277975
-0.000276926
-0.000275881
-0.00027484
-0.000273803
-0.00027277
-0.000271741
-0.000270716
-0.000269694
-0.000268677
-0.000267663
-0.000266653
-0.000265647
-0.000264645
-0.000263647
-0.000262652
-0.000261661
-0.000260674
-0.000259691
-0.000258711
-0.000257735
-0.000256763
-0.000255794
-0.000254829
-0.000253868
-0.00025291
-0.000251956
-0.000251006
-0.000250059
-0.000249116
-0.000248177
-0.00024724
-0.000246308
-0.000245379
-0.000244454
-0.000243532
-0.000242613
-0.000241698
-0.000240787
-0.000239878
-0.000238974
-0.000238073
-0.000237175
-0.00023628
-0.000235389
-0.000234502
-0.000233618
-0.000232737
-0.000231859
-0.000230985
-0.000230114
-0.000229246
-0.000228382
-0.000227521
-0.000226663
-0.000225808
-0.000224957
-0.000224109
-0.000223264
-0.000222422
-0.000221584
-0.000220749
-0.000219917
-0.000219088
-0.000218262
-0.000217439
-0.000216619
-0.000215803
-0.000214989
-0.000214179
-0.000213372
-0.000212568
-0.000211767
-0.000210969
-0.000210173
-0.000209381
-0.000208592
-0.000207806
-0.000207023
-0.000206243
-0.000205466
-0.000204692
-0.00020392
-0.000203152
-0.000202387
-0.000201626
-0.000200867
-0.000200112
-0.000199359
-0.000198609
-0.000197862
-0.000197118
-0.000196377
-0.000195638
-0.000194903
-0.00019417
-0.000193439
-0.000192712
-0.000191987
-0.000191266
-0.000190546
-0.00018983
-0.000189116
-0.000188405
-0.000187697
-0.000186991
-0.000186288
-0.000185588
-0.00018489
-0.000184195
-0.000183503
-0.000182813
-0.000182126
-0.000181441
-0.000180759
-0.00018008
-0.000179403
-0.000178729
-0.000178057
-0.000177388
-0.000176721
-0.000176057
-0.000175396
-0.000174737
-0.00017408
-0.000173426
-0.000172774
-0.000172125
-0.000171478
-0.000170834
-0.000170192
-0.000169553
-0.000168916
-0.000168281
-0.000167649
-0.000167019
-0.000166392
-0.000165767
-0.000165144
-0.000164524
-0.000163906
-0.00016329
-0.000162677
-0.000162066
-0.000161457
-0.000160851
-0.000160247
-0.000159645
-0.000159045
-0.000158448
-0.000157853
-0.00015726
-0.00015667
-0.000156081
-0.000155495
-0.000154912
-0.00015433
-0.00015375
-0.000153173
-0.000152598
-0.000152025
-0.000151455
-0.000150886
-0.00015032
-0.000149755
-0.000149193
-0.000148633
-0.000148075
-0.000147519
-0.000146966
-0.000146414
-0.000145864
-0.000145317
-0.000144772
-0.000144228
-0.000143687
-0.000143148
-0.00014261
-0.000142075
-0.000141542
-0.000141011
-0.000140482
-0.000139955
-0.00013943
-0.000138906
-0.000138385
-0.000137866
-0.000137349
-0.000136833
-0.00013632
-0.000135809
-0.000135299
-0.000134792
-0.000134286
-0.000133782
-0.00013328
-0.00013278
-0.000132282
-0.000131786
-0.000131292
-0.000130799
-0.000130309
-0.00012982
-0.000129333
-0.000128848
-0.000128365
-0.000127883
-0.000127404
-0.000126926
-0.00012645
-0.000125976
-0.000125503
-0.000125033
-0.000124564
-0.000124097
-0.000123631
-0.000123168
-0.000122706
-0.000122246
-0.000121788
-0.000121331
-0.000120876
-0.000120422
-0.000119971
-0.000119521
-0.000119073
-0.000118627
-0.000118182
-0.000117739
-0.000117298
-0.000116858
-0.00011642
-0.000115984
-0.000115549
-0.000115116
-0.000114685
-0.000114255
-0.000113826
-0.0001134
-0.000112975
-0.000112551
-0.00011213
-0.000111709
-0.000111291
-0.000110874
-0.000110458
-0.000110044
-0.000109632
-0.000109221
-0.000108812
-0.000108404
-0.000107998
-0.000107593
-0.00010719
-0.000106788
-0.000106388
-0.00010599
-0.000105592
-0.000105197
-0.000104803
-0.00010441
-0.000104019
-0.000103629
-0.000103241
-0.000102854
-0.000102469
-0.000102085
-0.000101702
-0.000101321
-0.000100942
-0.000100564
-0.000100187
-9.98118e-05
-9.94379e-05
-9.90654e-05
-9.86944e-05
-9.83247e-05
-9.79564e-05
-9.75895e-05
-9.7224e-05
-9.68598e-05
-9.6497e-05
-9.61356e-05
-9.57755e-05
-9.54168e-05
-9.50595e-05
-9.47035e-05
-9.43488e-05
-9.39955e-05
-9.36435e-05
-9.32928e-05
-9.29434e-05
-9.25954e-05
-9.22486e-05
-9.19032e-05
-9.1559e-05
-9.12162e-05
-9.08746e-05
-9.05343e-05
-9.01953e-05
-8.98576e-05
-8.95211e-05
-8.91859e-05
-8.8852e-05
-8.85193e-05
-8.81879e-05
-8.78577e-05
-8.75288e-05
-8.72011e-05
-8.68746e-05
-8.65493e-05
-8.62253e-05
-8.59025e-05
-8.55809e-05
-8.52605e-05
-8.49413e-05
-8.46233e-05
-8.43065e-05
-8.39909e-05
-8.36765e-05
-8.33632e-05
-8.30512e-05
-8.27403e-05
-8.24305e-05
-8.2122e-05
-8.18146e-05
-8.15083e-05
-8.12032e-05
-8.08993e-05
-8.05964e-05
-8.02947e-05
-7.99942e-05
-7.96948e-05
-7.93965e-05
-7.90993e-05
-7.88032e-05
-7.85083e-05
-7.82144e-05
-7.79217e-05
-7.763e-05
-7.73395e-05
-7.705e-05
-7.67617e-05
-7.64744e-05
-7.61881e-05
-7.5903e-05
-7.56189e-05
-7.53359e-05
-7.5054e-05
-7.47731e-05
-7.44933e-05
-7.42145e-05
-7.39367e-05
-7.366e-05
-7.33844e-05
-7.31098e-05
-7.28362e-05
-7.25636e-05
-7.2292e-05
-7.20215e-05
-7.1752e-05
-7.14835e-05
-7.1216e-05
-7.09495e-05
-7.0684e-05
-7.04195e-05
-7.0156e-05
-6.98935e-05
-6.9632e-05
-6.93714e-05
-6.91118e-05
-6.88532e-05
-6.85956e-05
-6.83389e-05
-6.80832e-05
-6.78285e-05
-6.75747e-05
-6.73218e-05
-6.70699e-05
-6.6819e-05
-6.6569e-05
-6.63199e-05
-6.60718e-05
-6.58246e-05
-6.55783e-05
-6.53329e-05
-6.50885e-05
-6.4845e-05
-6.46023e-05
-6.43606e-05
-6.41199e-05
-6.388e-05
-6.3641e-05
-6.34029e-05
-6.31657e-05
-6.29293e-05
-6.26939e-05
-6.24594e-05
-6.22257e-05
-6.19929e-05
-6.1761e-05
-6.15299e-05
-6.12997e-05
-6.10704e-05
-6.08419e-05
-6.06143e-05
-6.03876e-05
-6.01617e-05
-5.99366e-05
-5.97124e-05
-5.9489e-05
-5.92665e-05
-5.90448e-05
-5.88239e-05
-5.86038e-05
-5.83846e-05
-5.81662e-05
-5.79486e-05
-5.77319e-05
-5.75159e-05
-5.73008e-05
-5.70864e-05
-5.68729e-05
-5.66601e-05
-5.64482e-05
-5.6237e-05
-5.60267e-05
-5.58171e-05
-5.56083e-05
-5.54003e-05
-5.51931e-05
-5.49867e-05
-5.4781e-05
-5.45761e-05
-5.43719e-05
-5.41686e-05
-5.3966e-05
-5.37641e-05
-5.3563e-05
-5.33627e-05
-5.31631e-05
-5.29642e-05
-5.27661e-05
-5.25688e-05
-5.23722e-05
-5.21763e-05
-5.19812e-05
-5.17867e-05
-5.1593e-05
-5.14001e-05
-5.12078e-05
-5.10163e-05
-5.08255e-05
-5.06354e-05
-5.04461e-05
-5.02574e-05
-5.00694e-05
-4.98822e-05
-4.96956e-05
-4.95098e-05
-4.93246e-05
-4.91402e-05
-4.89564e-05
-4.87733e-05
-4.85909e-05
-4.84092e-05
-4.82282e-05
-4.80478e-05
-4.78681e-05
-4.76891e-05
-4.75108e-05
-4.73331e-05
-4.71561e-05
-4.69798e-05
-4.68041e-05
-4.6629e-05
-4.64547e-05
-4.6281e-05
-4.61079e-05
-4.59355e-05
-4.57637e-05
-4.55926e-05
-4.54221e-05
-4.52523e-05
-4.50831e-05
-4.49145e-05
-4.47469e-05
-4.45792e-05
-4.44123e-05
-4.42461e-05
-4.40806e-05
-4.39157e-05
-4.37515e-05
-4.35879e-05
-4.3425e-05
-4.32626e-05
-4.31009e-05
-4.29397e-05
-4.27792e-05
-4.26192e-05
-4.24599e-05
-4.23011e-05
-4.21429e-05
-4.19854e-05
-4.18284e-05
-4.1672e-05
-4.15163e-05
-4.13611e-05
-4.12065e-05
-4.10524e-05
-4.0899e-05
-4.07461e-05
-4.05938e-05
-4.04421e-05
-4.02909e-05
-4.01403e-05
-3.99903e-05
-3.98408e-05
-3.96919e-05
-3.95435e-05
-3.93957e-05
-3.92484e-05
-3.91017e-05
-3.89556e-05
-3.881e-05
-3.86649e-05
-3.85204e-05
-3.83764e-05
-3.82329e-05
-3.809e-05
-3.79477e-05
-3.78058e-05
-3.76645e-05
-3.75237e-05
-3.73835e-05
-3.72438e-05
-3.71046e-05
-3.69659e-05
-3.68277e-05
-3.66901e-05
-3.6553e-05
-3.64164e-05
-3.62803e-05
-3.61447e-05
-3.60096e-05
-3.5875e-05
-3.5741e-05
-3.56074e-05
-3.54744e-05
-3.53418e-05
-3.52097e-05
-3.50782e-05
-3.49471e-05
-3.48165e-05
-3.46864e-05
-3.45568e-05
-3.44277e-05
-3.4299e-05
-3.41709e-05
-3.40432e-05
-3.3916e-05
-3.37893e-05
-3.3663e-05
-3.35373e-05
-3.34119e-05
-3.32871e-05
-3.31627e-05
-3.30388e-05
-3.29154e-05
-3.27924e-05
-3.26699e-05
-3.25479e-05
-3.24263e-05
-3.23051e-05
-3.21845e-05
-3.20642e-05
-3.19444e-05
-3.18251e-05
-3.17062e-05
-3.15878e-05
-3.14698e-05
-3.13522e-05
-3.12351e-05
-3.11184e-05
-3.10022e-05
-3.08864e-05
-3.0771e-05
-3.06561e-05
-3.05416e-05
-3.04275e-05
-3.03138e-05
-3.02006e-05
-3.00878e-05
-2.99754e-05
-2.98635e-05
-2.97519e-05
-2.96408e-05
-2.95301e-05
-2.94198e-05
-2.93099e-05
-2.92005e-05
-2.90914e-05
-2.89828e-05
-2.88745e-05
-2.87667e-05
-2.86593e-05
-2.85523e-05
-2.84456e-05
-2.83394e-05
-2.82336e-05
-2.81281e-05
-2.80231e-05
-2.79185e-05
-2.78142e-05
-2.77104e-05
-2.76069e-05
-2.75038e-05
-2.74011e-05
-2.72988e-05
-2.71969e-05
-2.70953e-05
-2.69942e-05
-2.68934e-05
-2.6793e-05
-2.6693e-05
-2.65933e-05
-2.6494e-05
-2.63951e-05
-2.62966e-05
-2.61984e-05
-2.61006e-05
-2.60032e-05
-2.59061e-05
-2.58094e-05
-2.5713e-05
-2.56171e-05
-2.55214e-05
-2.54262e-05
-2.53313e-05
-2.52367e-05
-2.51425e-05
-2.50487e-05
-2.49552e-05
-2.48621e-05
-2.47693e-05
-2.46768e-05
-2.45847e-05
-2.4493e-05
-2.44016e-05
-2.43105e-05
-2.42198e-05
-2.41294e-05
-2.40394e-05
-2.39497e-05
-2.38603e-05
-2.37713e-05
-2.36826e-05
-2.35942e-05
-2.35062e-05
-2.34184e-05
-2.33311e-05
-2.3244e-05
-2.31573e-05
-2.30709e-05
-2.29848e-05
-2.28991e-05
-2.28136e-05
-2.27285e-05
-2.26437e-05
-2.25593e-05
-2.24751e-05
-2.23913e-05
-2.23077e-05
-2.22245e-05
-2.21416e-05
-2.2059e-05
-2.19768e-05
-2.18948e-05
-2.18131e-05
-2.17318e-05
-2.16507e-05
-2.15699e-05
-2.14895e-05
-2.14094e-05
-2.13295e-05
-2.125e-05
-2.11707e-05
-2.10918e-05
-2.10131e-05
-2.09347e-05
-2.08567e-05
-2.07789e-05
-2.07014e-05
-2.06242e-05
-2.05473e-05
-2.04707e-05
-2.03944e-05
-2.03183e-05
-2.02426e-05
-2.01671e-05
-2.00919e-05
-2.0017e-05
-1.99424e-05
-1.9868e-05
-1.97939e-05
-1.97202e-05
-1.96466e-05
-1.95734e-05
-1.95004e-05
-1.94277e-05
-1.93553e-05
-1.92832e-05
-1.92113e-05
-1.91397e-05
-1.90683e-05
-1.89973e-05
-1.89264e-05
-1.88559e-05
-1.87856e-05
-1.87156e-05
-1.86459e-05
-1.85764e-05
-1.85071e-05
-1.84382e-05
-1.83694e-05
-1.8301e-05
-1.82328e-05
-1.81648e-05
-1.80971e-05
-1.80297e-05
-1.79625e-05
-1.78956e-05
-1.78289e-05
-1.77625e-05
-1.76963e-05
-1.76303e-05
-1.75647e-05
-1.74992e-05
-1.7434e-05
-1.73691e-05
-1.73043e-05
-1.72399e-05
-1.71756e-05
-1.71117e-05
-1.70479e-05
-1.69844e-05
-1.69211e-05
-1.68581e-05
-1.67953e-05
-1.67327e-05
-1.66704e-05
-1.66083e-05
-1.65464e-05
-1.64848e-05
-1.64234e-05
-1.63627e-05
-1.63018e-05
-1.62411e-05
-1.61806e-05
-1.61203e-05
-1.60602e-05
-1.60004e-05
-1.59408e-05
-1.58814e-05
-1.58222e-05
-1.57632e-05
-1.57044e-05
-1.56459e-05
-1.55876e-05
-1.55295e-05
-1.54716e-05
-1.54139e-05
-1.53565e-05
-1.52993e-05
-1.52423e-05
-1.51856e-05
-1.5129e-05
-1.50727e-05
-1.50166e-05
-1.49607e-05
-1.4905e-05
-1.48495e-05
-1.47942e-05
-1.47391e-05
-1.46843e-05
-1.46296e-05
-1.45752e-05
-1.45209e-05
-1.44669e-05
-1.4413e-05
-1.43594e-05
-1.43059e-05
-1.42527e-05
-1.41997e-05
-1.41468e-05
-1.40942e-05
-1.40417e-05
-1.39895e-05
-1.39374e-05
-1.38856e-05
-1.38339e-05
-1.37824e-05
-1.37311e-05
-1.368e-05
-1.36291e-05
-1.35784e-05
-1.35279e-05
-1.34776e-05
-1.34274e-05
-1.33774e-05
-1.33277e-05
-1.32781e-05
-1.32287e-05
-1.31794e-05
-1.31304e-05
-1.30815e-05
-1.30329e-05
-1.29844e-05
-1.29361e-05
-1.28879e-05
-1.284e-05
-1.27922e-05
-1.27446e-05
-1.26972e-05
-1.26499e-05
-1.26028e-05
-1.25559e-05
-1.25092e-05
-1.24627e-05
-1.24163e-05
-1.23701e-05
-1.23241e-05
-1.22782e-05
-1.22325e-05
-1.2187e-05
-1.21417e-05
-1.20965e-05
-1.20515e-05
-1.20067e-05
-1.1962e-05
-1.19175e-05
-1.18732e-05
-1.1829e-05
-1.1785e-05
-1.17411e-05
-1.16975e-05
-1.16539e-05
-1.16106e-05
-1.15674e-05
-1.15244e-05
-1.14815e-05
-1.14388e-05
-1.13962e-05
-1.13538e-05
-1.13116e-05
-1.12695e-05
-1.12276e-05
-1.11858e-05
-1.11442e-05
-1.11028e-05
-1.10615e-05
-1.10203e-05
-1.09793e-05
-1.09385e-05
-1.08978e-05
-1.08573e-05
-1.08169e-05
-1.07767e-05
-1.07366e-05
-1.06967e-05
-1.06569e-05
-1.06172e-05
-1.05777e-05
-1.05384e-05
-1.04992e-05
-1.04602e-05
-1.04213e-05
-1.03825e-05
-1.03439e-05
-1.03054e-05
-1.02671e-05
-1.02289e-05
-1.01909e-05
-1.0153e-05
-1.01152e-05
-1.00776e-05
-1.00401e-05
-1.00028e-05
-9.96556e-06
