0.721724
0.73004
0.70519
0.700765
0.692919
0.690029
0.675798
0.678071
0.68958
0.699519
0.695634
0.708846
0.69198
0.685367
0.692066
0.681693
0.685609
0.687516
0.688529
0.679354
0.686673
0.675808
0.694628
0.687974
0.694564
0.694944
0.691897
0.675392
0.683931
0.678674
0.68438
0.675602
0.678
0.672017
0.690956
0.680246
0.681399
0.684289
0.68324
0.684775
0.681112
0.692244
0.678317
0.687585
0.685673
0.671847
0.684025
0.681194
0.675408
0.682131
0.679181
0.67458
0.675857
0.673238
0.677106
0.679612
0.669905
0.669086
0.683408
0.683121
0.684711
0.676882
0.686244
0.676638
0.671906
0.680171
0.667114
0.678975
0.683044
0.682731
0.688355
0.681586
0.672177
0.681312
0.676606
0.687561
0.674636
0.67512
0.669237
0.67642
0.674806
0.679276
0.677786
0.674432
0.67748
0.679077
0.673983
0.69052
0.677544
0.67901
0.679786
0.682074
0.681438
0.693431
0.673657
0.673198
0.669459
0.673583
0.6759
0.677097
0.677584
0.672144
0.681715
0.676459
0.679704
0.669029
0.669921
0.677391
0.673482
0.675023
0.672143
0.677809
0.685176
0.668
0.675356
0.669693
0.669197
0.68235
0.67396
0.664536
0.676676
0.674548
0.669735
0.67148
0.702717
0.685933
0.6812
0.683127
0.681758
0.675878
0.677269
0.675853
0.670637
0.668963
0.677961
0.661367
0.66625
0.678468
0.663725
0.663711
0.667955
0.66806
0.672835
0.668297
0.678013
0.686564
0.675171
0.667647
0.672411
0.671991
0.674141
0.655551
0.680035
0.672631
0.678113
0.662863
0.66018
0.659041
0.669998
0.67496
0.680478
0.667202
0.673829
0.672185
0.674388
0.662882
0.666145
0.665407
0.665931
0.66272
0.657439
0.674949
0.669451
0.662773
0.660711
0.680915
0.670674
0.659101
0.664073
0.662068
0.664562
0.657148
0.666182
0.662187
0.666501
0.66059
0.658823
0.652155
0.672549
0.67602
0.660767
0.65321
0.659031
0.665429
0.662194
0.656437
0.660963
0.658572
0.67274
0.671311
0.665004
0.669197
0.662649
0.674648
0.654105
0.665681
0.660002
0.668128
0.664596
0.66072
0.667547
0.659704
0.657909
0.65829
0.660591
0.666134
0.665884
0.657553
0.660645
0.657833
0.66895
0.66547
0.659985
0.66709
0.658049
0.66306
0.662342
0.6545
0.66117
0.669018
0.656376
0.661733
0.664106
0.664622
0.653447
0.661308
0.667266
0.665619
0.656137
0.681634
0.656537
0.656367
0.653008
0.659194
0.675345
0.661332
0.668472
0.659248
0.668361
0.653804
0.668756
0.666194
0.66206
0.65836
0.661765
0.661357
0.657148
0.666141
0.65809
0.65426
0.656376
0.659211
0.676488
0.662492
0.665504
0.65611
0.662278
0.669135
0.667144
0.659788
0.653508
0.660808
0.670117
0.658088
0.669544
0.658127
0.679225
0.659429
0.661302
0.669034
0.658661
0.656255
0.668324
0.655265
0.660802
0.664323
0.658213
0.649694
0.649355
0.653257
0.647683
0.662268
0.653843
0.646766
0.64849
0.646862
0.6505
0.646262
0.65141
0.656392
0.647302
0.651455
0.651608
0.651352
0.65211
0.646467
0.65371
0.64728
0.652645
0.657255
0.654402
0.650758
0.65242
0.653957
0.653488
0.642655
0.640375
0.647815
0.649395
0.654875
0.649624
0.653839
0.648589
0.644963
0.645585
0.650864
0.64785
0.648796
0.644789
0.647625
0.644588
0.654017
0.646431
0.644456
0.642409
0.646085
0.658529
0.671567
0.655408
0.644492
0.65976
0.661642
0.653573
0.65406
0.647777
0.654714
0.649811
0.654011
0.64428
0.656014
0.663081
0.653016
0.646109
0.659396
0.645508
0.649575
0.645888
0.647442
0.647403
0.645826
0.638373
0.648591
0.651296
0.647283
0.657563
0.648853
0.643758
0.646888
0.653711
0.651494
0.659382
0.666152
0.645887
0.644598
0.642104
0.650718
0.646275
0.649863
0.653288
0.645739
0.65269
0.644047
0.654965
0.653484
0.650599
0.645384
0.647988
0.649602
0.648183
0.64849
0.646853
0.641784
0.644842
0.637386
0.639257
0.638931
0.639323
0.641281
0.644269
0.650036
0.64398
0.65571
0.656528
0.653234
0.657393
0.640302
0.648186
0.653026
0.648557
0.649158
0.662095
0.646611
0.642712
0.646245
0.654953
0.648438
0.659173
0.646147
0.659536
0.658316
0.646016
0.650752
0.642663
0.652602
0.644437
0.646592
0.647511
0.643472
0.642325
0.649228
0.642957
0.642472
0.636973
0.648722
0.642293
0.651249
0.643905
0.645522
0.638869
0.655414
0.660726
0.642454
0.649596
0.644149
0.634041
0.641975
0.646239
0.663057
0.666075
0.667229
0.663202
0.665749
0.666785
0.662989
0.66603
0.666612
0.663413
0.666308
0.66736
0.663551
0.665552
0.667336
0.663497
0.655291
0.643547
0.648828
0.639346
0.636266
0.641462
0.640718
0.635181
0.639103
0.649971
0.645479
0.634364
0.643936
0.641279
0.638593
0.646244
0.64061
0.640106
0.651217
0.644215
0.652293
0.641411
0.647299
0.648759
0.640615
0.64459
0.648194
0.643393
0.64556
0.641504
0.659647
0.640749
0.639129
0.643982
0.652432
0.641654
0.642921
0.639277
0.655709
0.649481
0.638181
0.644086
0.637952
0.649699
0.641747
0.650615
0.641751
0.63899
0.638158
0.642564
0.638802
0.636508
0.634985
0.639251
0.654813
0.646128
0.64258
0.643665
0.639061
0.642821
0.638334
0.651036
0.636182
0.637115
0.640158
0.636886
0.64345
0.638794
0.633995
0.642892
0.64101
0.640944
0.638321
0.637403
0.643092
0.643483
0.640403
0.643244
0.634456
0.644467
0.639281
0.638547
0.640575
0.636465
0.646778
0.64155
0.635912
0.63694
0.629478
0.645389
0.641395
0.642023
0.63282
0.643278
0.643891
0.63502
0.635353
0.633476
0.637389
0.645011
0.64906
0.65032
0.633253
0.638935
0.642538
0.636847
0.643844
0.644267
0.641015
0.633136
0.643549
0.633145
0.643268
0.638984
0.631641
0.636185
0.637743
0.638058
0.634806
0.634526
0.632826
0.637905
0.631447
0.634036
0.633155
0.641111
0.638357
0.638856
0.642366
0.636311
0.633592
0.649266
0.632135
0.643949
0.642718
0.634631
0.637113
0.641629
0.634863
0.637754
0.658159
0.647077
0.647211
0.636981
0.637069
0.643152
0.631692
0.637726
0.631672
0.626727
0.638391
0.63668
0.627312
0.631295
0.628703
0.63586
0.633204
0.647886
0.630622
0.637942
0.62889
0.628505
0.63487
0.633807
0.633912
0.630294
0.634771
0.630824
0.643197
0.63389
0.637587
0.631932
0.629006
0.627729
0.627952
0.637098
0.63646
0.631397
0.630895
0.631976
0.635547
0.633564
0.632332
0.621811
0.63089
0.624972
0.63265
0.638479
0.631574
0.637402
0.633302
0.63655
0.638923
0.630279
0.638386
0.636274
0.637997
0.634842
0.629301
0.628546
0.634793
0.627882
0.638846
0.625842
0.638134
0.633754
0.63997
0.633563
0.63658
0.628807
0.637983
0.630645
0.631872
0.637304
0.624858
0.628391
0.628352
0.626224
0.62705
0.634535
0.635061
0.628722
0.634617
0.628896
0.627271
0.62686
0.62791
0.630475
0.635532
0.640278
0.64902
0.6374
0.632378
0.641213
0.633905
0.646365
0.65024
0.639162
0.63198
0.641079
0.629063
0.635051
0.629823
0.629788
0.63269
0.631868
0.637203
0.636012
0.627677
0.636589
0.639155
0.626284
0.645878
0.632943
0.625869
0.626601
0.630777
0.637267
0.631175
0.645145
0.629168
0.638002
0.633582
0.635013
0.631108
0.624562
0.637084
0.631356
0.633007
0.626467
0.638595
0.638341
0.62806
0.637129
0.632151
0.634273
0.633062
0.635407
0.633874
0.636403
0.63424
0.633306
0.629391
0.629082
0.628484
0.629596
0.627785
0.631387
0.648271
0.636076
0.633864
0.633002
0.63405
0.636046
0.642598
0.638225
0.630361
0.63
0.639382
0.632787
0.657975
0.645498
0.630011
0.628632
0.631423
0.626993
0.640433
0.636109
0.63169
0.621803
0.633186
0.629502
0.626414
0.626198
0.624198
0.622645
0.630584
0.62813
0.635191
0.640853
0.621303
0.622885
0.622839
0.623336
0.624126
0.627768
0.624661
0.632446
0.626328
0.630753
0.624722
0.626876
0.62108
0.626133
0.626117
0.629122
0.631367
0.6426
0.627515
0.620669
0.632354
0.621061
0.620424
0.623557
0.623929
0.625578
0.619509
0.619069
0.619875
0.631756
0.619739
0.61693
0.620408
0.623218
0.620675
0.634939
0.635162
0.618588
0.626247
0.621694
0.622537
0.629085
0.624808
0.626045
0.617957
0.622194
0.617362
0.616016
0.625997
0.624783
0.645119
0.632075
0.625886
0.622994
0.622623
0.627016
0.613186
0.627425
0.620339
0.622111
0.619972
0.620769
0.625617
0.621538
0.624443
0.621182
0.627321
0.614735
0.623637
0.622883
0.61471
0.631252
0.630751
0.634204
0.625732
0.616054
0.62392
0.622987
0.617543
0.626556
0.621255
0.634359
0.631245
0.623857
0.621267
0.630003
0.621013
0.613556
0.618521
0.623608
0.62306
0.622849
0.617593
0.621209
0.621355
0.620006
0.628535
0.620078
0.632007
0.625604
0.622591
0.622082
0.623059
0.619551
0.621932
0.624962
0.62442
0.620865
0.619946
0.624147
0.628032
0.620517
0.614536
0.623773
0.618001
0.618044
0.622445
0.620851
0.620708
0.61571
0.616281
0.618222
0.622712
0.630879
0.632229
0.621863
0.619573
0.614788
0.619192
0.627221
0.621788
0.618957
0.61955
0.628527
0.623929
0.619091
0.62319
0.616504
0.620915
0.62065
0.61778
0.61749
0.628147
0.623669
0.636771
0.61978
0.619839
0.618762
0.632884
0.620668
0.626672
0.616835
0.625468
0.623838
0.627528
0.618213
0.625633
0.626192
0.626492
0.616274
0.622365
0.617338
0.634719
0.614491
0.616914
0.629548
0.618073
0.621836
0.616469
0.625571
0.632142
0.615606
0.634625
0.626543
0.61803
0.61696
0.615157
0.610148
0.615371
0.612562
0.620418
0.631044
0.620965
0.619302
0.612089
0.60895
0.617319
0.618393
0.634434
0.637765
0.626548
0.611873
0.614602
0.629354
0.633429
0.621477
0.619614
0.61307
0.61689
0.610129
0.616862
0.613714
0.621476
0.629358
0.616035
0.622613
0.61048
0.615801
0.609936
0.609868
0.619013
0.603251
0.615551
0.616305
0.616592
0.610636
0.60843
0.609018
0.610245
0.615316
0.608181
0.609998
0.620288
0.604176
0.608342
0.611135
0.610476
0.609631
0.610562
0.61202
0.609963
0.613932
0.631704
0.625371
0.612602
0.611443
0.605685
0.617728
0.607593
0.618107
0.607769
0.616645
0.624656
0.621155
0.612861
0.610999
0.605896
0.604295
0.611213
0.613688
0.608977
0.613807
0.613461
0.621489
0.626153
0.627359
0.627195
0.622985
0.620973
0.610757
0.612036
0.60681
0.609907
0.611637
0.612776
0.616659
0.6064
0.607258
0.608647
0.603169
0.609011
0.611131
0.612612
0.61651
0.614667
0.612964
0.608882
0.60803
0.609487
0.611376
0.610105
0.608542
0.604393
0.613583
0.626003
0.619784
0.611635
0.610465
0.608731
0.609115
0.61087
0.612672
0.606404
0.607121
0.615448
0.610316
0.61876
0.610926
0.621642
0.628828
0.612239
0.611514
0.607348
0.612674
0.621013
0.606751
0.608217
0.613464
0.626051
0.606686
0.611911
0.611583
0.616328
0.607298
0.614221
0.611603
0.61426
0.609933
0.610739
0.609075
0.606403
0.613441
0.611616
0.607772
0.610863
0.603624
0.615842
0.608712
0.607276
0.607097
0.608335
0.612986
0.607795
0.608394
0.605586
0.607416
0.612727
0.604064
0.625696
0.63008
0.616635
0.604666
0.609921
0.608753
0.609438
0.612444
0.616209
0.608926
0.614783
0.612312
0.62014
0.608558
0.60048
0.605397
0.602318
0.608603
0.60382
0.610173
0.60858
0.60147
0.612307
0.608671
0.612887
0.614059
0.612802
0.623045
0.614975
0.615469
0.607042
0.600046
0.609793
0.606172
0.607288
0.604096
0.600981
0.604258
0.61035
0.604833
0.604664
0.61221
0.608638
0.612062
0.600619
0.605767
0.603938
0.606459
0.602562
0.60176
0.603962
0.605242
0.613196
0.628053
0.614977
0.603769
0.603452
0.606444
0.618474
0.608297
0.6054
0.607218
0.607474
0.600989
0.604806
0.604951
0.600958
0.603819
0.606084
0.59954
0.614348
0.631714
0.609085
0.603108
0.606413
0.614864
0.608878
0.609701
0.602976
0.612666
0.60249
0.607585
0.607032
0.611253
0.609742
0.611319
0.6089
0.611987
0.60043
0.603875
0.605169
0.607325
0.611992
0.626568
0.61461
0.603516
0.610355
0.609774
0.602423
0.604955
0.607929
0.62117
0.610237
0.604621
0.603577
0.604119
0.608186
0.606104
0.607373
0.604194
0.600385
0.608186
0.606097
0.607411
0.607452
0.601006
0.611096
0.611233
0.610375
0.617425
0.625577
0.608077
0.612152
0.60321
0.612201
0.603772
0.619639
0.609333
0.596305
0.601834
0.60376
0.599753
0.599341
0.59937
0.598998
0.606474
0.602026
0.604841
0.609942
0.599161
0.599979
0.609326
0.59508
0.597033
0.601136
0.597631
0.611188
0.600912
0.600053
0.595304
0.601414
0.60242
0.602545
0.609977
0.596893
0.608752
0.596094
0.598037
0.609249
0.593146
0.597891
0.611493
0.59592
0.611578
0.597413
0.60551
0.597996
0.607363
0.593434
0.595886
0.609008
0.605069
0.598187
0.603317
0.604404
0.604816
0.602294
0.604262
0.599928
0.596784
0.601625
0.596116
0.60445
0.607976
0.597938
0.597578
0.599677
0.601176
0.598146
0.607009
0.59535
0.596627
0.594981
0.597901
0.591047
0.606874
0.605466
0.599234
0.596997
0.59851
0.599103
0.59684
0.598316
0.597754
0.600282
0.614474
0.609036
0.60407
0.599296
0.605068
0.603805
0.604511
0.6037
0.59798
0.591973
0.599842
0.596556
0.600658
0.58797
0.589257
0.595298
0.600664
0.596715
0.591493
0.593476
0.60087
0.615901
0.615127
0.610986
0.600445
0.596131
0.602513
0.594445
0.599838
0.598541
0.593421
0.596281
0.600683
0.5967
0.597187
0.593253
0.589091
0.592522
0.593948
0.591639
0.592713
0.596038
0.604577
0.595672
0.59992
0.604287
0.596329
0.596329
0.596586
0.593659
0.58861
0.595624
0.593549
0.594754
0.590264
0.606221
0.592347
0.602801
0.593061
0.605332
0.605668
0.600318
0.594996
0.59926
0.595587
0.594976
0.595845
0.59771
0.592998
0.596115
0.603295
0.588849
0.59648
0.600193
0.592879
0.586046
0.601712
0.592076
0.593728
0.591443
0.590815
0.590973
0.594621
0.599358
0.591574
0.612289
0.598693
0.595029
0.601843
0.593437
0.599219
0.589037
0.586588
0.590679
0.593979
0.591631
0.596507
0.596529
0.600167
0.591936
0.597439
0.5976
0.592129
0.59858
0.598611
0.593174
0.590283
0.595094
0.605209
0.591051
0.597948
0.588087
0.596104
0.595268
0.607163
0.592406
0.601585
0.598225
0.603173
0.596451
0.597947
0.599939
0.596755
0.596573
0.592261
0.594122
0.603028
0.603276
0.597683
0.599201
0.589782
0.602709
0.600645
0.594463
0.589343
0.599556
0.590479
0.592231
0.617217
0.59518
0.595221
0.590085
0.597681
0.584535
0.594502
0.59303
0.586869
0.602508
0.605588
0.610281
0.593777
0.595694
0.587102
0.585033
0.591396
0.590598
0.592612
0.596779
0.589992
0.599174
0.582998
0.592833
0.59881
0.588374
0.587852
0.598496
0.589644
0.593232
0.590571
0.594726
0.592492
0.592004
0.586576
0.58527
0.594146
0.590654
0.587098
0.583425
0.595135
0.586454
0.592552
0.5898
0.594468
0.598527
0.589861
0.587916
0.584144
0.599915
0.593163
0.59006
0.58452
0.589261
0.592711
0.584256
0.584267
0.591977
0.600804
0.595787
0.594379
0.596556
0.587636
0.59787
0.586846
0.582017
0.58153
0.585117
0.583534
0.584669
0.586679
0.583782
0.583584
0.583758
0.581363
0.582993
0.583011
0.583469
0.587957
0.581678
0.582098
0.591236
0.57926
0.588985
0.596189
0.603508
0.606612
0.59329
0.576646
0.587568
0.58639
0.584762
0.606511
0.604593
0.593055
0.589194
0.582255
0.582068
0.585358
0.587043
0.577919
0.587752
0.580003
0.581426
0.588066
0.585869
0.59071
0.577303
0.588887
0.582791
0.594135
0.579458
0.580724
0.584165
0.587469
0.58659
0.578254
0.586026
0.581214
0.587931
0.579708
0.583433
0.58846
0.584236
0.583815
0.591978
0.587237
0.589416
0.589151
0.584508
0.591102
0.580571
0.582899
0.587758
0.574918
0.594029
0.586999
0.578532
0.587696
0.583686
0.583029
0.579313
0.587808
0.58555
0.583334
0.575811
0.583673
0.582038
0.585581
0.587917
0.579902
0.580347
0.582551
0.592213
0.581597
0.588543
0.609282
0.600058
0.58257
0.583425
0.586356
0.58366
0.581139
0.583451
0.588046
0.585117
0.588012
0.588554
0.585228
0.59391
0.58772
0.590325
0.582068
0.586847
0.575463
0.576472
0.580412
0.581582
0.579423
0.59284
0.588044
0.591881
0.58706
0.585496
0.588412
0.589654
0.590022
0.587623
0.586738
0.582219
0.586486
0.575997
0.590864
0.584088
0.586444
0.583806
0.596026
0.589741
0.587224
0.590412
0.584577
0.583531
0.594005
0.580117
0.580036
0.58701
0.579675
0.582057
0.581429
0.58318
0.586296
0.592519
0.581973
0.586169
0.585034
0.586353
0.58231
0.58789
0.585278
0.584742
0.578229
0.587476
0.588769
0.581316
0.581602
0.586412
0.582431
0.589245
0.589478
0.591006
0.58206
0.592268
0.587677
0.58738
0.594854
0.595403
0.586514
0.584284
0.585746
0.580077
0.595123
0.586031
0.579402
0.601512
0.585116
0.587858
0.578084
0.58713
0.584715
0.583053
0.585555
0.585711
0.57805
0.585956
0.577345
0.58831
0.592652
0.577846
0.581926
0.580092
0.583059
0.579089
0.587511
0.574106
0.577174
0.568213
0.581357
0.575837
0.5705
0.575801
0.567947
0.565432
0.581486
0.567242
0.578863
0.570363
0.596331
0.593393
0.575393
0.575108
0.573966
0.571314
0.568809
0.568993
0.570521
0.577944
0.572899
0.578717
0.593992
0.586673
0.576689
0.575504
0.57709
0.571222
0.570107
0.579238
0.574568
0.581664
0.577102
0.576381
0.580806
0.582111
0.585251
0.579673
0.574379
0.578667
0.571962
0.570568
0.577292
0.583684
0.57512
0.578449
0.57471
0.575845
0.570057
0.570186
0.575884
0.572646
0.580088
0.578591
0.577055
0.586916
0.572893
0.580795
0.571986
0.581191
0.57169
0.573383
0.579388
0.566595
0.585095
0.585078
0.582792
0.572415
0.576837
0.574608
0.58061
0.575849
0.575612
0.577483
0.570752
0.577266
0.57107
0.57798
0.565021
0.573077
0.577769
0.570566
0.57055
0.571631
0.566877
0.574024
0.573482
0.58898
0.582667
0.572533
0.575173
0.567111
0.568277
0.573427
0.578421
0.577355
0.574219
0.575836
0.576112
0.573942
0.575508
0.573852
0.572021
0.572378
0.576177
0.592639
0.588468
0.581746
0.577436
0.578054
0.577848
0.573265
0.581782
0.573797
0.574768
0.571586
0.573343
0.590735
0.574613
0.580647
0.574393
0.572548
0.573891
0.580958
0.577255
0.575951
0.576787
0.574407
0.573679
0.57654
0.581079
0.571904
0.57594
0.570294
0.580888
0.582841
0.582263
0.577196
0.580539
0.571419
0.575144
0.575849
0.579093
0.578554
0.568884
0.570668
0.578801
0.574489
0.56783
0.573391
0.57578
0.578999
0.575624
0.570431
0.581273
0.569996
0.57228
0.575463
0.567893
0.57626
0.572327
0.573214
0.573502
0.569482
0.580207
0.572475
0.590197
0.581269
0.573155
0.586525
0.572962
0.571618
0.567294
0.571079
0.572818
0.566858
0.571293
0.57071
0.571169
0.565693
0.576513
0.572729
0.571892
0.570476
0.580268
0.567384
0.572579
0.570349
0.575981
0.576725
0.571101
0.569689
0.57526
0.561688
0.570895
0.57113
0.572009
0.57195
0.563978
0.564365
0.565634
0.568875
0.574358
0.574359
0.567073
0.560488
0.566765
0.568538
0.56445
0.562705
0.573774
0.56743
0.57059
0.564815
0.563267
0.561282
0.565131
0.573981
0.560647
0.570117
0.564593
0.568399
0.57192
0.566465
0.56856
0.571557
0.564892
0.558829
0.58036
0.573745
0.568777
0.56185
0.573741
0.566928
0.571811
0.562311
0.577379
0.583898
0.578268
0.563628
0.569854
0.56556
0.565136
0.564251
0.574549
0.561654
0.576122
0.573916
0.563991
0.565095
0.560006
0.564905
0.568497
0.56205
0.570823
0.567373
0.569616
0.557223
0.556548
0.558213
0.563977
0.565455
0.562098
0.561186
0.562726
0.569458
0.559792
0.568243
0.565094
0.561611
0.569345
0.568018
0.559921
0.560746
0.566209
0.567462
0.556035
0.556482
0.560728
0.556592
0.567426
0.562787
0.566512
0.56011
0.566171
0.561573
0.563879
0.565315
0.578434
0.578255
0.553254
0.56802
0.561166
0.552915
0.556377
0.568084
0.560317
0.561739
0.565846
0.564227
0.559997
0.580222
0.571214
0.579477
0.565275
0.565267
0.562159
0.562873
0.561967
0.563409
0.558083
0.56229
0.568498
0.561865
0.563856
0.568527
0.55269
0.557974
0.566803
0.56411
0.563154
0.566588
0.559589
0.565792
0.56038
0.552561
0.556313
0.560333
0.55401
0.558859
0.549948
0.572938
0.562469
0.55781
0.559768
0.562409
0.552814
0.54941
0.55545
0.560486
0.552775
0.556775
0.549536
0.552579
0.551891
0.551267
0.556668
0.559442
0.555621
0.562528
0.550705
0.5545
0.563003
0.554667
0.558087
0.564266
0.552274
0.559523
0.558219
0.563322
0.573661
0.557462
0.555876
0.563761
0.556476
0.565961
0.554284
0.550313
0.555211
0.557503
0.55178
0.550485
0.548246
0.560621
0.553563
0.545618
0.548411
0.554172
0.550516
0.550142
0.548257
0.57302
0.555859
0.556282
0.557505
0.553579
0.553736
0.558031
0.568674
0.549311
0.550778
0.554773
0.55565
0.559311
0.556405
0.559023
0.557407
0.558203
0.55328
0.559688
0.559516
0.552134
0.561086
0.557615
0.547688
0.559374
0.549603
0.55555
0.554451
0.558297
0.564413
0.554386
0.55923
0.553419
0.565942
0.555525
0.560978
0.55282
0.562044
0.55343
0.560944
0.549574
0.561615
0.553455
0.557808
0.559482
0.558784
0.561067
0.553517
0.555633
0.565232
0.555463
0.562513
0.549632
0.558547
0.55944
0.557114
0.561135
0.561654
0.56531
0.55406
0.551923
0.552726
0.555306
0.55307
0.559781
0.557996
0.565981
0.560434
0.563681
0.548256
0.558761
0.550206
0.552836
0.552053
0.55299
0.554932
0.560952
0.562032
0.55909
0.557334
0.556076
0.553103
0.554956
0.555408
0.551083
0.561394
0.556606
0.556039
0.550241
0.559458
0.549645
0.560409
0.556622
0.555904
0.552256
0.545608
0.566083
0.54494
0.544686
0.55326
0.551745
0.566248
0.546228
0.558118
0.551358
0.551306
0.550963
0.555257
0.545509
0.55141
0.550861
0.545448
0.549154
0.54738
0.549231
0.547283
0.555232
0.553237
0.549609
0.553395
0.562027
0.554761
0.547619
0.549139
0.550217
0.550899
0.553285
0.552523
0.561024
0.560996
0.545103
0.556395
0.55128
0.54659
0.548264
0.543816
0.555527
0.553428
0.552321
0.55563
0.56633
0.562695
0.560727
0.548308
0.548338
0.538727
0.545474
0.545038
0.543534
0.542836
0.539537
0.542075
0.545128
0.556703
0.546637
0.553181
0.544263
0.552814
0.539988
0.543846
0.540149
0.545571
0.557911
0.541359
0.538908
0.547353
0.55028
0.541965
0.542663
0.540505
0.544088
0.547833
0.548167
0.544
0.544221
0.554346
0.549864
0.549746
0.540935
0.556781
0.5386
0.560286
0.55484
0.541422
0.544339
0.558122
0.540146
0.550309
0.549151
0.552383
0.560942
0.556812
0.54229
0.549502
0.546625
0.55406
0.544007
0.546404
0.542882
0.548255
0.546843
0.548582
0.547852
0.542782
0.541451
0.550539
0.540411
0.561295
0.550939
0.55201
0.541382
0.545292
0.541445
0.543121
0.5472
0.541981
0.54684
0.538954
0.54599
0.564997
0.551244
0.549353
0.54948
0.549046
0.542588
0.560809
0.552503
0.541476
0.54429
0.541644
0.542661
0.545195
0.545521
0.551687
0.538426
0.551893
0.543232
0.548768
0.533773
0.538847
0.538804
0.541304
0.536004
0.549601
0.533176
0.545977
0.53422
0.551642
0.545882
0.544352
0.535225
0.543474
0.543011
0.545642
0.546949
0.540657
0.534887
0.530495
0.546438
0.540553
0.530737
0.539008
0.544554
0.540717
0.549372
0.535812
0.543059
0.54406
0.546186
0.54449
0.536575
0.535645
0.543365
0.534012
0.537074
0.542285
0.548755
0.539083
0.546775
