215.951
158.28
133.775
95.1326
82.947
56.7002
25.1181
26.7154
26.9192
40.8374
41.9443
41.5973
41.2372
40.6755
39.9965
39.124
26.3369
26.4022
25.6393
25.3687
24.8996
24.4215
24.2116
23.675
23.013
22.3003
21.5203
20.5356
19.349
18.6596
18.5618
18.3111
18.1417
17.8749
17.7974
17.5918
17.2821
17.0945
16.8425
16.6688
16.4152
16.4262
16.1801
15.9076
15.7217
15.5278
15.3785
15.2206
15.0347
14.9057
14.7193
14.5609
14.3928
14.2174
14.0664
13.9815
13.8032
13.6846
13.6668
13.5106
13.299
13.118
13.0402
12.8719
12.7555
12.6345
12.5237
12.6015
12.3456
12.3079
12.1381
12.0473
11.9377
11.8606
11.7822
11.6912
11.6095
11.509
11.5003
11.3371
11.3508
11.1807
11.1629
11.0842
11.0205
10.9176
10.8196
10.8998
10.7505
10.7189
10.5319
10.5149
10.4301
10.3437
10.241
10.1521
10.144
10.0541
9.98621
9.88555
9.88354
9.71306
9.70896
9.63163
9.52842
9.52272
9.45603
9.36496
9.34991
9.26059
9.18196
9.09815
9.11295
8.9982
8.92536
8.90793
8.82415
8.74548
8.747
8.66583
8.56604
8.57196
8.47124
8.38383
8.43416
8.41305
8.41342
8.27903
8.19079
8.15869
8.08234
7.97641
7.96415
7.87955
7.88844
7.76521
7.78977
7.70179
7.59641
7.61007
7.60153
7.50227
7.41921
7.42363
7.36641
7.34647
7.26077
7.23835
7.15419
7.167
7.09581
7.04833
6.99693
6.98116
6.90004
6.88425
6.83869
6.80157
6.79595
6.83609
6.79418
6.67843
6.58665
6.57527
6.58237
6.45791
6.48668
6.35961
6.39065
6.38065
6.26448
6.29677
6.21179
6.19405
6.09215
6.12417
6.12711
6.00585
6.02029
5.91924
5.91856
5.9221
5.84166
5.84697
5.84579
5.74042
5.74189
5.64149
5.67714
5.6741
5.57984
5.55827
5.56162
5.49304
5.47744
5.46951
5.39195
5.38756
5.41707
5.31238
5.3202
5.30736
5.21302
5.2352
5.20403
5.1293
5.11738
5.12816
5.03486
5.03699
5.0484
5.02592
4.95767
4.941
4.94218
4.87248
4.86168
4.8494
4.7662
4.76529
4.77389
4.76999
4.67879
4.68969
4.67783
4.6773
4.61016
4.58597
4.58954
4.52215
4.49913
4.50513
4.50577
4.41932
4.49368
4.41091
4.32934
4.43339
4.31649
4.35603
4.32053
4.23111
4.23035
4.23839
4.25213
4.23517
4.15719
4.14424
4.15923
4.13835
4.0678
4.07719
4.05778
4.05689
3.97344
4.06031
3.96322
3.9771
3.96997
3.87362
3.88528
3.88041
3.89822
3.89715
3.80262
3.79225
3.79797
3.80629
3.80253
3.70723
3.78766
3.71053
3.71832
3.61681
3.71631
3.6202
3.64565
3.62031
3.62078
3.62615
3.52886
3.52551
3.53738
3.52281
3.52867
3.44395
3.52561
3.43042
3.42947
3.43472
3.42715
3.3538
3.34503
3.42618
3.33937
3.33752
3.25619
3.33719
3.25418
3.25794
3.25275
3.25645
3.25708
3.25471
3.17065
3.16463
3.16985
3.16415
3.16952
3.17666
3.08271
3.16568
3.08156
3.08274
3.08328
3.07368
3.07129
2.99149
3.0772
2.99877
2.99364
2.99575
2.99032
2.98717
2.90024
2.99612
2.90063
2.90178
2.89971
2.90312
2.89966
2.90996
2.81687
2.90249
2.80871
2.81379
2.82445
2.83866
2.82462
2.81235
2.74145
2.83137
2.7325
2.73628
2.72761
2.73622
2.73104
2.73326
2.72539
2.64837
2.74391
2.64794
2.63826
2.65375
2.63907
2.64495
2.6398
2.64261
2.55225
2.63832
2.54602
2.55312
2.55836
2.55472
2.56299
2.55661
2.54873
2.46579
2.55894
2.47097
2.56734
2.48346
2.46557
2.46456
2.46549
2.46896
2.46662
2.38126
2.47198
2.37804
2.47139
2.37532
2.38833
2.38491
2.38284
2.37638
2.37999
2.38303
2.29319
2.38103
2.29061
2.37365
2.2894
2.28095
2.28236
2.28147
2.28525
2.28582
2.28973
2.20638
2.28828
2.29964
2.2132
2.21168
2.30164
2.19685
2.20496
2.20917
2.20662
2.20589
2.22245
2.11518
2.20072
2.20537
2.12811
2.20455
2.13107
2.11725
2.13129
2.12881
2.11634
2.12281
2.11259
2.12041
2.11402
2.02963
2.11886
2.11347
2.02574
2.03357
2.11331
2.02889
2.01932
2.03145
2.02507
2.03377
2.02607
2.02766
2.02324
1.95022
2.04496
2.02565
1.9463
2.02718
1.92978
1.93701
2.02847
1.95999
1.96122
1.96287
1.95999
1.96095
1.96183
1.96014
1.96144
1.8749
1.96031
1.87431
1.96184
1.87325
1.96046
1.87499
1.87338
1.95301
1.85212
1.85919
1.84746
1.84445
1.84916
1.8484
1.8432
1.76033
1.85876
1.85317
1.7552
1.85252
1.76142
1.84656
1.76748
1.8485
1.76083
1.77136
1.7648
1.77432
1.76242
1.76811
1.7714
1.7609
1.76682
1.76917
1.76468
1.67943
1.7621
1.78175
1.67414
1.7609
1.67794
1.77352
1.67623
1.67605
1.76032
1.68917
1.68292
1.67185
1.6784
1.67186
1.68374
1.67603
1.68454
1.67538
1.67207
1.67171
1.58908
1.67428
1.66956
1.58031
1.67355
1.60109
1.67953
1.58898
1.67663
1.58588
1.58977
1.67217
1.59762
1.58407
1.58428
1.58596
1.58366
1.58853
1.58457
1.58002
1.59016
1.58682
1.58698
1.49751
1.58345
1.59059
1.58932
1.49996
1.5894
1.49256
1.59261
1.49848
1.58486
1.50055
1.49484
1.59357
1.50022
1.49461
1.49724
1.57549
1.50656
1.49999
1.50048
1.49181
1.50169
1.50326
1.49396
1.49438
1.40458
1.49682
1.5035
1.50902
1.42174
1.49217
1.49912
1.41401
1.49701
1.41572
1.50266
1.4124
1.49309
1.41491
1.49195
1.41545
1.41056
1.40301
1.4949
1.41184
1.41013
1.40638
1.40663
1.40425
1.40985
1.40243
1.40514
1.40457
1.41393
1.4095
1.41033
1.41555
1.40774
1.40547
1.33492
1.4034
1.41693
1.32658
1.40678
1.40828
1.32676
1.40637
1.32205
1.43045
1.33147
1.41906
1.32137
1.32125
1.41593
1.31738
1.32268
1.40503
1.31272
1.32264
1.32382
1.31169
1.40323
1.31286
1.32046
1.3173
1.33214
1.31552
1.32255
1.31336
1.31474
1.32001
1.31834
1.31908
1.31557
1.23195
1.31518
1.32974
1.31928
1.23528
1.31627
1.31487
1.22451
1.31263
1.32091
1.23574
1.31552
1.22801
1.31585
1.23209
1.31804
1.2311
1.21871
1.31545
1.22331
1.23023
1.32436
1.23104
1.2353
1.31767
1.23373
1.23584
1.22863
1.23482
1.23459
1.32223
1.23188
1.22721
1.22561
1.23144
1.22463
1.23836
1.2227
1.23568
1.23006
1.23859
1.23216
1.23353
1.22587
1.23497
1.22718
1.22898
1.23406
1.22154
1.22576
1.13854
1.223
1.22437
1.14373
1.23251
1.22546
1.14475
1.22587
1.13693
1.22351
1.22592
1.13995
1.23305
1.14969
1.24621
1.14742
1.14199
1.23831
1.14342
1.24306
1.16007
1.14882
1.22961
1.15059
1.14041
1.14696
1.22669
1.13952
1.14226
1.14133
1.14634
1.2331
1.13776
1.14659
1.14941
1.1364
1.15576
1.14288
1.13789
1.13649
1.1407
1.14713
1.14101
1.15728
1.13912
1.1481
1.14289
1.14465
1.14081
1.13415
1.14708
1.14182
1.14252
1.13951
1.14875
1.14954
1.13837
1.14676
1.142
1.1439
1.14236
1.14548
1.14364
1.14601
1.14452
1.14282
1.13866
1.13907
1.13786
1.13962
1.13767
1.14113
1.15809
1.14618
1.1439
1.14278
1.14362
1.14546
1.15389
1.06302
1.1408
1.05275
1.14949
1.05546
1.16921
1.06906
1.14048
1.05256
1.14166
1.04978
1.06267
1.14534
1.0536
1.04395
1.14461
1.05156
1.04928
1.13695
1.04653
1.04529
1.14076
1.0503
1.05741
1.06332
1.04307
1.13326
1.04579
1.04899
1.04676
1.05184
1.04724
1.05501
1.13605
1.05457
1.04745
1.04981
1.04343
1.04827
1.04869
1.0528
1.05513
1.0666
1.05142
1.04313
1.05466
1.04308
1.04324
1.04617
1.04649
1.04766
1.04247
1.04171
1.04172
1.05414
1.04167
1.03961
1.04236
1.04529
1.0438
1.05906
1.0578
1.04069
1.04901
1.0437
1.04454
1.05144
1.04836
1.04887
1.04053
1.04486
1.03965
1.03873
1.04856
1.04809
1.07331
1.05478
1.04827
1.0463
1.04521
1.04931
1.03551
1.04981
1.04367
1.04438
1.04223
1.0435
1.0482
1.0437
1.04691
1.04358
1.04948
1.03683
1.04626
1.04485
1.03655
1.05448
1.0533
1.05645
1.04823
1.0385
1.0462
1.04533
1.04045
1.04917
1.04389
1.05777
1.05376
1.04634
1.04374
1.05233
1.04315
1.03566
1.04102
1.04718
1.04551
1.04585
1.03963
1.0447
1.04547
1.04328
1.05054
1.04197
1.05452
1.04815
1.04538
1.04459
1.0456
1.04265
1.04414
1.0471
1.04671
1.0433
1.04212
1.04637
1.05032
1.043
1.0368
1.04701
1.04037
1.04156
1.04476
1.04306
1.04288
1.03828
1.03833
1.04113
1.04511
1.05369
1.05415
1.04433
1.04208
0.950089
1.04149
0.963763
1.04686
0.9537
1.04182
0.963894
0.958946
0.954087
1.04537
0.951529
0.955759
0.955815
0.954544
1.04011
0.96425
0.958568
0.971876
0.954952
0.954601
0.953856
0.969238
0.955965
1.04944
0.951684
0.960054
0.958617
0.964152
0.953963
0.961902
0.962051
0.963242
0.951362
0.957527
0.952209
0.969758
0.949639
0.951706
0.966673
0.954465
0.957195
0.951795
0.961208
0.967511
0.950518
0.969757
0.961737
0.953128
0.953758
0.951789
0.946015
0.950493
0.947746
0.956433
0.966297
0.957532
0.95522
0.947295
0.944302
0.952163
0.953861
0.969239
0.972831
0.961978
0.946921
0.950486
0.964101
0.970366
0.959033
0.954697
0.948196
0.951785
0.946639
0.952618
0.94864
0.956765
0.964104
0.95278
0.958242
0.945501
0.951071
0.945757
0.945034
0.95397
0.939872
0.950667
0.951493
0.951815
0.94518
0.944925
0.945364
0.945717
0.952048
0.943013
0.945102
0.956159
0.93977
0.943522
0.946463
0.945978
0.944684
0.945553
0.94751
0.94689
0.950773
0.967672
0.962262
0.948757
0.946794
0.940773
0.952626
0.942243
0.952995
0.942406
0.952186
0.960003
0.958158
0.947927
0.946437
0.940661
0.939231
0.946021
0.9483
0.944523
0.950682
0.949099
0.956792
0.961422
0.962536
0.962276
0.958029
0.956331
0.946024
0.946966
0.941947
0.944883
0.946607
0.947586
0.95184
0.941682
0.942801
0.943446
0.938243
0.944279
0.946426
0.947598
0.951556
0.949603
0.949579
0.943903
0.942628
0.945059
0.946364
0.94518
0.94413
0.941401
0.948734
0.961201
0.954651
0.946965
0.945112
0.943829
0.944227
0.947632
0.948489
0.941555
0.941985
0.950546
0.945088
0.953523
0.94561
0.956595
0.963942
0.947008
0.94675
0.94274
0.948834
0.957585
0.942028
0.944583
0.948975
0.961296
0.941703
0.94668
0.946309
0.951054
0.942484
0.948954
0.946367
0.949885
0.945055
0.945958
0.944449
0.94291
0.94859
0.947068
0.942812
0.946627
0.938882
0.950677
0.943328
0.942588
0.941891
0.943533
0.947832
0.94284
0.943661
0.940358
0.942712
0.948033
0.938855
0.960605
0.965157
0.951835
0.941909
0.945353
0.944449
0.944857
0.9478
0.95083
0.945195
0.950007
0.947285
0.955218
0.945202
0.935803
0.94051
0.938927
0.943796
0.938971
0.945869
0.943646
0.936352
0.947834
0.943613
0.948128
0.948984
0.948584
0.960728
0.950537
0.95229
0.942027
0.936787
0.945691
0.941986
0.943481
0.939157
0.936122
0.939456
0.945343
0.939918
0.939669
0.94884
0.943461
0.946952
0.935978
0.941861
0.93925
0.941258
0.937247
0.936678
0.939109
0.939852
0.948106
0.963149
0.950709
0.940609
0.93828
0.941801
0.95342
0.943069
0.940446
0.942289
0.94264
0.935813
0.93968
0.939926
0.935924
0.939594
0.942704
0.936299
0.950371
0.978095
0.946276
0.940069
0.942272
0.949811
0.943947
0.944688
0.938625
0.948147
0.937786
0.94303
0.942496
0.94718
0.946685
0.947551
0.944224
0.950426
0.936021
0.942847
0.940771
0.94326
0.95122
0.961742
0.951594
0.940312
0.945746
0.945277
0.938155
0.940485
0.943699
0.959099
0.945815
0.939748
0.939053
0.939959
0.943579
0.94267
0.942931
0.939899
0.935783
0.943473
0.941503
0.944328
0.942516
0.935895
0.946916
0.945846
0.945089
0.953069
0.96216
0.943201
0.947402
0.938084
0.948033
0.940574
0.954346
0.94522
0.933512
0.937127
0.940075
0.93582
0.934361
0.93584
0.934146
0.941764
0.937879
0.939895
0.945098
0.933931
0.935109
0.945022
0.930783
0.93436
0.936109
0.933039
0.947337
0.935855
0.934896
0.930486
0.936108
0.937741
0.937195
0.944732
0.932196
0.945249
0.9318
0.933111
0.944435
0.928414
0.93263
0.946756
0.930843
0.947996
0.933927
0.940443
0.932823
0.94401
0.928363
0.93111
0.944151
0.940093
0.846026
0.85109
0.852012
0.852653
0.851481
0.851555
0.847979
0.844408
0.850303
0.843453
0.852745
0.855488
0.845276
0.84526
0.847408
0.849448
0.84742
0.854568
0.84444
0.844436
0.844468
0.845956
0.840305
0.854896
0.853551
0.847409
0.845063
0.846462
0.848663
0.845182
0.846009
0.845692
0.84819
0.862345
0.859025
0.851623
0.847305
0.854366
0.85135
0.852431
0.853002
0.845773
0.839536
0.847571
0.844164
0.849945
0.835528
0.837996
0.842758
0.84903
0.845096
0.839018
0.84184
0.849201
0.864623
0.862553
0.858651
0.847807
0.844094
0.850249
0.842902
0.847591
0.847687
0.840825
0.844698
0.848918
0.844435
0.845258
0.841507
0.838103
0.840067
0.841974
0.83954
0.840087
0.843766
0.85326
0.845096
0.847652
0.852226
0.843633
0.84406
0.844556
0.841898
0.836536
0.843578
0.841336
0.842724
0.838123
0.853864
0.84085
0.850937
0.840739
0.853181
0.853504
0.849317
0.842969
0.846992
0.844354
0.842541
0.843625
0.845462
0.840541
0.843579
0.851589
0.836452
0.844023
0.84776
0.841002
0.833958
0.850222
0.839843
0.841186
0.839027
0.838656
0.83829
0.842145
0.847254
0.839086
0.862309
0.846408
0.842645
0.849451
0.841056
0.84717
0.837822
0.836017
0.838268
0.843088
0.839006
0.844302
0.844252
0.84892
0.839356
0.84675
0.84545
0.839892
0.84601
0.845876
0.840985
0.837678
0.842829
0.852966
0.839826
0.846526
0.835876
0.843992
0.84369
0.855289
0.840833
0.850318
0.846499
0.850394
0.844386
0.847254
0.849296
0.844712
0.84494
0.840066
0.841853
0.850751
0.85071
0.844918
0.847205
0.83848
0.851741
0.848952
0.843636
0.838168
0.84736
0.838318
0.840192
0.864672
0.856375
0.84907
0.837765
0.846828
0.833039
0.842259
0.840324
0.834318
0.849801
0.854696
0.857977
0.843352
0.845051
0.835168
0.833153
0.839059
0.838685
0.841094
0.849735
0.837736
0.848811
0.830765
0.8415
0.84744
0.836287
0.836049
0.846004
0.837228
0.841145
0.838883
0.843867
0.840385
0.841033
0.834673
0.832872
0.841776
0.838211
0.834977
0.831481
0.842786
0.834309
0.839899
0.837298
0.842262
0.846963
0.839074
0.8353
0.831619
0.848879
0.840786
0.837779
0.832055
0.837048
0.840425
0.833021
0.831473
0.839687
0.848522
0.845013
0.841921
0.844303
0.835198
0.846821
0.834423
0.830314
0.829063
0.83376
0.831004
0.83271
0.835023
0.83104
0.831055
0.83406
0.829763
0.8311
0.831978
0.831765
0.836921
0.830743
0.830002
0.839303
0.826966
0.837791
0.843481
0.851015
0.855249
0.840894
0.823915
0.835124
0.833848
0.832614
0.855843
0.852353
0.841828
0.83679
0.829445
0.82929
0.832856
0.834921
0.826882
0.835366
0.827302
0.829604
0.835775
0.834782
0.837968
0.825315
0.836617
0.83011
0.84139
0.827409
0.828333
0.831912
0.834909
0.834264
0.827755
0.835023
0.83054
0.836319
0.82743
0.83111
0.835659
0.8321
0.831096
0.840883
0.836426
0.838517
0.83711
0.833855
0.839049
0.828421
0.831269
0.835172
0.822297
0.841444
0.834523
0.826327
0.835235
0.831176
0.830985
0.828714
0.835538
0.833259
0.831006
0.823005
0.831525
0.829638
0.834704
0.835404
0.827432
0.828055
0.830172
0.839669
0.82885
0.836042
0.858098
0.847566
0.829735
0.83238
0.833699
0.832667
0.828776
0.830923
0.835442
0.832863
0.835542
0.836085
0.832491
0.841479
0.835208
0.838081
0.829531
0.833998
0.822976
0.823744
0.828193
0.828983
0.826993
0.840561
0.835716
0.840354
0.834387
0.833033
0.835953
0.836996
0.837522
0.834958
0.834153
0.830021
0.833949
0.823352
0.838228
0.831665
0.833907
0.832889
0.843538
0.837333
0.835163
0.837877
0.832179
0.832904
0.841347
0.827345
0.829314
0.834729
0.82872
0.829614
0.828868
0.830548
0.833747
0.839957
0.82963
0.834551
0.832588
0.834305
0.829814
0.837016
0.832637
0.832038
0.826532
0.834668
0.836759
0.82917
0.829317
0.834494
0.830041
0.836785
0.837127
0.838173
0.829249
0.839567
0.834889
0.834878
0.842477
0.843
0.834062
0.832716
0.833588
0.82745
0.84345
0.833816
0.82744
0.849923
0.833956
0.835663
0.825495
0.835126
0.832501
0.83221
0.833301
0.833794
0.825865
0.835002
0.824644
0.836668
0.840365
0.826308
0.82946
0.827486
0.830316
0.826456
0.834936
0.821429
0.824766
0.817192
0.829741
0.823943
0.817879
0.823502
0.815109
0.813436
0.829562
0.814589
0.826406
0.817851
0.845489
0.841019
0.823064
0.823975
0.822018
0.818525
0.81604
0.816835
0.817894
0.82579
0.821332
0.826291
0.853398
0.839421
0.824497
0.823159
0.824876
0.818704
0.817344
0.826592
0.822273
0.829226
0.826049
0.823894
0.831693
0.830604
0.834467
0.82933
0.824537
0.830147
0.82007
0.818818
0.824615
0.832158
0.822751
0.826449
0.822657
0.825313
0.817745
0.817934
0.823907
0.821455
0.827653
0.826118
0.824271
0.834651
0.820989
0.828468
0.819428
0.828968
0.819123
0.821663
0.826917
0.817348
0.832451
0.834511
0.830122
0.820003
0.824597
0.822011
0.82829
0.823196
0.824974
0.825807
0.818342
0.824762
0.819344
0.825543
0.812147
0.821387
0.826206
0.818166
0.817934
0.819181
0.814761
0.82175
0.821597
0.836353
0.831571
0.820559
0.82256
0.814546
0.815711
0.821075
0.826464
0.824397
0.822954
0.824938
0.823896
0.822711
0.822832
0.8227
0.820545
0.819614
0.823351
0.839792
0.836077
0.829566
0.826246
0.825813
0.825491
0.820732
0.829222
0.821495
0.822389
0.819117
0.820992
0.839491
0.822498
0.829848
0.821843
0.820114
0.821177
0.829699
0.828692
0.823305
0.824469
0.821748
0.822936
0.824043
0.82884
0.819526
0.823668
0.818856
0.828612
0.830528
0.829464
0.82501
0.828565
0.819125
0.822658
0.823749
0.826615
0.82695
0.816344
0.818321
0.827625
0.822533
0.815408
0.820833
0.823321
0.827213
0.823147
0.818472
0.828754
0.817517
0.819961
0.824872
0.815617
0.824379
0.820539
0.821676
0.820398
0.817532
0.827936
0.820359
0.837531
0.830511
0.822082
0.833794
0.820379
0.820045
0.814215
0.818611
0.820363
0.814174
0.818012
0.817834
0.819454
0.814402
0.823063
0.819428
0.819899
0.817534
0.827592
0.815595
0.821158
0.817766
0.822395
0.823697
0.817968
0.817104
0.821816
0.808454
0.817636
0.818065
0.820409
0.820364
0.810553
0.811072
0.812218
0.815161
0.823021
0.822042
0.814189
0.807127
0.813359
0.815616
0.810944
0.809739
0.8205
0.814085
0.818659
0.811361
0.810395
0.807871
0.813196
0.821471
0.807234
0.81665
0.811636
0.815031
0.818472
0.813346
0.814966
0.818489
0.811895
0.805774
0.826813
0.823562
0.81533
0.808669
0.820474
0.81376
0.818781
0.808952
0.824479
0.832043
0.826748
0.810795
0.816437
0.812472
0.811621
0.811714
0.821243
0.809172
0.822477
0.820487
0.811019
0.812039
0.806907
0.811396
0.814952
0.808463
0.818365
0.814178
0.816087
0.804171
0.803214
0.805178
0.813132
0.811974
0.80852
0.807813
0.810006
0.81628
0.806823
0.816445
0.811959
0.808914
0.816157
0.814429
0.806736
0.809412
0.812914
0.81465
0.802808
0.803287
0.807217
0.803312
0.814161
0.809316
0.813985
0.806497
0.812604
0.808025
0.811234
0.813441
0.825843
0.825299
0.800978
0.814566
0.80764
0.799808
0.803774
0.814749
0.806655
0.808262
0.812626
0.81107
0.806308
0.827015
0.817897
0.827568
0.812042
0.813229
0.809337
0.809623
0.809153
0.809954
0.804739
0.808949
0.816694
0.808468
0.81036
0.815421
0.799319
0.80423
0.816872
0.81253
0.810249
0.81321
0.806608
0.812537
0.806603
0.799299
0.803166
0.807572
0.800745
0.806005
0.796517
0.81967
0.811541
0.804698
0.806606
0.809381
0.799569
0.79763
0.802748
0.807158
0.799467
0.804358
0.796265
0.799422
0.79843
0.798361
0.803871
0.805985
0.802496
0.809221
0.798977
0.800979
0.809695
0.801694
0.805245
0.810983
0.798919
0.805977
0.806088
0.810001
0.820026
0.804202
0.802338
0.810693
0.803089
0.813541
0.800959
0.798764
0.801938
0.803849
0.798288
0.797072
0.796596
0.807366
0.800137
0.792267
0.79573
0.801893
0.797472
0.797006
0.794872
0.821684
0.802481
0.804338
0.804348
0.799943
0.800744
0.806571
0.816176
0.795956
0.797572
0.802963
0.804406
0.806826
0.803191
0.807601
0.804011
0.804508
0.799787
0.80696
0.806292
0.798935
0.80814
0.804129
0.79414
0.805929
0.796259
0.802413
0.801174
0.804698
0.812644
0.801036
0.805835
0.799944
0.812564
0.802581
0.808398
0.799692
0.809317
0.800506
0.807503
0.796097
0.808389
0.800683
0.804782
0.806166
0.805295
0.80913
0.800596
0.802315
0.812351
0.802101
0.809283
0.796222
0.80587
0.805931
0.803578
0.80813
0.808469
0.812013
0.802296
0.79884
0.799246
0.801964
0.799925
0.806455
0.804598
0.812749
0.807345
0.810611
0.795257
0.805602
0.797842
0.79953
0.80028
0.799683
0.803367
0.808909
0.808608
0.807198
0.804338
0.803096
0.799766
0.803325
0.802897
0.797622
0.809117
0.803111
0.802805
0.798344
0.806881
0.796752
0.807277
0.803256
0.804007
0.798995
0.791994
0.812678
0.791473
0.792085
0.800089
0.798404
0.812957
0.793559
0.804999
0.797888
0.798118
0.797424
0.801909
0.792052
0.798381
0.797296
0.792046
0.796275
0.794297
0.795794
0.793989
0.803693
0.80118
0.796361
0.800051
0.809235
0.80133
0.794288
0.797019
0.796781
0.797473
0.800689
0.799112
0.80913
0.810034
0.793377
0.803337
0.797854
0.792997
0.795395
0.790226
0.802392
0.799701
0.798991
0.803707
0.814241
0.809201
0.80838
0.796042
0.796592
0.786837
0.792348
0.791845
0.790109
0.789964
0.787113
0.78905
0.791534
0.803448
0.793166
0.800992
0.790939
0.800031
0.788435
0.790638
0.786776
0.792556
0.805387
0.78786
0.787366
0.794242
0.797935
0.788921
0.789376
0.787096
0.791034
0.794706
0.794959
0.790804
0.792332
0.801094
0.79696
0.796722
0.789206
0.803443
0.786764
0.806691
0.801542
0.788656
0.790783
0.804602
0.78646
0.797235
0.796307
0.799307
0.807552
0.804201
0.789765
0.796112
0.793901
0.800749
0.790768
0.793019
0.789461
0.795266
0.793437
0.79606
0.7944
0.789851
0.788104
0.797198
0.786739
0.808228
0.79747
0.798883
0.78799
0.791807
0.787906
0.789898
0.793823
0.788451
0.793712
0.785467
0.793936
0.812615
0.797689
0.795825
0.797087
0.79732
0.789164
0.807439
0.800768
0.788081
0.791122
0.788634
0.789531
0.792219
0.792483
0.797938
0.786223
0.79843
0.79034
0.795834
0.780382
0.785366
0.785644
0.787877
0.782822
0.796335
0.779911
0.792497
0.780729
0.798271
0.792541
0.790899
0.781844
0.790094
0.789709
0.792228
0.794038
0.787479
0.781839
0.776933
0.796192
0.787432
0.777398
0.785699
0.791917
0.78746
0.796194
0.78324
0.791447
0.792103
0.793085
0.791198
0.783336
0.782187
0.790661
0.781028
0.783914
0.788694
0.795734
0.786109
0.793266
