3.69317
2.67367
2.01591
1.50878
1.1472
0.894664
0.717269
0.590088
0.495992
0.42407
0.367697
0.322482
0.285659
0.254623
0.228704
0.206545
0.187377
0.170641
0.155917
0.142881
0.13127
-0.121039
-0.119107
-0.117242
-0.115442
-0.113701
-0.112017
-0.110425
-0.108883
-0.107384
-0.105925
-0.104507
-0.103126
-0.101782
-0.100474
-0.0992004
-0.0979602
-0.0967523
-0.0955758
-0.0944297
-0.093313
-0.092225
-0.0911647
-0.0901312
-0.089124
-0.088142
-0.0871848
-0.0862514
-0.0853413
-0.0844538
-0.0835882
-0.082744
-0.0819205
-0.0811172
-0.0803334
-0.0795687
-0.0788226
-0.0780945
-0.0773839
-0.0766904
-0.0760135
-0.0753527
-0.0747077
-0.0740779
-0.0734631
-0.0728627
-0.0722764
-0.0717039
-0.0711447
-0.0705986
-0.0700652
-0.069544
-0.069035
-0.0685376
-0.0680516
-0.0675768
-0.0671128
-0.0666593
-0.0662161
-0.065783
-0.0653595
-0.0649456
-0.064541
-0.0641454
-0.0637585
-0.0633803
-0.0630104
-0.0626487
-0.0622949
-0.0619488
-0.0616103
-0.0612792
-0.0609552
-0.0606382
-0.0603281
-0.0600245
-0.0597275
-0.0594368
-0.0591522
-0.0588737
-0.058601
-0.0583341
-0.0580727
-0.0578167
-0.0575661
-0.0573206
-0.0570802
-0.0568446
-0.0566139
-0.0563879
-0.0561664
-0.0559494
-0.0557367
-0.0555282
-0.0553239
-0.0551236
-0.0549273
-0.0547348
-0.054546
-0.0543609
-0.0541793
-0.0540013
-0.0538266
-0.0536552
-0.053487
-0.053322
-0.0531601
-0.0530012
-0.0528451
-0.052692
-0.0525416
-0.0523939
-0.0522489
-0.0521065
-0.0519666
-0.0518292
-0.0516941
-0.0515614
-0.051431
-0.0513029
-0.0511769
-0.051053
-0.0509312
-0.0508114
-0.0506936
-0.0505777
-0.0504637
-0.0503515
-0.0502412
-0.0501325
-0.0500256
-0.0499203
-0.0498167
-0.0497146
-0.0496141
-0.0495151
-0.0494175
-0.0493214
-0.0492267
-0.0491333
-0.0490413
-0.0489505
-0.0488611
-0.0487728
-0.0486858
-0.0486
-0.0485153
-0.0484317
-0.0483492
-0.0482677
-0.0481873
-0.048108
-0.0480296
-0.0479521
-0.0478756
-0.0478
-0.0477254
-0.0476518
-0.0475792
-0.0475074
-0.0474364
-0.0473662
-0.0472968
-0.0472305
-0.0471667
-0.0471054
-0.0470466
-0.0469908
-0.0469374
-0.0468863
-0.0468379
-0.0467916
-0.0467477
-0.0467057
-0.0466655
-0.0466274
-0.046591
-0.0465564
-0.0465237
-0.0464924
-0.0464629
-0.0464348
-0.0464078
-0.046382
-0.0463572
-0.0463322
-0.0463069
-0.0462813
-0.0462555
-0.0462295
-0.0462035
-0.0461773
-0.0461508
-0.0461241
-0.0460972
-0.0460701
-0.0460427
-0.0460152
-0.0459875
-0.0459595
-0.0459314
-0.0459031
-0.0458748
-0.0458464
-0.0458177
-0.0457889
-0.0457599
-0.0457308
-0.0457015
-0.045672
-0.0456423
-0.0456125
-0.0455825
-0.0455524
-0.0455221
-0.0454916
-0.045461
-0.0454303
-0.0453994
-0.0453684
-0.0453372
-0.0453058
-0.0452744
-0.0452428
-0.045211
-0.0451792
-0.0451471
-0.045115
-0.0450827
-0.0450505
-0.0450181
-0.0449856
-0.0449529
-0.0449202
-0.0448873
-0.0448543
-0.0448212
-0.0447879
-0.0447546
-0.0447211
-0.0446875
-0.0446537
-0.04462
-0.0445861
-0.0445521
-0.044518
-0.0444838
-0.0444495
-0.0444152
-0.0443808
-0.0443463
-0.044312
-0.0442776
-0.0442434
-0.0442092
-0.0441751
-0.044141
-0.044107
-0.0440731
-0.0440393
-0.0440055
-0.0439717
-0.0439381
-0.0439045
-0.0438709
-0.0438374
-0.043804
-0.0437705
-0.0437371
-0.0437036
-0.0436702
-0.0436367
-0.0436032
-0.0435697
-0.0435361
-0.0435025
-0.0434688
-0.043435
-0.0434011
-0.0433672
-0.0433331
-0.0432989
-0.0432646
-0.0432301
-0.0431955
-0.0431608
-0.0431273
-0.0430938
-0.0430601
-0.0430262
-0.0429921
-0.0429578
-0.0429232
-0.0428884
-0.0428534
-0.0428182
-0.0427828
-0.0427472
-0.0427114
-0.0426753
-0.0426391
-0.0426027
-0.042566
-0.0425292
-0.0424921
-0.0424549
-0.0424174
-0.0423797
-0.0423418
-0.0423036
-0.0422652
-0.0422267
-0.0421879
-0.0421489
-0.0421097
-0.0420703
-0.0420307
-0.0419909
-0.0419508
-0.0419105
-0.0418701
-0.0418294
-0.0417886
-0.0417475
-0.0417062
-0.0416646
-0.0416229
-0.041581
-0.0415389
-0.0414965
-0.041454
-0.0414113
-0.0413683
-0.0413251
-0.0412818
-0.0412382
-0.0411944
-0.0411505
-0.0411063
-0.0410619
-0.0410174
-0.0409726
-0.0409276
-0.0408824
-0.0408371
-0.0407915
-0.0407457
-0.0406997
-0.0406535
-0.0406069
-0.0405603
-0.0405134
-0.0404664
-0.0404192
-0.0403718
-0.0403241
-0.0402763
-0.0402283
-0.0401802
-0.0401318
-0.0400832
-0.0400343
-0.0399853
-0.0399361
-0.0398867
-0.0398371
-0.0397873
-0.0397373
-0.0396872
-0.0396369
-0.0395864
-0.0395358
-0.0394849
-0.0394338
-0.0393825
-0.039331
-0.0392793
-0.0392275
-0.0391754
-0.0391232
-0.0390708
-0.0390182
-0.0389654
-0.0389124
-0.0388591
-0.0388058
-0.0387523
-0.0386985
-0.0386446
-0.0385905
-0.0385362
-0.0384817
-0.0384271
-0.0383723
-0.0383174
-0.0382623
-0.038207
-0.0381515
-0.0380959
-0.03804
-0.037984
-0.0379278
-0.0378714
-0.0378149
-0.0377581
-0.0377012
-0.0376442
-0.0375871
-0.0375297
-0.0374722
-0.0374146
-0.0373567
-0.0372987
-0.0372405
-0.0371821
-0.0371235
-0.0370648
-0.0370059
-0.0369468
-0.0368876
-0.0368282
-0.0367686
-0.0367089
-0.0366491
-0.0365891
-0.036529
-0.0364688
-0.0364085
-0.036348
-0.0362873
-0.0362265
-0.0361655
-0.0361043
-0.036043
-0.0359815
-0.0359199
-0.0358581
-0.0357962
-0.0357341
-0.0356719
-0.0356097
-0.0355473
-0.0354847
-0.035422
-0.0353595
-0.0352983
-0.0352369
-0.0351753
-0.0351136
-0.0350517
-0.0349897
-0.0349277
-0.0348655
-0.034803
-0.0347406
-0.0346779
-0.034615
-0.034552
-0.0344888
-0.0344257
-0.0343623
-0.0342987
-0.0342352
-0.0341714
-0.0341074
-0.0340433
-0.033979
-0.0339147
-0.0338502
-0.0337858
-0.0337211
-0.0336562
-0.0335913
-0.0335262
-0.0334609
-0.0333955
-0.03333
-0.0332644
-0.0331986
-0.0331329
-0.033067
-0.0330008
-0.0329347
-0.0328684
-0.0328018
-0.0327352
-0.0326685
-0.0326017
-0.0325348
-0.0324678
-0.0324008
-0.0323334
-0.0322661
-0.0321985
-0.0321311
-0.0320634
-0.0319956
-0.0319276
-0.0318596
-0.0317916
-0.0317234
-0.031655
-0.0315866
-0.031518
-0.0314494
-0.0313807
-0.0313119
-0.0312431
-0.031174
-0.031105
-0.0310358
-0.0309664
-0.030897
-0.0308276
-0.030758
-0.0306885
-0.0306187
-0.0305488
-0.0304791
-0.030409
-0.030339
-0.0302688
-0.0301984
-0.0301282
-0.0300579
-0.0299874
-0.0299169
-0.0298464
-0.0297756
-0.0297048
-0.0296339
-0.029563
-0.029492
-0.0294211
-0.02935
-0.0292788
-0.0292076
-0.0291363
-0.0290649
-0.0289934
-0.0289219
-0.0288503
-0.0287787
-0.0287071
-0.0286355
-0.0285636
-0.0284919
-0.02842
-0.028348
-0.028276
-0.0282039
-0.0281319
-0.0280598
-0.0279876
-0.0279154
-0.027843
-0.0277708
-0.0276985
-0.0276261
-0.0275537
-0.0274811
-0.0274087
-0.0273363
-0.0272636
-0.0271911
-0.0271185
-0.0270458
-0.0269731
-0.0269002
-0.0268276
-0.0267549
-0.026682
-0.0266093
-0.0265365
-0.0264636
-0.0263907
-0.0263177
-0.0262448
-0.026172
-0.026099
-0.0260261
-0.0259532
-0.0258802
-0.0258072
-0.0257341
-0.0256613
-0.0255881
-0.0255152
-0.0254422
-0.0253692
-0.0252961
-0.0252231
-0.0251502
-0.0250771
-0.0250041
-0.0249312
-0.0248581
-0.0247851
-0.0247121
-0.0246393
-0.0245664
-0.0244932
-0.0244203
-0.0243475
-0.0242747
-0.0242018
-0.0241289
-0.0240559
-0.0239831
-0.0239104
-0.0238378
-0.0237649
-0.0236922
-0.0236194
-0.0235467
-0.0234742
-0.0234017
-0.023329
-0.0232565
-0.0231838
-0.0231114
-0.0230391
-0.0229668
-0.0228943
-0.022822
-0.0227498
-0.0226774
-0.0226053
-0.0225332
-0.022461
-0.0223889
-0.022317
-0.022245
-0.0221731
-0.0221013
-0.0220294
-0.0219579
-0.0218862
-0.0218143
-0.0217427
-0.0216713
-0.0215999
-0.0215284
-0.0214571
-0.0213859
-0.0213148
-0.0212435
-0.0211724
-0.0211013
-0.0210305
-0.0209596
-0.0208888
-0.020818
-0.0207473
-0.0206768
-0.0206064
-0.0205359
-0.0204655
-0.0203953
-0.0203249
-0.020255
-0.020185
-0.0201148
-0.0200451
-0.0199752
-0.0199056
-0.0198358
-0.0197664
-0.019697
-0.0196276
-0.0195582
-0.019489
-0.01942
-0.0193511
-0.0192823
-0.0192134
-0.0191447
-0.0190761
-0.0190075
-0.018939
-0.0188708
-0.0188027
-0.0187345
-0.0186664
-0.0185986
-0.0185309
-0.018463
-0.0183956
-0.0183281
-0.0182605
-0.0181934
-0.0181262
-0.0180591
-0.0179922
-0.0179255
-0.0178587
-0.017792
-0.0177256
-0.0176591
-0.017593
-0.0175268
-0.0174608
-0.017395
-0.0173291
-0.0172633
-0.0171978
-0.0171325
-0.0170671
-0.0170021
-0.016937
-0.0168721
-0.0168071
-0.0167426
-0.016678
-0.0166135
-0.0165493
-0.016485
-0.0164211
-0.0163572
-0.0162934
-0.0162298
-0.0161661
-0.0161029
-0.0160396
-0.0159765
-0.0159133
-0.0158506
-0.0157879
-0.0157253
-0.0156629
-0.0156007
-0.0155383
-0.0154765
-0.0154145
-0.0153528
-0.0152912
-0.0152296
-0.0151682
-0.0151072
-0.0150462
-0.0149851
-0.0149245
-0.0148638
-0.0148033
-0.014743
-0.0146829
-0.014623
-0.0145629
-0.0145033
-0.0144437
-0.0143843
-0.0143248
-0.0142657
-0.0142066
-0.014148
-0.0140893
-0.0140308
-0.0139721
-0.013914
-0.0138559
-0.0137979
-0.0137401
-0.0136825
-0.0136252
-0.0135677
-0.0135106
-0.0134535
-0.0133966
-0.0133399
-0.0132834
-0.0132269
-0.0131705
-0.0131146
-0.0130587
-0.013003
-0.0129471
-0.0128918
-0.0128363
-0.0127814
-0.0127263
-0.0126715
-0.0126168
-0.0125621
-0.0125079
-0.0124536
-0.0123995
-0.0123456
-0.0122919
-0.0122384
-0.0121851
-0.0121317
-0.0120785
-0.0120258
-0.011973
-0.0119204
-0.0118677
-0.0118155
-0.0117633
-0.0117115
-0.0116597
-0.011608
-0.0115565
-0.0115053
-0.0114539
-0.011403
-0.0113521
-0.0113016
-0.011251
-0.0112006
-0.0111505
-0.0111002
-0.0110505
-0.0110006
-0.0109513
-0.0109019
-0.0108526
-0.0108035
-0.0107547
-0.010706
-0.0106573
-0.010609
-0.0105607
-0.0105125
-0.0104646
-0.0104168
-0.0103693
-0.0103219
-0.0102747
-0.0102274
-0.0101806
-0.0101337
-0.0100871
-0.0100406
-0.00999426
-0.00994814
-0.00990227
-0.00985626
-0.00981073
-0.00976517
-0.00971978
-0.00967449
-0.00962978
-0.00958472
-0.00954003
-0.00949552
-0.00945128
-0.00940689
-0.00936298
-0.00931902
-0.00927523
-0.00923162
-0.0091882
-0.00914496
-0.0091019
-0.00905908
-0.00901611
-0.00897362
-0.00893109
-0.00888864
-0.00884668
-0.00880468
-0.00876283
-0.00872124
-0.0086795
-0.00863816
-0.0085971
-0.00855591
-0.00851518
-0.0084744
-0.00843377
-0.00839332
-0.00835305
-0.00831295
-0.00827302
-0.00823325
-0.00819373
-0.00815405
-0.00811484
-0.0080755
-0.00803663
-0.00799772
-0.00795895
-0.00792036
-0.00788193
-0.00784367
-0.00780558
-0.00776775
-0.00772975
-0.00769212
-0.00765476
-0.00761734
-0.00757998
-0.00754309
-0.00750616
-0.00746937
-0.00743274
-0.00739628
-0.00735997
-0.00732393
-0.00728772
-0.00725188
-0.00721631
-0.00718068
-0.00714509
-0.00710998
-0.00707482
-0.0070398
-0.00700494
-0.00697024
-0.00693569
-0.0069013
-0.00686705
-0.00683296
-0.00679911
-0.00676508
-0.00673151
-0.00669779
-0.00666454
-0.00663123
-0.00659807
-0.00656495
-0.00653231
-0.0064996
-0.00646703
-0.0064346
-0.00640231
-0.00637017
-0.00633828
-0.00630621
-0.0062745
-0.00624305
-0.00621143
-0.00618026
-0.00614903
-0.00611793
-0.00608688
-0.00605629
-0.00602564
-0.00599512
-0.00596474
-0.00593449
-0.00590439
-0.00587442
-0.00584459
-0.0058149
-0.00578534
-0.00575591
-0.00572672
-0.00569745
-0.0056682
-0.00563941
-0.00561056
-0.00558175
-0.00555339
-0.00552497
-0.00549667
-0.00546849
-0.00544045
-0.00541255
-0.00538478
-0.00535714
-0.00532963
-0.00530224
-0.00527498
-0.00524785
-0.00522084
-0.00519395
-0.00516719
-0.00514054
-0.00511402
-0.00508772
-0.00506134
-0.00503498
-0.00500906
-0.00498308
-0.00495722
-0.0049315
-0.00490591
-0.00488045
-0.00485512
-0.00482991
-0.00480482
-0.00477985
-0.004755
-0.00473026
-0.00470564
-0.00468114
-0.00465675
-0.00463247
-0.0046083
-0.00458425
-0.00456032
-0.00453649
-0.00451278
-0.00448918
-0.00446568
-0.00444231
-0.00441904
-0.00439588
-0.00437292
-0.00434989
-0.00432698
-0.00430418
-0.00428151
-0.00425896
-0.00423654
-0.00421424
-0.00419205
-0.00416998
-0.00414801
-0.00412615
-0.0041044
-0.00408275
-0.0040612
-0.00403976
-0.00401842
-0.00399718
-0.00397604
-0.00395501
-0.00393408
-0.00391325
-0.00389252
-0.00387189
-0.00385136
-0.00383093
-0.0038106
-0.00379037
-0.00377024
-0.00375021
-0.00373027
-0.00371043
-0.00369069
-0.00367105
-0.0036515
-0.00363205
-0.00361269
-0.00359343
-0.00357426
-0.00355519
-0.0035363
-0.00351762
-0.00349866
-0.00347971
-0.00346105
-0.0034425
-0.00342405
-0.00340571
-0.00338746
-0.00336932
-0.00335126
-0.0033333
-0.00331543
-0.00329765
-0.00327995
-0.00326234
-0.00324483
-0.00322739
-0.00321005
-0.00319279
-0.00317562
-0.00315853
-0.00314154
-0.00312462
-0.00310779
-0.00309105
-0.00307439
-0.00305781
-0.00304132
-0.00302491
-0.00300859
-0.00299234
-0.00297618
-0.0029601
-0.0029441
-0.00292819
-0.00291235
-0.0028966
-0.00288092
-0.00286532
-0.00284981
-0.00283437
-0.00281901
-0.00280373
-0.00278853
-0.0027734
-0.00275835
-0.00274338
-0.00272849
-0.00271367
-0.00269893
-0.00268426
-0.00266967
-0.00265561
-0.00264164
-0.00262716
-0.00261267
-0.00259826
-0.00258393
-0.00256968
-0.00255552
-0.00254146
-0.0025276
-0.00251382
-0.0025001
-0.00248646
-0.0024729
-0.0024594
-0.00244597
-0.00243261
-0.00241932
-0.0024061
-0.00239294
-0.00237986
-0.00236684
-0.00235389
-0.00234101
-0.0023282
-0.00231545
-0.00230277
-0.00229015
-0.0022776
-0.00226512
-0.0022527
-0.00224035
-0.00222806
-0.00221583
-0.00220367
-0.00219157
-0.00217954
-0.00216757
-0.00215566
-0.00214382
-0.00213203
-0.00212031
-0.00210865
-0.00209706
-0.00208552
-0.00207404
-0.00206263
-0.00205127
-0.00203997
-0.00202874
-0.00201756
-0.00200644
-0.00199538
-0.00198438
-0.00197344
-0.00196255
-0.00195173
-0.00194096
-0.00193024
-0.00191959
-0.00190899
-0.00189844
-0.00188795
-0.00187752
-0.00186714
-0.00185682
-0.00184656
-0.00183634
-0.00182618
-0.00181608
-0.00180603
-0.00179603
-0.00178609
-0.0017762
-0.00176728
-0.00175652
-0.0017477
-0.00173836
-0.00172866
-0.00171896
-0.00170931
-0.00169972
-0.00169018
-0.0016807
-0.00167128
-0.00166191
-0.0016526
-0.00164333
-0.00163412
-0.00162496
-0.00161585
-0.00160681
-0.00159788
-0.001589
-0.00158017
-0.00157138
-0.00156265
-0.00155395
-0.00154531
-0.00153671
-0.00152816
-0.00151966
-0.0015112
-0.00150278
-0.00149441
-0.00148609
-0.00147781
-0.00146958
-0.00146139
-0.00145325
-0.00144514
-0.00143709
-0.00142908
-0.00142111
-0.00141318
-0.0014053
-0.00139745
-0.00138966
-0.0013819
-0.00137419
-0.00136651
-0.00135888
-0.00135129
-0.00134375
-0.00133624
-0.00132877
-0.00132135
-0.00131396
-0.00130662
-0.00129931
-0.00129205
-0.00128482
-0.00127764
-0.00127049
-0.00126338
-0.00125631
-0.00124928
-0.00124229
-0.00123533
-0.00122842
-0.00122154
-0.0012147
-0.00120789
-0.00120112
-0.00119439
-0.0011877
-0.00118104
-0.00117442
-0.00116784
-0.00116129
-0.00115478
-0.0011483
-0.00114186
-0.00113546
-0.00112908
-0.00112275
-0.00111645
-0.00111018
-0.00110395
-0.00109775
-0.00109159
-0.00108546
-0.00107936
-0.0010733
-0.00106727
-0.00106127
-0.00105531
-0.00104938
-0.00104348
-0.00103761
-0.00103178
-0.00102598
-0.00102021
-0.00101543
-0.00100872
-0.00100401
-0.000997378
-0.000992681
-0.000987367
-0.000981788
-0.000976202
-0.000970646
-0.000965122
-0.000959631
-0.000954172
-0.000948745
-0.000943351
-0.000937987
-0.000932656
-0.000927354
-0.000922083
-0.000916842
-0.000911631
-0.000906449
-0.000901296
-0.000896172
-0.000891077
-0.000886011
-0.000880974
-0.000875965
-0.000870984
-0.000866032
-0.000861108
-0.000856235
-0.000851404
-0.000846599
-0.000841822
-0.000837071
-0.000832346
-0.000827648
-0.000822975
-0.000818329
-0.000813708
-0.000809113
-0.000804544
-0.0008
-0.000795481
-0.000790987
-0.000786519
-0.000782075
-0.000777656
-0.000773262
-0.000768892
-0.000764546
-0.000760225
-0.000755927
-0.000751654
-0.000747404
-0.000743178
-0.000738975
-0.000734796
-0.00073064
-0.000726508
-0.000722398
-0.000718311
-0.000714247
-0.000710206
-0.000706187
-0.00070219
-0.000698216
-0.000694264
-0.000690334
-0.000686426
-0.00068254
-0.000678676
-0.000674833
-0.000671011
-0.000667211
-0.000663432
-0.000659674
-0.000655938
-0.000652222
-0.000648526
-0.000644852
-0.000641198
-0.000637564
-0.000633951
-0.000630358
-0.000626785
-0.000623232
-0.000619699
-0.000616185
-0.000612692
-0.000609218
-0.000605763
-0.000602328
-0.000598911
-0.000595514
-0.000592136
-0.000588777
-0.000585437
-0.000582116
-0.000578813
-0.000575528
-0.000572262
-0.000569014
-0.000565785
-0.000562574
-0.00055938
-0.000556205
-0.000553047
-0.000549907
-0.000546785
-0.00054368
-0.000540592
-0.000537522
-0.000534469
-0.000531434
-0.000528415
-0.000525413
-0.000522428
-0.00051946
-0.000516509
-0.000513574
-0.000510655
-0.000507753
-0.000504868
-0.000501998
-0.000499879
-0.000496278
-0.000494208
-0.000490639
-0.000488574
-0.000485067
-0.000483006
-0.000479559
-0.000477504
-0.000474117
-0.000472066
-0.000468738
-0.000466692
-0.00046424
-0.000460773
-0.000458728
-0.00045632
-0.00045373
-0.000451126
-0.000448535
-0.000445959
-0.000443399
-0.000440853
-0.000438322
-0.000435806
-0.000433304
-0.000430818
-0.000428346
-0.000425888
-0.000423445
-0.000421016
-0.000418601
-0.000416199
-0.000413812
-0.000411438
-0.000409078
-0.000406731
-0.000404397
-0.000402077
-0.00039977
-0.000397477
-0.000395196
-0.000392929
-0.000390675
-0.000388433
-0.000386204
-0.000383989
-0.000381786
-0.000379595
-0.000377418
-0.000375252
-0.0003731
-0.000370959
-0.000368831
-0.000366716
-0.000364621
-0.000362543
-0.000360477
-0.000358422
-0.000356379
-0.000354348
-0.000352328
-0.000350319
-0.000348322
-0.000346336
-0.000344362
-0.000342399
-0.000340446
-0.000338505
-0.000336575
-0.000334656
-0.000332748
-0.00033085
-0.000328963
-0.000327087
-0.000325222
-0.000323367
-0.000321522
-0.000319688
-0.000317865
-0.000316051
-0.000314248
-0.000312456
-0.000310673
-0.0003089
-0.000307138
-0.000305385
-0.000303643
-0.00030191
-0.000300187
-0.000298474
-0.000296771
-0.000295077
-0.000293393
-0.000291718
-0.000290053
-0.000288398
-0.000286751
-0.000285114
-0.000283487
-0.000281868
-0.000280259
-0.000278659
-0.000277068
-0.000275486
-0.000273913
-0.000272349
-0.000270794
-0.000269248
-0.00026771
-0.000266181
-0.000264661
-0.00026315
-0.000261647
-0.000260152
-0.000258666
-0.000257189
-0.00025572
-0.000254259
-0.000252806
-0.000251362
-0.000249926
-0.000248498
-0.000247079
-0.000245667
-0.000244263
-0.000242868
-0.00024148
-0.0002401
-0.000238728
-0.000237364
-0.000236007
-0.000234659
-0.000233317
-0.000231984
-0.000230658
-0.00022934
-0.000228029
-0.000226726
-0.00022543
-0.000224141
-0.00022286
-0.000221586
-0.000220319
-0.000219059
-0.000217807
-0.000216562
-0.000215323
-0.000214092
-0.000212868
-0.000211651
-0.000210441
-0.000209237
-0.000208041
-0.000206851
-0.000205668
-0.000204492
-0.000203322
-0.00020216
-0.000201004
-0.000199854
-0.000198711
-0.000197575
-0.000196444
-0.000195321
-0.000194203
-0.000193092
-0.000191987
-0.000190889
-0.000189797
-0.000188711
-0.000187631
-0.000186557
-0.00018549
-0.000184428
-0.000183373
-0.000182326
-0.000182745
-0.000180546
-0.000179213
-0.000179636
-0.000177459
-0.000176151
-0.000176558
-0.00017414
-0.000174671
-0.000172151
-0.000172672
-0.000170185
-0.00017069
-0.000168241
-0.000168731
-0.00016632
-0.000166794
-0.000164421
-0.00016488
-0.000162544
-0.000162989
-0.000160689
-0.000161119
-0.000158854
-0.000159271
-0.000157041
-0.000157443
-0.000155248
-0.000155637
-0.000153475
-0.000153851
-0.000151723
-0.000152086
-0.000149991
-0.00014936
-0.00014962
-0.000147428
-0.000146799
-0.000147046
-0.000144908
-0.000144279
-0.000144517
-0.000142432
-0.000141803
-0.000141068
-0.00014129
-0.000139195
-0.000138567
-0.00013785
-0.00013714
-0.000136363
-0.000135578
-0.000134795
-0.000134018
-0.000133245
-0.000132476
-0.000131711
-0.000130952
-0.000130196
-0.000129445
-0.000128698
-0.000127956
-0.000127218
-0.000126485
-0.000125755
-0.00012503
-0.000124309
-0.000123593
-0.00012288
-0.000122172
-0.000121467
-0.000120767
-0.000120071
-0.000119379
-0.00011869
-0.000118006
-0.000117326
-0.000116649
-0.000115976
-0.000115308
-0.000114643
-0.000113982
-0.000113325
-0.000112671
-0.000112021
-0.000111376
-0.000110733
-0.000110095
-0.00010946
-0.000108829
-0.000108201
-0.000107577
-0.000106957
-0.00010634
-0.000105727
-0.000105118
-0.000104512
-0.000103909
-0.00010331
-0.000102714
-0.000102122
-0.000101533
-0.000100947
-0.000100365
-9.97867e-05
-9.92113e-05
-9.86392e-05
-9.80705e-05
-9.7505e-05
-9.69428e-05
-9.63838e-05
-9.5828e-05
-9.52755e-05
-9.47261e-05
-9.41799e-05
-9.36369e-05
-9.3097e-05
-9.25621e-05
-9.20315e-05
-9.15038e-05
-9.09792e-05
-9.04576e-05
-8.9939e-05
-8.94233e-05
-8.89106e-05
-8.84009e-05
-8.7894e-05
-8.739e-05
-8.6889e-05
-8.63908e-05
-8.58954e-05
-8.54029e-05
-8.49132e-05
-8.44263e-05
-8.39422e-05
-8.34608e-05
-8.29823e-05
-8.25064e-05
-8.20333e-05
-8.15629e-05
-8.10951e-05
-8.06301e-05
-8.01677e-05
-7.9708e-05
-7.92509e-05
-7.87964e-05
-7.83445e-05
-7.78952e-05
-7.74484e-05
-7.70042e-05
-7.65626e-05
-7.61235e-05
-7.56869e-05
-7.52528e-05
-7.48215e-05
-7.43918e-05
-7.39648e-05
-7.35404e-05
-7.31186e-05
-7.26993e-05
-7.22824e-05
-7.18678e-05
-7.14556e-05
-7.10457e-05
-7.06382e-05
-7.02329e-05
-6.983e-05
-6.94293e-05
-6.9031e-05
-6.86349e-05
-6.82411e-05
-6.78496e-05
-6.74603e-05
-6.70733e-05
-6.66885e-05
-6.63059e-05
-6.59255e-05
-6.55473e-05
-6.51713e-05
-6.47974e-05
-6.44257e-05
-6.40562e-05
-6.36887e-05
-6.33234e-05
-6.29602e-05
-6.2599e-05
-6.22399e-05
-6.18829e-05
-6.15279e-05
-6.1175e-05
-6.0824e-05
-6.04751e-05
-6.01282e-05
-5.97832e-05
-5.94402e-05
-5.90992e-05
-5.87604e-05
-5.84236e-05
-5.80887e-05
-5.77557e-05
-5.74246e-05
-5.70954e-05
-5.67681e-05
-5.64426e-05
-5.6119e-05
-5.57973e-05
-5.54774e-05
-5.51593e-05
-5.48431e-05
-5.45288e-05
-5.42161e-05
-5.39052e-05
-5.35961e-05
-5.32888e-05
-5.29833e-05
-5.26795e-05
-5.23775e-05
-5.20772e-05
-5.17786e-05
-5.14818e-05
-5.11866e-05
-5.08932e-05
-5.06013e-05
-5.03112e-05
-5.00227e-05
-4.97359e-05
-4.94507e-05
-4.91671e-05
-4.88851e-05
-4.86048e-05
-4.8326e-05
-4.80489e-05
-4.77733e-05
-4.74993e-05
-4.7227e-05
-4.69561e-05
-4.66869e-05
-4.64191e-05
-4.61529e-05
-4.58883e-05
-4.56252e-05
-4.53635e-05
-4.51034e-05
-4.48448e-05
-4.45876e-05
-4.4332e-05
-4.40778e-05
-4.3825e-05
-4.35737e-05
-4.33238e-05
-4.30754e-05
-4.28284e-05
-4.25828e-05
-4.23386e-05
-4.20958e-05
-4.18544e-05
-4.16144e-05
-4.13757e-05
-4.11385e-05
-4.09025e-05
-4.0668e-05
-4.04347e-05
-4.02028e-05
-3.99723e-05
-3.9743e-05
-3.95151e-05
-3.92885e-05
-3.90633e-05
-3.88394e-05
-3.86167e-05
-3.83954e-05
-3.81753e-05
-3.79564e-05
-3.77388e-05
-3.75225e-05
-3.73074e-05
-3.70935e-05
-3.68809e-05
-3.66694e-05
-3.64592e-05
-3.62502e-05
-3.60424e-05
-3.58358e-05
-3.56303e-05
-3.54261e-05
-3.5223e-05
-3.50211e-05
-3.48203e-05
-3.46207e-05
-3.44222e-05
-3.42249e-05
-3.40287e-05
-3.38336e-05
-3.36396e-05
-3.34468e-05
-3.3255e-05
-3.30644e-05
-3.28748e-05
-3.26863e-05
-3.24989e-05
-3.23126e-05
-3.21274e-05
-3.19432e-05
-3.176e-05
-3.1578e-05
-3.13969e-05
-3.12169e-05
-3.10379e-05
-3.086e-05
-3.06831e-05
-3.05073e-05
-3.03322e-05
-3.01581e-05
-2.9985e-05
-2.9813e-05
-2.96419e-05
-2.94719e-05
-2.93028e-05
-2.91348e-05
-2.89678e-05
-2.88017e-05
-2.86366e-05
-2.84724e-05
-2.83092e-05
-2.81469e-05
-2.79855e-05
-2.78251e-05
-2.76656e-05
-2.75071e-05
-2.73494e-05
-2.71925e-05
-2.70365e-05
-2.68814e-05
-2.67272e-05
-2.6574e-05
-2.64216e-05
-2.62701e-05
-2.61196e-05
-2.59698e-05
-2.5821e-05
-2.5673e-05
-2.55258e-05
-2.53795e-05
-2.5234e-05
-2.50893e-05
-2.49455e-05
-2.48025e-05
-2.46602e-05
-2.45189e-05
-2.43783e-05
-2.42385e-05
-2.40995e-05
-2.39614e-05
-2.3824e-05
-2.36874e-05
-2.35516e-05
-2.34166e-05
-2.32823e-05
-2.31488e-05
-2.30161e-05
-2.28842e-05
-2.2753e-05
-2.26225e-05
-2.24929e-05
-2.23639e-05
-2.22357e-05
-2.21082e-05
-2.19815e-05
-2.18555e-05
-2.17302e-05
-2.16056e-05
-2.14817e-05
-2.13586e-05
-2.12361e-05
-2.11143e-05
-2.09933e-05
-2.08729e-05
-2.07533e-05
-2.06343e-05
-2.0516e-05
-2.03983e-05
-2.02814e-05
-2.01651e-05
-2.00495e-05
-1.99345e-05
-1.98202e-05
-1.97066e-05
-1.95936e-05
-1.94812e-05
-1.93695e-05
-1.92585e-05
-1.9148e-05
-1.90382e-05
-1.89291e-05
-1.88205e-05
-1.87126e-05
-1.86053e-05
-1.84986e-05
-1.83926e-05
-1.82871e-05
-1.81822e-05
-1.8078e-05
-1.79743e-05
-1.78712e-05
-1.77688e-05
-1.76673e-05
-1.75664e-05
-1.7466e-05
-1.73663e-05
-1.7267e-05
-1.71684e-05
-1.70703e-05
-1.69728e-05
-1.68758e-05
-1.67794e-05
-1.66835e-05
-1.65881e-05
-1.64934e-05
-1.63991e-05
-1.63054e-05
-1.62122e-05
-1.61196e-05
-1.60274e-05
-1.59358e-05
-1.58448e-05
-1.57542e-05
-1.56642e-05
-1.55746e-05
-1.54856e-05
-1.53971e-05
-1.53091e-05
-1.52216e-05
-1.51345e-05
-1.5048e-05
-1.4962e-05
-1.48765e-05
-1.47914e-05
-1.47068e-05
-1.46227e-05
-1.45391e-05
-1.44559e-05
-1.43732e-05
-1.42909e-05
-1.42092e-05
-1.4128e-05
-1.40472e-05
-1.39669e-05
-1.38871e-05
-1.38077e-05
-1.37287e-05
-1.36502e-05
-1.35721e-05
-1.34945e-05
-1.34173e-05
-1.33406e-05
-1.32643e-05
-1.31884e-05
-1.3113e-05
-1.3038e-05
-1.29634e-05
-1.28892e-05
-1.28155e-05
-1.27422e-05
-1.26693e-05
-1.25968e-05
-1.25247e-05
-1.2453e-05
-1.23817e-05
-1.23108e-05
-1.22403e-05
-1.21702e-05
-1.21006e-05
-1.20313e-05
-1.19624e-05
-1.18939e-05
-1.18258e-05
-1.1758e-05
-1.16907e-05
-1.16238e-05
-1.15572e-05
-1.1491e-05
-1.14248e-05
-1.13597e-05
-1.12948e-05
-1.12303e-05
-1.1166e-05
-1.1102e-05
-1.10384e-05
-1.09752e-05
-1.09123e-05
-1.08498e-05
-1.07876e-05
-1.07259e-05
-1.06644e-05
-1.06034e-05
-1.05427e-05
-1.04823e-05
-1.04223e-05
-1.03626e-05
-1.03032e-05
-1.02442e-05
-1.01855e-05
-1.01271e-05
-1.0069e-05
-1.00113e-05
-9.95389e-06
