3.48559
2.42546
1.99725
1.72017
1.40518
1.10296
0.853636
0.66518
0.529366
0.433092
0.364204
0.313493
0.274718
0.243905
-0.233891
-0.229186
-0.22457
-0.220092
-0.215782
-0.211644
-0.207665
-0.203832
-0.200133
-0.196564
-0.193124
-0.189812
-0.186628
-0.183561
-0.180604
-0.177754
-0.175004
-0.17235
-0.169789
-0.167317
-0.16493
-0.162622
-0.160391
-0.158234
-0.156146
-0.154126
-0.152167
-0.150273
-0.148436
-0.146655
-0.144929
-0.143254
-0.141629
-0.14005
-0.138515
-0.137024
-0.13558
-0.134172
-0.132802
-0.131468
-0.130174
-0.128912
-0.127683
-0.126487
-0.125321
-0.124182
-0.123074
-0.121995
-0.120943
-0.119917
-0.118914
-0.117933
-0.116977
-0.116043
-0.11513
-0.114237
-0.113364
-0.112512
-0.111678
-0.11086
-0.11006
-0.109277
-0.108511
-0.10776
-0.107026
-0.106306
-0.1056
-0.104909
-0.104231
-0.103564
-0.102912
-0.102273
-0.101645
-0.101028
-0.100425
-0.0998329
-0.0992514
-0.0986795
-0.0981183
-0.0975673
-0.0970259
-0.0964931
-0.09597
-0.0954554
-0.0949508
-0.0944533
-0.0939643
-0.0934827
-0.0930108
-0.0925463
-0.0920894
-0.0916395
-0.0911965
-0.0907603
-0.090331
-0.0899082
-0.0894918
-0.0890813
-0.0886767
-0.0882778
-0.087885
-0.0874977
-0.087116
-0.086739
-0.0863675
-0.0860014
-0.0856399
-0.085283
-0.0849307
-0.0845833
-0.0842402
-0.0839025
-0.0835739
-0.0832493
-0.0829286
-0.0826137
-0.0823028
-0.0819964
-0.0816937
-0.0813945
-0.0810987
-0.0808062
-0.0805169
-0.0802307
-0.079948
-0.0796698
-0.0793948
-0.0791225
-0.078853
-0.0785862
-0.078322
-0.0780606
-0.0778031
-0.0775489
-0.0773033
-0.0770666
-0.0768382
-0.0766179
-0.0764056
-0.0762007
-0.0760033
-0.0758125
-0.0756288
-0.0754523
-0.075282
-0.0751176
-0.0749592
-0.0748061
-0.0746588
-0.074516
-0.0743777
-0.0742441
-0.0741107
-0.0739772
-0.0738434
-0.0737093
-0.0735749
-0.0734403
-0.0733054
-0.0731712
-0.0730373
-0.0729031
-0.0727686
-0.0726339
-0.072499
-0.0723641
-0.0722301
-0.0720959
-0.071962
-0.0718283
-0.0716943
-0.0715601
-0.0714257
-0.0712919
-0.0711585
-0.0710251
-0.0708914
-0.0707576
-0.0706243
-0.0704916
-0.0703588
-0.0702264
-0.070094
-0.0699614
-0.0698293
-0.0696973
-0.0695658
-0.0694342
-0.0693028
-0.0691718
-0.0690413
-0.0689109
-0.0687809
-0.0686507
-0.0685212
-0.068392
-0.068263
-0.0681343
-0.068006
-0.0678782
-0.0677507
-0.0676234
-0.0674966
-0.0673702
-0.0672441
-0.0671185
-0.0669933
-0.0668686
-0.0667444
-0.0666205
-0.066497
-0.0663742
-0.0662519
-0.06613
-0.0660087
-0.065888
-0.0657681
-0.0656489
-0.0655304
-0.065413
-0.0653365
-0.0652915
-0.0652454
-0.0651983
-0.0651502
-0.0651011
-0.0650511
-0.0650001
-0.0649481
-0.0648951
-0.0648412
-0.0647863
-0.0647306
-0.0646738
-0.0646162
-0.0645576
-0.0644982
-0.0644378
-0.0643765
-0.0643144
-0.0642513
-0.0641874
-0.0641226
-0.064057
-0.0639904
-0.0639231
-0.0638548
-0.0637858
-0.0637159
-0.0636451
-0.0635736
-0.0635012
-0.063428
-0.0633539
-0.0632791
-0.0632035
-0.063127
-0.0630498
-0.0629718
-0.062893
-0.0628134
-0.062733
-0.0626519
-0.06257
-0.0624873
-0.0624039
-0.0623197
-0.0622347
-0.0621491
-0.0620626
-0.0619755
-0.0618875
-0.0617989
-0.0617095
-0.0616194
-0.0615286
-0.0614371
-0.0613448
-0.0612519
-0.0611582
-0.0610638
-0.0609688
-0.060873
-0.0607765
-0.0606794
-0.0605816
-0.060483
-0.0603838
-0.060284
-0.0601834
-0.0600822
-0.0599803
-0.0598778
-0.0597746
-0.0596707
-0.0595662
-0.059461
-0.0593552
-0.0592487
-0.0591417
-0.0590339
-0.0589256
-0.0588166
-0.0587069
-0.0585967
-0.0584858
-0.0583743
-0.0582622
-0.0581495
-0.0580362
-0.0579223
-0.0578078
-0.0576927
-0.057577
-0.0574607
-0.0573438
-0.0572263
-0.0571082
-0.0569896
-0.0568704
-0.0567506
-0.0566303
-0.0565094
-0.0563879
-0.0562659
-0.0561433
-0.0560202
-0.0558965
-0.0557723
-0.0556476
-0.0555223
-0.0553965
-0.0552701
-0.0551432
-0.0550158
-0.0548879
-0.0547595
-0.0546306
-0.0545011
-0.0543712
-0.0542407
-0.0541098
-0.0539784
-0.0538464
-0.053714
-0.0535812
-0.0534478
-0.053314
-0.0531797
-0.0530449
-0.0529097
-0.052774
-0.0526379
-0.0525013
-0.0523643
-0.0522268
-0.0520889
-0.0519506
-0.0518119
-0.0516727
-0.0515331
-0.0513931
-0.0512527
-0.0511118
-0.0509706
-0.050829
-0.050687
-0.0505446
-0.0504018
-0.0502586
-0.0501151
-0.0499711
-0.0498269
-0.0496822
-0.0495372
-0.0493919
-0.0492462
-0.0491001
-0.0489538
-0.0488071
-0.04866
-0.0485126
-0.048365
-0.048217
-0.0480687
-0.04792
-0.0477711
-0.0476219
-0.0474724
-0.0473227
-0.0471726
-0.0470223
-0.0468716
-0.0467208
-0.0465696
-0.0464182
-0.0462666
-0.0461147
-0.0459626
-0.0458102
-0.0456577
-0.0455048
-0.0453518
-0.0451986
-0.0450451
-0.0448914
-0.0447376
-0.0445835
-0.0444293
-0.0442748
-0.0441202
-0.0439655
-0.0438105
-0.0436554
-0.0435001
-0.0433447
-0.0431892
-0.0430335
-0.0428776
-0.0427216
-0.0425655
-0.0424093
-0.042253
-0.0420966
-0.04194
-0.0417834
-0.0416266
-0.0414698
-0.0413129
-0.0411559
-0.0409989
-0.0408418
-0.0406846
-0.0405274
-0.0403701
-0.0402127
-0.0400554
-0.039898
-0.0397405
-0.0395831
-0.0394256
-0.0392681
-0.0391107
-0.0389532
-0.0387957
-0.0386382
-0.0384807
-0.0383233
-0.0381659
-0.0380085
-0.0378511
-0.0376938
-0.0375365
-0.0373793
-0.0372222
-0.0370651
-0.036908
-0.0367511
-0.0365942
-0.0364374
-0.0362807
-0.036124
-0.0359675
-0.0358111
-0.0356548
-0.0354986
-0.0353425
-0.0351866
-0.0350308
-0.0348751
-0.0347196
-0.0345642
-0.0344089
-0.0342538
-0.0340989
-0.0339441
-0.0337895
-0.0336351
-0.0334809
-0.0333269
-0.033173
-0.0330193
-0.0328658
-0.0327126
-0.0325595
-0.0324067
-0.0322541
-0.0321017
-0.0319495
-0.0317975
-0.0316457
-0.0314941
-0.0313428
-0.0311918
-0.0310409
-0.0308904
-0.0307402
-0.0305904
-0.030441
-0.0302918
-0.0301428
-0.029994
-0.0298454
-0.0296971
-0.029549
-0.0294013
-0.0292538
-0.0291066
-0.0289597
-0.0288132
-0.0286669
-0.028521
-0.0283754
-0.0282301
-0.0280852
-0.0279406
-0.0277964
-0.0276524
-0.0275088
-0.0273655
-0.0272227
-0.0270803
-0.0269382
-0.0267964
-0.026655
-0.0265139
-0.0263731
-0.0262329
-0.026093
-0.0259536
-0.0258145
-0.0256757
-0.0255373
-0.0253992
-0.0252615
-0.0251242
-0.0249872
-0.0248507
-0.0247145
-0.0245788
-0.0244434
-0.0243086
-0.0241744
-0.0240409
-0.0239078
-0.0237752
-0.0236427
-0.0235106
-0.0233787
-0.0232472
-0.0231161
-0.0229854
-0.0228551
-0.0227252
-0.0225958
-0.0224668
-0.0223383
-0.0222102
-0.0220825
-0.0219553
-0.0218285
-0.0217022
-0.0215764
-0.021451
-0.021326
-0.0212015
-0.0210775
-0.0209539
-0.0208308
-0.0207081
-0.0205859
-0.0204642
-0.0203429
-0.0202221
-0.0201018
-0.0199819
-0.0198625
-0.0197436
-0.0196252
-0.0195072
-0.0193897
-0.0192727
-0.0191561
-0.0190401
-0.0189245
-0.0188094
-0.0186947
-0.0185806
-0.0184669
-0.0183537
-0.018241
-0.0181287
-0.018017
-0.0179057
-0.0177949
-0.0176846
-0.0175748
-0.0174655
-0.0173567
-0.0172483
-0.0171404
-0.0170331
-0.0169262
-0.0168197
-0.0167138
-0.0166083
-0.0165034
-0.0163989
-0.0162949
-0.0161914
-0.0160883
-0.0159858
-0.0158837
-0.0157822
-0.0156811
-0.0155805
-0.0154804
-0.0153807
-0.0152816
-0.0151829
-0.0150847
-0.014987
-0.0148898
-0.0147931
-0.0146968
-0.014601
-0.0145057
-0.0144109
-0.0143166
-0.0142227
-0.0141293
-0.0140364
-0.013944
-0.0138521
-0.0137606
-0.0136696
-0.0135791
-0.013489
-0.0133994
-0.0133103
-0.0132217
-0.0131335
-0.0130458
-0.0129585
-0.0128718
-0.0127855
-0.0126996
-0.0126142
-0.0125293
-0.0124449
-0.0123609
-0.0122774
-0.0121943
-0.0121117
-0.0120295
-0.0119478
-0.0118666
-0.0117858
-0.0117054
-0.0116255
-0.0115461
-0.0114675
-0.0113907
-0.0113143
-0.0112383
-0.0111627
-0.0110876
-0.0110129
-0.0109387
-0.0108648
-0.0107914
-0.0107184
-0.0106458
-0.0105737
-0.0105019
-0.0104306
-0.0103597
-0.0102893
-0.0102192
-0.0101495
-0.0100803
-0.0100114
-0.00994295
-0.00987491
-0.00980729
-0.00974009
-0.00967328
-0.00960712
-0.00954147
-0.00947622
-0.00941135
-0.00934686
-0.00928277
-0.00921906
-0.00915573
-0.00909279
-0.00903023
-0.00896805
-0.00890624
-0.00884481
-0.00878378
-0.00872315
-0.00866288
-0.00860298
-0.00854342
-0.00848423
-0.00842539
-0.00836692
-0.0083088
-0.00825105
-0.00819365
-0.00813662
-0.00807993
-0.00802361
-0.00796763
-0.007912
-0.00785673
-0.0078018
-0.00774722
-0.00769298
-0.00763909
-0.00758555
-0.00753265
-0.00748007
-0.00742783
-0.00737592
-0.00732434
-0.00727309
-0.00722217
-0.00717157
-0.00712129
-0.00707134
-0.00702171
-0.0069724
-0.0069234
-0.00687472
-0.00682635
-0.0067783
-0.00673056
-0.00668312
-0.006636
-0.00658918
-0.00654266
-0.00649645
-0.00645054
-0.00640493
-0.00635962
-0.0063146
-0.00626988
-0.00622546
-0.00618133
-0.00613748
-0.00609393
-0.00605079
-0.00600804
-0.00596556
-0.00592337
-0.00588146
-0.00583982
-0.00579846
-0.00575738
-0.00571656
-0.00567602
-0.00563575
-0.00559574
-0.00555601
-0.00551653
-0.00547733
-0.00543838
-0.00539969
-0.00536127
-0.0053231
-0.00528518
-0.00524753
-0.00521012
-0.00517297
-0.00513607
-0.00509942
-0.00506301
-0.00502686
-0.00499094
-0.00495527
-0.00491985
-0.00488466
-0.00484971
-0.004815
-0.00478053
-0.00474629
-0.00471228
-0.00467851
-0.0046451
-0.00461194
-0.00457901
-0.00454631
-0.00451382
-0.00448157
-0.00444953
-0.00441771
-0.00438611
-0.00435472
-0.00432355
-0.0042926
-0.00426186
-0.00423133
-0.00420101
-0.0041709
-0.00414099
-0.0041113
-0.0040818
-0.00405252
-0.00402343
-0.00399455
-0.00396586
-0.00393738
-0.00390909
-0.003881
-0.00385311
-0.00382541
-0.0037979
-0.00377058
-0.00374345
-0.00371652
-0.00368977
-0.0036632
-0.00363683
-0.00361064
-0.00358463
-0.0035588
-0.00353315
-0.00350771
-0.00348253
-0.00345752
-0.00343268
-0.00340803
-0.00338354
-0.00335923
-0.00333508
-0.00331111
-0.0032873
-0.00326366
-0.00324019
-0.00321688
-0.00319374
-0.00317076
-0.00314794
-0.00312528
-0.00310278
-0.00308044
-0.00305826
-0.00303624
-0.00301437
-0.00299265
-0.00297109
-0.00294968
-0.00292842
-0.00290732
-0.00288636
-0.00286555
-0.00284489
-0.0028244
-0.00280411
-0.00278396
-0.00276395
-0.00274409
-0.00272437
-0.00270478
-0.00268534
-0.00266603
-0.00264686
-0.00262782
-0.00260893
-0.00259016
-0.00257153
-0.00255303
-0.00253466
-0.00251643
-0.00249832
-0.00248034
-0.00246249
-0.00244477
-0.00242718
-0.00240971
-0.00239236
-0.00237514
-0.00235804
-0.00234106
-0.00232421
-0.00230748
-0.00229086
-0.00227436
-0.00225799
-0.00224172
-0.00222558
-0.00220959
-0.00219373
-0.00217798
-0.00216235
-0.00214682
-0.00213141
-0.00211611
-0.00210092
-0.00208583
-0.00207086
-0.00205599
-0.00204123
-0.00202657
-0.00201202
-0.00199757
-0.00198323
-0.00196899
-0.00195485
-0.00194081
-0.00192688
-0.00191304
-0.0018993
-0.00188567
-0.00187213
-0.00185868
-0.00184534
-0.00183209
-0.00181893
-0.00180587
-0.00179291
-0.00178003
-0.00176725
-0.00175456
-0.00174197
-0.00172948
-0.0017171
-0.00170481
-0.00169261
-0.00168049
-0.00166846
-0.00165652
-0.00164467
-0.0016329
-0.00162121
-0.00160961
-0.00159809
-0.00158666
-0.00157531
-0.00156404
-0.00155285
-0.00154174
-0.00153071
-0.00151976
-0.00150889
-0.0014981
-0.00148738
-0.00147675
-0.00146619
-0.0014557
-0.00144529
-0.00143496
-0.0014247
-0.00141451
-0.0014044
-0.00139436
-0.0013844
-0.0013745
-0.00136468
-0.00135493
-0.00134527
-0.00133568
-0.00132616
-0.00131671
-0.00130733
-0.00129802
-0.00128877
-0.00127959
-0.00127048
-0.00126143
-0.00125245
-0.00124353
-0.00123468
-0.00122589
-0.00121716
-0.0012085
-0.0011999
-0.00119136
-0.00118288
-0.00117446
-0.00116611
-0.00115781
-0.00114958
-0.0011414
-0.00113328
-0.00112522
-0.00111722
-0.00110928
-0.0011014
-0.00109357
-0.00108579
-0.00107808
-0.00107042
-0.00106281
-0.00105526
-0.00104777
-0.00104032
-0.00103295
-0.00102563
-0.00101836
-0.00101115
-0.00100399
-0.00099688
-0.000989822
-0.000982815
-0.000975859
-0.000968952
-0.000962096
-0.000955289
-0.000948531
-0.000941821
-0.00093516
-0.000928546
-0.00092198
-0.000915469
-0.000909012
-0.000902601
-0.000896236
-0.000889917
-0.000883643
-0.000877415
-0.00087123
-0.000865091
-0.000858995
-0.000852944
-0.000846936
-0.000840971
-0.000835049
-0.000829169
-0.000823332
-0.000817537
-0.000811783
-0.00080607
-0.000800398
-0.000794768
-0.000789177
-0.000783627
-0.000778119
-0.000772659
-0.000767239
-0.000761858
-0.000756514
-0.00075121
-0.000745943
-0.000740714
-0.000735523
-0.000730368
-0.000725251
-0.00072017
-0.000715126
-0.000710117
-0.000705144
-0.000700207
-0.000695306
-0.000690439
-0.000685607
-0.000680809
-0.000676046
-0.000671318
-0.000666628
-0.000661976
-0.000657357
-0.000652771
-0.000648217
-0.000643696
-0.000639208
-0.000634751
-0.000630326
-0.000625933
-0.000621571
-0.000617241
-0.000612941
-0.000608672
-0.000604433
-0.000600225
-0.000596046
-0.000591898
-0.000587779
-0.000583697
-0.000579644
-0.000575619
-0.000571624
-0.000567656
-0.000563717
-0.000559806
-0.000555922
-0.000552066
-0.000548238
-0.000544437
-0.000540663
-0.000536916
-0.000533195
-0.000529501
-0.000525837
-0.000522202
-0.000518592
-0.000515008
-0.000511449
-0.000507916
-0.000504408
-0.000500924
-0.000497465
-0.000494031
-0.000490621
-0.000487235
-0.000483875
-0.000480543
-0.000477234
-0.000473948
-0.000470686
-0.000467446
-0.00046423
-0.000461093
-0.000458111
-0.000455148
-0.000452204
-0.000449282
-0.000446379
-0.000443495
-0.000440631
-0.000437786
-0.000434961
-0.000432155
-0.000429367
-0.000426618
-0.000423899
-0.000421197
-0.000418512
-0.000415845
-0.000413196
-0.000410563
-0.000407948
-0.000405349
-0.000402767
-0.000400203
-0.000397655
-0.000395123
-0.000392608
-0.000390109
-0.000387626
-0.000385159
-0.000382709
-0.000380274
-0.000377855
-0.000375451
-0.000373063
-0.000370691
-0.000368334
-0.000365992
-0.000363665
-0.000361354
-0.000359057
-0.000356775
-0.000354508
-0.000352252
-0.000350014
-0.000347792
-0.000345585
-0.00034339
-0.000341209
-0.000339043
-0.000336891
-0.000334752
-0.000332627
-0.000330517
-0.00032842
-0.000326337
-0.000324266
-0.00032221
-0.000320166
-0.000318144
-0.0003161
-0.000314113
-0.000312113
-0.000310128
-0.000308161
-0.00030621
-0.000304271
-0.000302346
-0.000300433
-0.000298532
-0.000296642
-0.000294765
-0.000292899
-0.000291045
-0.000289204
-0.000287374
-0.000285556
-0.000283749
-0.000281954
-0.000280171
-0.000278399
-0.000276638
-0.000274888
-0.00027315
-0.000271424
-0.000269708
-0.000268003
-0.00026631
-0.000264627
-0.000262955
-0.000261294
-0.000259643
-0.000258003
-0.000256374
-0.000254756
-0.000253147
-0.000251549
-0.000249962
-0.000248384
-0.000246817
-0.00024526
-0.000243712
-0.000242175
-0.000240648
-0.00023913
-0.000237622
-0.000236124
-0.000234636
-0.000233157
-0.000231687
-0.000230227
-0.000228776
-0.000227335
-0.000225903
-0.00022448
-0.000223067
-0.000221662
-0.000220266
-0.00021888
-0.000217502
-0.000216133
-0.000214773
-0.000213422
-0.000212079
-0.000210745
-0.00020942
-0.000208103
-0.000206794
-0.000205494
-0.000204202
-0.000202918
-0.000201643
-0.000200376
-0.000199117
-0.000197866
-0.000196623
-0.000195388
-0.000194161
-0.000192942
-0.00019173
-0.000190527
-0.000189331
-0.000188143
-0.000186962
-0.000185789
-0.000184624
-0.000183465
-0.000182315
-0.000181171
-0.000180035
-0.000178907
-0.000177785
-0.000176671
-0.000175564
-0.000174463
-0.00017337
-0.000172284
-0.000171205
-0.00017014
-0.000169056
-0.000168009
-0.000166942
-0.000165912
-0.000164869
-0.000163832
-0.000162805
-0.000161785
-0.000160774
-0.00015977
-0.000158771
-0.000157779
-0.000156794
-0.000155815
-0.000154842
-0.000153874
-0.000152913
-0.000151958
-0.000151009
-0.000150066
-0.000149129
-0.000148198
-0.000147273
-0.000146353
-0.00014544
-0.000144532
-0.00014363
-0.000142734
-0.000141844
-0.000140959
-0.000140076
-0.000139202
-0.000138336
-0.000137474
-0.000136618
-0.000135767
-0.000134921
-0.00013408
-0.000133244
-0.000132414
-0.000131589
-0.000130772
-0.000129958
-0.000129148
-0.00012834
-0.00012754
-0.000126747
-0.00012596
-0.000125177
-0.000124398
-0.000123624
-0.000122855
-0.000122091
-0.000121332
-0.000120577
-0.000119827
-0.000119083
-0.000118343
-0.000117607
-0.000116876
-0.00011615
-0.000115428
-0.000114711
-0.000113998
-0.000113291
-0.000112587
-0.000111888
-0.000111194
-0.000110503
-0.000109818
-0.000109136
-0.000108459
-0.000107786
-0.000107117
-0.000106453
-0.000105793
-0.000105137
-0.000104485
-0.000103837
-0.000103194
-0.000102554
-0.000101918
-0.000101287
-0.000100659
-0.000100036
-9.94163e-05
-9.88007e-05
-9.81889e-05
-9.7581e-05
-9.6977e-05
-9.63767e-05
-9.57802e-05
-9.51875e-05
-9.45985e-05
-9.40132e-05
-9.34317e-05
-9.28538e-05
-9.22796e-05
-9.1709e-05
-9.11419e-05
-9.05785e-05
-9.00187e-05
-8.94623e-05
-8.89095e-05
-8.83601e-05
-8.78143e-05
-8.72718e-05
-8.67328e-05
-8.61972e-05
-8.5665e-05
-8.5136e-05
-8.46104e-05
-8.40881e-05
-8.35693e-05
-8.30536e-05
-8.25412e-05
-8.20319e-05
-8.15259e-05
-8.1023e-05
-8.05233e-05
-8.00268e-05
-7.95334e-05
-7.90431e-05
-7.8556e-05
-7.80777e-05
-7.75846e-05
-7.71137e-05
-7.6628e-05
-7.61653e-05
-7.56867e-05
-7.52306e-05
-7.47581e-05
-7.43078e-05
-7.38412e-05
-7.33964e-05
-7.29356e-05
-7.24962e-05
-7.20479e-05
-7.15943e-05
-7.11643e-05
-7.07254e-05
-7.02882e-05
-6.98542e-05
-6.94235e-05
-6.89962e-05
-6.8572e-05
-6.81508e-05
-6.77323e-05
-6.73165e-05
-6.69032e-05
-6.64926e-05
-6.60845e-05
-6.56789e-05
-6.52758e-05
-6.48752e-05
-6.44772e-05
-6.40816e-05
-6.36884e-05
-6.32977e-05
-6.29095e-05
-6.25236e-05
-6.21402e-05
-6.17591e-05
-6.13805e-05
-6.10042e-05
-6.06303e-05
-6.02587e-05
-5.98894e-05
-5.95224e-05
-5.91577e-05
-5.87953e-05
-5.84352e-05
-5.80773e-05
-5.77216e-05
-5.73665e-05
-5.70141e-05
-5.66654e-05
-5.63194e-05
-5.59754e-05
-5.56333e-05
-5.5293e-05
-5.49546e-05
-5.46182e-05
-5.4284e-05
-5.39519e-05
-5.36218e-05
-5.32937e-05
-5.29676e-05
-5.26437e-05
-5.23217e-05
-5.20019e-05
-5.1684e-05
-5.13682e-05
-5.10543e-05
-5.07424e-05
-5.04325e-05
-5.01245e-05
-4.98184e-05
-4.95142e-05
-4.92119e-05
-4.89115e-05
-4.86129e-05
-4.83162e-05
-4.80213e-05
-4.77283e-05
-4.7437e-05
-4.71476e-05
-4.686e-05
-4.65741e-05
-4.62901e-05
-4.60078e-05
-4.57272e-05
-4.54484e-05
-4.51713e-05
-4.48959e-05
-4.46223e-05
-4.43503e-05
-4.408e-05
-4.38114e-05
-4.35445e-05
-4.32792e-05
-4.30156e-05
-4.27536e-05
-4.24932e-05
-4.22345e-05
-4.19773e-05
-4.17217e-05
-4.14677e-05
-4.12153e-05
-4.09645e-05
-4.07152e-05
-4.04675e-05
-4.02213e-05
-3.99766e-05
-3.97334e-05
-3.94918e-05
-3.92516e-05
-3.90129e-05
-3.87758e-05
-3.854e-05
-3.83058e-05
-3.8073e-05
-3.78416e-05
-3.76116e-05
-3.7383e-05
-3.71557e-05
-3.693e-05
-3.67057e-05
-3.64828e-05
-3.62613e-05
-3.60412e-05
-3.58224e-05
-3.5605e-05
-3.53889e-05
-3.51742e-05
-3.49607e-05
-3.47486e-05
-3.45378e-05
-3.43283e-05
-3.41201e-05
-3.39132e-05
-3.37075e-05
-3.35031e-05
-3.33e-05
-3.30981e-05
-3.28974e-05
-3.26979e-05
-3.24997e-05
-3.23028e-05
-3.21071e-05
-3.19127e-05
-3.17194e-05
-3.15273e-05
-3.13363e-05
-3.11465e-05
-3.09579e-05
-3.07704e-05
-3.05841e-05
-3.0399e-05
-3.0215e-05
-3.00321e-05
-2.98504e-05
-2.96698e-05
-2.94903e-05
-2.93119e-05
-2.91345e-05
-2.89583e-05
-2.87831e-05
-2.86091e-05
-2.84362e-05
-2.82643e-05
-2.80935e-05
-2.79237e-05
-2.77549e-05
-2.75872e-05
-2.74205e-05
-2.72548e-05
-2.70902e-05
-2.69265e-05
-2.67639e-05
-2.66061e-05
-2.64394e-05
-2.62793e-05
-2.61254e-05
-2.59621e-05
-2.58055e-05
-2.56551e-05
-2.54948e-05
-2.53459e-05
-2.51873e-05
-2.50405e-05
-2.48839e-05
-2.47392e-05
-2.45846e-05
-2.44419e-05
-2.42892e-05
-2.41482e-05
-2.39974e-05
-2.38582e-05
-2.37091e-05
-2.35716e-05
-2.34243e-05
-2.32885e-05
-2.3143e-05
-2.30088e-05
-2.28651e-05
-2.27325e-05
-2.25906e-05
-2.24595e-05
-2.23192e-05
-2.21886e-05
-2.20495e-05
-2.19217e-05
-2.17856e-05
-2.16599e-05
-2.15297e-05
-2.13949e-05
-2.12712e-05
-2.11431e-05
-2.10103e-05
-2.08891e-05
-2.07634e-05
-2.06332e-05
-2.05143e-05
-2.0391e-05
-2.02678e-05
-2.01404e-05
-2.00248e-05
-1.99047e-05
-1.97847e-05
-1.96653e-05
-1.95466e-05
-1.94286e-05
-1.93115e-05
-1.91953e-05
-1.90799e-05
-1.89652e-05
-1.88513e-05
-1.87382e-05
-1.86258e-05
-1.85141e-05
-1.84031e-05
-1.82928e-05
-1.81831e-05
-1.80741e-05
-1.79658e-05
-1.78581e-05
-1.7751e-05
-1.76447e-05
-1.75389e-05
-1.74338e-05
-1.73294e-05
-1.72256e-05
-1.71224e-05
-1.70198e-05
-1.69178e-05
-1.68165e-05
-1.67158e-05
-1.66156e-05
-1.65161e-05
-1.64173e-05
-1.6319e-05
-1.62213e-05
-1.61242e-05
-1.60277e-05
-1.59318e-05
-1.58364e-05
-1.57416e-05
-1.56474e-05
-1.55537e-05
-1.54607e-05
-1.53682e-05
-1.52762e-05
-1.51848e-05
-1.5094e-05
-1.50037e-05
-1.4914e-05
-1.48248e-05
-1.47362e-05
-1.46481e-05
-1.45605e-05
-1.44734e-05
-1.43869e-05
-1.43009e-05
-1.42154e-05
-1.41304e-05
-1.4046e-05
-1.3962e-05
-1.38786e-05
-1.37956e-05
-1.37132e-05
-1.36313e-05
-1.35498e-05
-1.34689e-05
-1.33884e-05
-1.33084e-05
-1.32289e-05
-1.31499e-05
-1.30714e-05
-1.29933e-05
-1.29158e-05
-1.28386e-05
-1.2762e-05
-1.26858e-05
-1.26101e-05
-1.25348e-05
-1.246e-05
-1.23856e-05
-1.23117e-05
-1.22383e-05
-1.21653e-05
-1.20927e-05
-1.20205e-05
-1.19488e-05
-1.18776e-05
-1.18067e-05
-1.17363e-05
-1.16663e-05
-1.15968e-05
-1.15276e-05
-1.14589e-05
-1.13906e-05
-1.13227e-05
-1.12552e-05
-1.11881e-05
-1.11215e-05
-1.10552e-05
-1.09893e-05
-1.09239e-05
-1.08588e-05
-1.07941e-05
-1.07298e-05
-1.06659e-05
-1.06024e-05
-1.05392e-05
-1.04765e-05
-1.04141e-05
-1.03521e-05
-1.02905e-05
-1.02292e-05
-1.01683e-05
-1.01078e-05
-1.00477e-05
-9.98786e-06
-9.92842e-06
-9.86934e-06
-9.81061e-06
-9.75225e-06
-9.69424e-06
-9.63658e-06
-9.57927e-06
-9.52231e-06
-9.46569e-06
-9.40941e-06
-9.35347e-06
-9.29787e-06
-9.2426e-06
-9.18766e-06
-9.13305e-06
-9.07878e-06
-9.02482e-06
-8.97119e-06
-8.91788e-06
-8.8649e-06
-8.81223e-06
-8.75988e-06
-8.70784e-06
-8.65611e-06
-8.6047e-06
-8.55359e-06
-8.5028e-06
-8.4523e-06
-8.40212e-06
-8.35223e-06
-8.30264e-06
-8.25335e-06
-8.20436e-06
-8.15566e-06
-8.10726e-06
-8.05915e-06
-8.01132e-06
-7.96378e-06
-7.91652e-06
-7.86955e-06
-7.82287e-06
-7.77647e-06
-7.73035e-06
-7.6845e-06
-7.63892e-06
-7.59421e-06
-7.54876e-06
-7.5029e-06
-7.45781e-06
-7.41364e-06
-7.37013e-06
-7.32701e-06
-7.28411e-06
-7.24136e-06
-7.19874e-06
-7.15626e-06
-7.11395e-06
-7.07182e-06
-7.02991e-06
-6.98822e-06
-6.94676e-06
-6.90554e-06
-6.86455e-06
-6.82381e-06
-6.78332e-06
-6.74307e-06
-6.70306e-06
-6.6633e-06
-6.62379e-06
-6.58451e-06
-6.54548e-06
-6.50669e-06
-6.46813e-06
-6.42981e-06
-6.39173e-06
-6.35388e-06
-6.31625e-06
-6.27886e-06
-6.24169e-06
-6.20475e-06
-6.16804e-06
-6.13154e-06
-6.09526e-06
-6.0592e-06
-6.02336e-06
-5.98773e-06
-5.95232e-06
-5.91712e-06
-5.88213e-06
-5.84734e-06
-5.81277e-06
-5.77841e-06
-5.74425e-06
-5.71029e-06
-5.67654e-06
-5.64299e-06
-5.60964e-06
-5.57649e-06
-5.54354e-06
-5.51078e-06
-5.47822e-06
-5.44586e-06
-5.41369e-06
-5.38171e-06
-5.34992e-06
-5.31833e-06
-5.28692e-06
-5.2557e-06
-5.22466e-06
-5.19381e-06
-5.16315e-06
-5.13267e-06
-5.10237e-06
-5.07225e-06
-5.04231e-06
-5.01255e-06
-4.98296e-06
-4.95356e-06
-4.92433e-06
-4.89527e-06
-4.86639e-06
-4.83767e-06
-4.80913e-06
-4.78077e-06
-4.75256e-06
-4.72453e-06
-4.69667e-06
-4.66897e-06
-4.64143e-06
-4.61406e-06
-4.58686e-06
-4.55981e-06
-4.53293e-06
-4.5062e-06
-4.47964e-06
-4.45323e-06
-4.42698e-06
-4.40089e-06
-4.37495e-06
-4.34917e-06
-4.32354e-06
-4.29806e-06
-4.27274e-06
-4.24756e-06
-4.22254e-06
-4.19766e-06
-4.17293e-06
-4.14835e-06
-4.12391e-06
-4.09962e-06
-4.07548e-06
-4.05148e-06
-4.02763e-06
-4.00392e-06
-3.98034e-06
-3.95689e-06
-3.93359e-06
-3.91042e-06
-3.88739e-06
-3.8645e-06
-3.84175e-06
-3.82044e-06
-3.798e-06
-3.77484e-06
-3.75177e-06
-3.72919e-06
-3.70712e-06
-3.68545e-06
-3.66406e-06
-3.64285e-06
-3.62175e-06
-3.60074e-06
-3.57979e-06
-3.55891e-06
-3.53811e-06
-3.51738e-06
-3.49674e-06
-3.47619e-06
-3.45575e-06
-3.4354e-06
-3.41517e-06
-3.39504e-06
-3.37502e-06
-3.35512e-06
-3.33534e-06
-3.31567e-06
-3.29612e-06
-3.27669e-06
-3.25738e-06
-3.23818e-06
-3.2191e-06
-3.20013e-06
-3.18129e-06
-3.16255e-06
-3.14394e-06
-3.12544e-06
-3.10704e-06
-3.08876e-06
-3.07059e-06
-3.05253e-06
-3.03458e-06
-3.01673e-06
-2.999e-06
-2.98137e-06
-2.96385e-06
-2.94643e-06
-2.92912e-06
-2.91191e-06
-2.89481e-06
-2.8778e-06
-2.8609e-06
-2.8441e-06
-2.82739e-06
-2.81079e-06
-2.79429e-06
-2.77788e-06
-2.76157e-06
-2.74536e-06
-2.72925e-06
-2.71323e-06
-2.6973e-06
-2.68147e-06
-2.66574e-06
-2.65009e-06
-2.63454e-06
-2.61909e-06
-2.60372e-06
-2.58844e-06
-2.57326e-06
-2.55816e-06
-2.54316e-06
-2.52824e-06
-2.51341e-06
-2.49867e-06
-2.48402e-06
-2.46946e-06
-2.45508e-06
-2.44085e-06
-2.4267e-06
-2.41264e-06
-2.39865e-06
-2.38475e-06
-2.37093e-06
-2.35719e-06
-2.34353e-06
-2.32995e-06
-2.31645e-06
-2.30303e-06
-2.28969e-06
-2.27642e-06
-2.26323e-06
-2.25012e-06
-2.23709e-06
-2.22413e-06
-2.21125e-06
-2.19844e-06
-2.18571e-06
-2.17305e-06
-2.16047e-06
-2.14796e-06
-2.13552e-06
-2.12316e-06
-2.11086e-06
-2.09864e-06
-2.08649e-06
-2.07441e-06
-2.06241e-06
-2.05047e-06
-2.0386e-06
-2.0268e-06
-2.01507e-06
-2.0034e-06
-1.99181e-06
-1.98028e-06
-1.96898e-06
-1.9574e-06
-1.9461e-06
-1.93475e-06
-1.92338e-06
-1.91212e-06
-1.90098e-06
-1.88995e-06
-1.879e-06
-1.86813e-06
-1.85733e-06
-1.84658e-06
-1.8359e-06
-1.82529e-06
-1.81474e-06
-1.80426e-06
-1.79385e-06
-1.78351e-06
-1.77324e-06
-1.76303e-06
-1.75288e-06
-1.7428e-06
-1.73277e-06
-1.7228e-06
-1.71289e-06
-1.70303e-06
-1.69322e-06
-1.68347e-06
-1.67377e-06
-1.66412e-06
-1.65452e-06
-1.64498e-06
-1.63548e-06
-1.62604e-06
-1.61665e-06
-1.60731e-06
-1.59802e-06
-1.58879e-06
-1.5796e-06
-1.57047e-06
-1.56139e-06
-1.55236e-06
-1.54339e-06
-1.53446e-06
-1.52559e-06
-1.51677e-06
-1.508e-06
-1.49928e-06
-1.49061e-06
-1.48199e-06
-1.47342e-06
-1.46491e-06
-1.45644e-06
-1.44802e-06
-1.43965e-06
-1.43133e-06
-1.42306e-06
-1.41484e-06
-1.40666e-06
-1.39853e-06
-1.39045e-06
-1.38242e-06
-1.37442e-06
-1.36648e-06
-1.35858e-06
-1.35073e-06
-1.34292e-06
-1.33515e-06
-1.32743e-06
