198.306
60.4599
44.9922
42.3293
25.894
9.29691
4.67692
16.3393
2.95933
5.60172
4.7472
4.31943
4.0878
11.8418
2.59525
6.45499
6.29393
6.16183
6.13028
6.04583
5.99763
5.93198
5.88106
5.81483
5.80863
5.81889
5.81679
5.74981
5.77143
5.74707
5.76515
5.75646
5.75429
5.75878
5.76286
5.76915
5.75066
5.77265
5.7662
5.77468
5.75133
5.82599
5.7424
5.80467
5.80646
5.82332
5.83642
5.81911
5.81484
5.87761
5.87007
5.82913
5.87231
5.86503
5.92848
5.86783
5.9264
5.92978
5.93838
5.93539
5.99886
5.98602
6.01072
5.98022
5.98645
6.04315
6.06149
6.04836
6.04415
6.1161
6.10784
6.11767
6.10946
6.10282
6.16959
6.16211
6.16193
6.23576
6.22897
6.22621
6.24781
6.29897
6.21749
6.29296
6.33973
6.29747
6.35479
6.35433
6.40059
6.41333
6.40573
6.40382
6.46372
6.47923
6.48347
6.48823
6.52813
6.52852
6.57662
6.51506
6.57223
6.58616
6.63621
6.65045
6.63782
6.70899
6.70173
6.69052
6.69889
6.76197
6.75924
6.82346
6.81962
6.82781
6.81693
6.89214
6.87721
6.93667
6.88855
6.94396
7.01524
7.00659
7.00335
6.99496
7.05774
7.07761
7.12354
7.1311
7.12878
7.17978
7.17695
7.18109
7.24207
7.25624
7.23677
7.32322
7.2883
7.29531
7.34699
7.35616
7.41624
7.38123
7.46467
7.42462
7.47523
7.47202
7.52774
7.53139
7.53467
7.59517
7.60593
7.60959
7.65369
7.64432
7.72688
7.71863
7.71758
7.78977
7.77463
7.75998
7.83348
7.85768
7.84088
7.89987
7.90066
7.94086
7.92929
7.95661
8.02127
8.00109
8.02367
8.06653
8.05427
8.08574
8.12623
8.14165
8.18595
8.20495
8.17362
8.2363
8.25447
8.24607
8.30959
8.29951
8.31234
8.36223
8.35727
8.41232
8.41004
8.42264
8.46087
8.47323
8.49047
8.52925
8.55637
8.53894
8.60165
8.597
8.59051
8.64488
8.66125
8.67835
8.71792
8.72778
8.71424
8.77016
8.78152
8.80389
8.86244
8.83795
8.82403
8.91849
8.9168
8.88754
8.96302
8.95006
8.95125
9.03567
9.03131
9.00928
9.0138
9.06277
9.05145
9.1213
9.07509
9.13211
9.20196
9.12702
9.18484
9.18559
9.25413
9.28731
9.25714
9.25017
9.31776
9.32119
9.3193
9.37905
9.38587
9.37269
9.36115
9.4313
9.43558
9.45212
9.47836
9.49259
9.48743
9.48476
9.50019
9.5789
9.55709
9.54765
9.54449
9.59954
9.60143
9.61141
9.62593
9.65116
9.65179
9.65801
9.67227
9.67681
9.73611
9.74312
9.72423
9.73933
9.80315
9.70689
9.80836
9.78842
9.80426
9.86244
9.77801
9.85761
9.83459
9.86465
9.86413
9.90677
9.90934
9.90685
9.92451
9.91125
9.92555
9.9775
9.90664
9.96681
9.98083
9.98115
9.98851
9.96228
10.0473
9.95836
10.0228
10.0593
10.0453
10.0273
10.0222
10.0448
10.1063
10.043
10.0874
10.0364
10.1064
10.1157
10.1061
10.0899
10.0881
10.0888
10.1222
10.1136
10.1409
10.0826
10.1165
10.161
10.094
10.1375
10.1011
10.1594
10.1585
10.111
10.1665
10.1495
10.1481
10.146
10.1685
10.1684
10.148
10.1618
10.1557
10.1639
10.1757
10.1593
10.101
10.1579
10.1671
10.1702
10.112
10.1647
10.1474
10.0862
10.1558
10.1029
10.1818
10.1005
10.0874
10.1423
10.0993
10.1188
10.1199
10.0994
10.0934
10.1053
10.1217
10.0591
10.0983
10.0468
10.1236
10.0352
10.0556
10.0382
10.0427
10.0534
10.0645
9.99565
10.0538
9.97609
9.97797
9.98104
10.0052
9.99335
9.98803
9.92791
9.9964
9.93984
9.92997
9.93943
9.9259
9.87544
9.95342
9.87037
9.86255
9.87499
9.87131
9.82733
9.82292
9.79561
9.7995
9.78285
9.76375
9.80078
9.72028
9.7198
9.66876
9.74847
9.68658
9.68147
9.66797
9.60713
9.66743
9.63239
9.6239
9.55306
9.60684
9.53834
9.54238
9.47301
9.56399
9.49459
9.48579
9.42202
9.46821
9.42853
9.43453
9.36632
9.36577
9.35362
9.35138
9.31436
9.3099
9.30918
9.29764
9.23509
9.22063
9.24153
9.17711
9.16694
9.18149
9.1135
9.12448
9.11411
9.1204
9.06186
9.06644
9.00306
9.06288
9.01555
8.94442
9.00643
8.95226
8.88938
8.94474
8.88602
8.81635
8.88319
8.82065
8.7646
8.77599
8.77186
8.77353
8.70993
8.71751
8.6464
8.66401
8.6471
8.64547
8.60322
8.60136
8.54106
8.55084
8.53446
8.47982
8.48526
8.41568
8.47869
8.35929
8.41726
8.35888
8.37943
8.31117
8.30619
8.2405
8.24655
8.25709
8.18857
8.17431
8.1889
8.13038
8.12458
8.05829
8.07112
8.06875
8.00765
8.02244
8.02058
7.94824
7.95528
7.89251
7.90024
7.8394
7.84114
7.84899
7.78616
7.77397
7.77899
7.72129
7.72018
7.68057
7.69188
7.60125
7.60658
7.60021
7.54499
7.57646
7.54823
7.48389
7.48196
7.42877
7.42587
7.36613
7.3715
7.37952
7.30803
7.31514
7.2518
7.25566
7.25068
7.18221
7.20543
7.14586
7.13603
7.11503
7.07427
7.0838
7.02977
7.02344
6.96804
6.94953
6.9653
6.90887
6.90888
6.90198
6.85111
6.78501
6.83947
6.73309
6.78294
6.72701
6.67705
6.72542
6.60804
6.67888
6.60918
6.55089
6.56085
6.54863
6.49289
6.49524
6.49263
6.43682
6.44249
6.3788
6.37584
6.328
6.3184
6.32043
6.26923
6.25705
6.25955
6.21145
6.20085
6.13729
6.15182
6.08607
6.08369
6.0955
6.02749
6.02659
6.0398
5.9693
5.97239
5.91772
5.90392
5.90472
5.85637
5.84736
5.78712
5.8037
5.79405
5.73592
5.74583
5.67349
5.67143
5.68156
5.61461
5.61465
5.62482
5.55916
5.55735
5.51231
5.49676
5.49742
5.44774
5.43893
5.43804
5.39447
5.38154
5.32344
5.33205
5.32449
5.26338
5.27374
5.26546
5.20736
5.21702
5.1471
5.20113
5.09258
5.14552
5.0831
5.09324
5.02658
5.03079
5.03544
4.97026
4.96931
4.97814
4.90868
4.91064
4.86053
4.91175
4.84973
4.80254
4.79336
4.79083
4.80396
4.73609
4.73368
4.68568
4.6763
4.67568
4.6857
4.61763
4.61776
4.56901
4.55851
4.55762
4.57332
4.50314
4.50352
4.4515
4.44474
4.44269
4.45229
4.38596
4.3844
4.39772
4.32683
4.32665
4.33746
4.26842
4.26778
4.27931
4.21193
4.20911
4.21954
4.15267
4.20967
4.16141
4.09395
4.09542
4.1026
4.09302
4.03569
4.04545
4.03928
4.03539
3.98634
3.97728
3.91854
3.98685
3.91869
3.91871
3.87056
3.86105
3.86211
3.87039
3.80275
3.80284
3.81152
3.74338
3.80292
3.75291
3.68824
3.74312
3.69552
3.68537
3.62693
3.6943
3.62846
3.62713
3.58013
3.56838
3.5694
3.57798
3.5688
3.51057
3.52484
3.5134
3.45239
3.46324
3.45253
3.45447
3.40322
3.39438
3.39392
3.40363
3.33508
3.39544
3.34676
3.27718
3.33595
3.28705
3.27818
3.27665
3.28549
3.21954
3.22107
3.23007
3.15576
3.21427
3.16991
3.16083
3.16134
3.1115
3.10206
3.10322
3.11299
3.0443
3.10165
3.05448
3.04468
2.98547
3.05389
2.99156
2.98844
2.99532
2.93007
2.98595
2.93693
2.92312
2.92153
2.87334
2.92289
2.86339
2.87816
2.8067
2.86473
2.81479
2.80647
2.80639
2.81473
2.75291
2.80599
2.76247
2.75232
2.75267
2.70234
2.69045
2.74728
2.69808
2.63169
2.68932
2.64052
2.63179
2.63194
2.64034
2.63121
2.57317
2.64116
2.5738
2.57221
2.52334
2.57345
2.51421
2.58213
2.51708
2.51749
2.46508
2.51544
2.45609
2.46762
2.45591
2.45654
2.46533
2.39766
2.45566
2.4075
2.39808
2.3978
2.40669
2.34102
2.33931
2.40781
2.34217
2.34046
2.29087
2.34067
2.28151
2.35106
2.28143
2.28049
2.2914
2.22347
2.28191
2.2319
2.2253
2.22563
2.23354
2.2238
2.22283
2.17408
2.16478
2.22351
2.17422
2.16476
2.10602
2.17352
2.1072
2.16428
2.11557
2.1083
2.10739
2.11599
2.04854
2.10653
2.05712
2.10726
2.0488
2.05971
2.04845
1.99215
2.05781
1.99058
2.04878
1.99998
1.99062
1.99026
1.99913
1.99058
1.93194
1.99904
1.93249
1.93174
1.94084
1.93182
1.93141
1.94152
1.93182
1.87334
1.94149
1.87766
1.87409
1.88473
1.87378
1.87505
1.88275
1.82118
1.87385
1.82448
1.81578
1.81522
1.88205
1.75725
1.81509
1.82455
1.81605
1.75812
1.8244
1.7583
1.75673
1.76567
1.75796
1.7571
1.76631
1.75774
1.69858
1.76612
1.69876
1.69889
1.76811
1.69895
1.69869
1.70906
1.64132
1.69918
1.70776
1.64141
1.69328
1.64515
1.63534
1.6347
1.6496
1.64028
1.64067
1.64969
1.64126
1.58012
1.6441
1.57736
1.63523
1.58611
1.57784
1.57891
1.58638
1.57736
1.57664
1.58577
1.519
1.5786
1.58617
1.5189
1.51834
1.58558
1.51964
1.5184
1.52218
1.51497
1.51346
1.52183
1.45527
1.51337
1.52416
1.46075
1.46054
1.52766
1.46078
1.4547
1.46394
1.45582
1.45467
1.46431
1.45498
1.45489
1.46509
1.39782
1.45493
1.40564
1.45538
1.39651
1.40606
1.39705
1.45747
1.40661
1.39716
1.39695
1.40579
1.39709
1.39647
1.34798
1.39736
1.39779
1.34744
1.39753
1.33842
1.34772
1.3392
1.39627
1.34725
1.34012
1.33879
1.34738
1.33875
1.33861
1.34818
1.34032
1.33874
1.34802
1.33883
1.27992
1.28872
1.33857
1.27976
1.28928
1.33926
1.28088
1.28985
1.28093
1.2816
1.28986
1.28333
1.27987
1.28933
1.28078
1.28005
1.28959
1.28066
1.28142
1.28876
1.28041
1.28026
1.28961
1.22232
1.22211
1.28926
1.22254
1.22196
1.23046
1.22247
1.222
1.23103
1.2222
1.22192
1.23154
1.22291
1.22214
1.23124
1.22295
1.22212
1.2307
1.22236
1.22208
1.23119
1.22222
1.22213
1.23026
1.22485
1.22188
1.23083
1.22289
1.22156
1.173
1.16384
1.16397
1.17216
1.16421
1.16433
1.17341
1.16438
1.1634
1.1722
1.16391
1.16453
1.172
1.16427
1.16391
1.16817
1.159
1.15978
1.16743
1.15826
1.15849
1.16677
1.15854
1.15792
1.16743
1.15875
1.15869
1.16749
1.15925
1.15803
1.1672
1.15906
1.15826
1.168
1.15802
1.15814
1.16973
1.15875
1.15831
1.16695
1.10052
1.10013
1.10884
1.10252
1.10018
1.10953
1.1004
1.10152
1.10867
1.10077
1.0998
1.109
1.10086
1.09983
1.10888
1.10131
1.1
1.10859
1.10055
1.09963
1.10943
1.10449
1.10014
1.10928
1.1009
1.09977
1.10837
1.10007
1.09988
1.10995
1.10146
1.09985
1.10901
1.10061
1.09986
1.10934
1.10033
1.09968
1.10954
1.10058
1.10179
1.10947
1.09492
1.0947
1.1034
1.09542
1.09448
1.10382
1.09536
1.09452
1.10453
1.09594
1.09439
1.04522
1.03656
1.03633
1.04571
1.03728
1.03816
1.04529
1.03716
1.0365
1.0449
1.03685
1.03628
1.04553
1.038
1.0365
1.0459
1.03643
1.03606
1.04484
1.03665
1.03618
1.04576
1.03725
1.0363
1.04522
1.03711
1.03571
1.04559
1.03737
1.03614
1.04558
1.03628
1.03832
1.04684
1.0367
1.03603
1.04542
1.03723
1.03606
1.04553
1.03702
1.03612
1.04639
1.03688
1.03656
1.04512
1.03692
1.03597
1.04531
1.0367
1.03639
1.04625
1.03662
1.03589
1.04495
1.03761
1.03639
1.04543
1.03158
1.03144
1.03988
1.03249
1.03145
1.03963
1.03144
1.03096
1.04039
1.03142
1.03092
1.04029
1.03131
1.03114
1.04014
1.0314
0.972811
1.04016
0.973457
0.972666
0.982369
0.975426
0.972751
0.981641
0.973297
0.977593
0.981531
0.973568
0.973036
0.982453
0.973454
0.972922
0.981895
0.973709
0.97571
0.981968
0.973324
0.972473
0.981839
0.973343
0.972636
0.981324
0.973132
0.97309
0.982042
0.973322
0.973255
0.98172
0.973338
0.97248
0.981441
0.97333
0.973312
0.98208
0.973344
0.972136
0.981703
0.973419
0.972663
0.98197
0.973577
0.972625
0.982316
0.972765
0.972899
0.983659
0.973141
0.972731
0.981389
0.974128
0.973552
0.983141
0.973248
0.972833
0.98293
0.973683
0.972738
0.981689
0.973179
0.973758
0.981505
0.973373
0.973134
0.982429
0.973619
0.972303
0.982076
0.973528
0.972612
0.982374
0.973622
0.972831
0.981839
0.97274
0.967234
0.976426
0.969019
0.967454
0.977592
0.968159
0.967633
0.97599
0.968047
0.967347
0.976043
0.968193
0.967346
0.976327
0.967622
0.967357
0.976509
0.967963
0.967328
0.97645
0.968535
0.909259
0.976275
0.909908
0.967456
0.918219
0.910122
0.909483
0.917943
0.90973
0.908686
0.917965
0.909597
0.911329
0.918574
0.909536
0.910954
0.917843
0.910176
0.908871
0.918321
0.910163
0.909256
0.918292
0.909969
0.908875
0.917727
0.909642
0.909056
0.918307
0.909927
0.908823
0.912846
0.905825
0.903208
0.912634
0.907442
0.903582
0.912715
0.904832
0.904093
0.912866
0.904425
0.909008
0.917995
0.909695
0.905179
0.912439
0.904965
0.903711
0.913061
0.905135
0.903939
0.912484
0.904346
0.903869
0.913212
0.904385
0.903643
0.912749
0.904367
0.903461
0.913039
0.904507
0.903122
0.913151
0.904788
0.904053
0.912628
0.904214
0.9036
0.912491
0.904659
0.903885
0.9124
0.904593
0.903483
0.912858
0.9046
0.905016
0.913007
0.904891
0.903538
0.912706
0.904076
0.904303
0.91454
0.903978
0.903763
0.913965
0.904657
0.903857
0.912767
0.904432
0.903534
0.913212
0.904682
0.903919
0.912514
0.904303
0.904409
0.912794
0.904431
0.903864
0.912674
0.90487
0.904432
0.912509
0.904671
0.903214
0.91305
0.904548
0.905936
0.914555
0.90403
0.903495
0.912303
0.904571
0.903625
0.912802
0.904405
0.903525
0.913103
0.904503
0.903611
0.913484
0.846802
0.903518
0.854602
0.904356
0.845488
0.912979
0.846028
0.898619
0.849075
0.899143
0.839899
0.907205
0.840943
0.8422
0.908464
0.840791
0.84005
0.848847
0.84075
0.840288
0.84889
0.841631
0.840134
0.849072
0.841264
0.840127
0.848523
0.841658
0.840647
0.849397
0.841219
0.84061
0.849132
0.840628
0.840542
0.848733
0.840563
0.840374
0.849022
0.841034
0.840034
0.849319
0.840932
0.839888
0.849729
0.842691
0.839925
0.849277
0.840589
0.840075
0.843869
0.835338
0.834741
0.843676
0.835614
0.835755
0.844312
0.835689
0.834665
0.843956
0.83552
0.835082
0.843898
0.835258
0.835043
0.843771
0.835033
0.835348
0.843922
0.835307
0.836774
0.84378
0.835883
0.835184
0.844605
0.835726
0.83471
0.844233
0.835062
0.834909
0.843627
0.835463
0.834972
0.843731
0.83629
0.836058
0.843612
0.835542
0.834593
0.843662
0.83594
0.835163
0.844751
0.835302
0.834911
0.844035
0.835263
0.834959
0.843616
0.836426
0.834977
0.843733
0.836001
0.836125
0.844109
0.83555
0.834387
0.843804
0.835072
0.835211
0.843656
0.835292
0.834984
0.844074
0.83603
0.835232
0.843776
0.836022
0.834876
0.844055
0.836021
0.835587
0.843994
0.835295
0.834781
0.843629
0.835465
0.83597
0.846446
0.835963
0.834703
0.843803
0.835558
0.835444
0.844292
0.835608
0.834764
0.844249
0.83558
0.835735
0.84393
0.83556
0.835517
0.843332
0.835959
0.834538
0.844044
0.835816
0.834715
0.844581
0.835914
0.83479
0.843636
0.83522
0.834572
0.843616
0.835197
0.829378
0.838401
0.830341
0.828981
0.837935
0.830039
0.829551
0.838523
0.830875
0.829044
0.838309
0.829753
0.829287
0.837954
0.830164
0.829011
0.838139
0.830257
0.829659
0.779852
0.830053
0.829193
0.779983
0.829998
0.829842
0.779746
0.829984
0.771462
0.838704
0.77334
0.829622
0.783171
0.830243
0.770567
0.838445
0.772024
0.829451
0.780507
0.830339
0.770992
0.838205
0.771789
0.829426
0.780292
0.833614
0.771229
0.838517
0.771867
0.823758
0.774821
0.825407
0.765752
0.833303
0.766784
0.765974
0.833288
0.766364
0.765128
0.833219
0.766683
0.766091
0.833067
0.766701
0.765793
0.774775
0.824985
0.765429
0.774709
0.767054
0.765724
0.774993
0.766566
0.765692
0.774522
0.766681
0.765405
0.774647
0.766807
0.765715
0.774565
0.766575
0.765931
0.775519
0.766754
0.765967
0.774798
0.766156
0.765862
0.774815
0.766671
0.767717
0.775115
0.766894
0.765474
0.774619
0.766589
0.765575
0.77493
0.767251
0.76611
0.774607
0.766911
0.766042
0.774294
0.766487
0.765957
0.775313
0.766502
0.765816
0.774826
0.766895
0.765328
0.775205
0.766731
0.766088
0.775046
0.766512
0.765452
0.774532
0.766583
0.767137
0.775141
0.767224
0.765331
0.775063
0.766954
0.766011
0.775252
0.766856
0.765536
0.774801
0.766372
0.766228
0.775073
0.766789
0.766098
0.775048
0.76656
0.765826
0.774062
0.767186
0.765431
0.77531
0.766924
0.765993
0.774997
0.766703
0.766194
0.774437
0.76648
0.766213
0.775057
0.766781
0.766004
0.774641
0.766661
0.765776
0.775045
0.766921
0.765727
0.777195
0.766998
0.765934
0.774984
0.768634
0.765913
0.774657
0.771192
0.765939
0.774688
0.767232
0.7658
0.7757
0.76649
0.760965
0.769389
0.761326
0.760531
0.769405
0.761463
0.760781
0.769236
0.761551
0.760832
0.770216
0.761731
0.762212
0.771182
0.761258
0.760868
0.769498
0.760991
0.760891
0.768598
0.761277
0.760802
0.769597
0.761448
0.761024
0.771144
0.761366
0.760382
0.769416
0.761619
0.760842
0.76934
0.760993
0.760629
0.769473
0.761003
0.760551
0.76905
0.7614
0.760185
0.76893
0.761814
0.760353
0.769975
0.762522
0.760502
0.769212
0.761404
0.760577
0.76973
0.761422
0.760467
0.769623
0.76127
0.755013
0.763947
0.755989
0.754986
0.76429
0.75606
0.755008
0.764461
0.756204
0.754863
0.764034
0.756174
0.755331
0.764401
0.755994
0.75701
0.764854
0.755763
0.754894
0.763922
0.756131
0.754859
0.764081
0.755828
0.754808
0.763902
0.755953
0.755097
0.764028
0.756183
0.755037
0.76441
0.756045
0.754945
0.76494
0.757114
0.756704
0.764091
0.756002
0.754811
0.763962
0.755883
0.755373
0.76449
0.756221
0.755164
0.763603
0.755921
0.754908
0.764457
0.756468
0.755219
0.764012
0.755647
0.755535
0.763687
0.757476
0.755608
0.764129
0.756308
0.75531
0.764197
0.756525
0.75506
0.764057
0.756335
0.755505
0.764107
0.755217
0.755077
0.764023
0.756088
0.755163
0.763749
0.756014
0.755193
0.765215
0.755951
0.754917
0.764541
0.75594
0.754911
0.763855
0.755993
0.755182
0.763877
0.755991
0.755526
0.764226
0.756448
0.756048
0.763666
0.75599
0.75518
0.764374
0.756102
0.755333
0.763991
0.756279
0.756409
0.764386
0.755955
0.749942
0.758896
0.750574
0.749513
0.758441
0.750603
0.749722
0.758805
0.750849
0.750066
0.758939
0.750177
0.750114
0.75923
0.74887
0.744311
0.75326
0.745657
0.744178
0.753442
0.745783
0.744089
0.753902
0.745721
0.744392
0.753256
0.745367
0.74427
0.753973
0.745346
0.744626
0.754063
0.745281
0.744684
0.75355
0.745542
0.744088
0.753794
0.745473
0.743989
0.753385
0.745255
0.744352
0.752704
0.745346
0.744254
0.7535
0.745871
0.744752
0.753313
0.745624
0.744082
0.753713
0.745632
0.744843
0.753222
0.745336
0.744056
0.753281
0.745314
0.744801
0.754791
0.745606
0.743796
0.753299
0.745585
0.744481
0.753407
0.748326
0.744251
0.753075
0.745242
0.744177
0.753594
0.745291
0.744967
0.753358
0.74581
0.743973
0.752759
0.745774
0.744099
0.753331
0.745816
0.744239
0.753233
0.744891
0.744263
0.753085
0.745486
0.744542
0.753366
0.745675
0.744249
0.753258
0.745531
0.744139
0.753118
0.745977
0.743942
0.753609
0.745569
0.744377
0.753259
0.745189
0.744378
0.753092
0.745886
0.744402
0.753988
0.745227
0.746349
0.753936
0.745918
0.744086
0.752908
0.745384
0.744291
0.753299
0.745626
0.744426
0.753494
0.746002
0.744016
0.753036
0.747957
0.744115
0.748391
0.74075
0.738912
0.748047
0.739857
0.739219
0.747747
0.7415
0.739047
0.748194
0.740176
0.739008
0.747619
0.740409
0.739538
0.748305
0.740205
0.738907
0.748068
0.73951
0.73889
0.750792
0.739745
0.739329
0.747905
0.740009
0.738693
0.748051
0.740616
0.738984
0.748718
0.740876
0.738731
0.747807
0.741515
0.739287
0.748363
0.740113
0.739351
0.748428
0.740259
0.739037
0.747751
0.740095
0.733507
0.743205
0.735088
0.733919
0.743783
0.737746
0.733709
0.742182
0.734616
0.733358
0.742554
0.735212
0.733242
0.742721
0.734797
0.73364
0.743097
0.734992
0.735115
0.744972
0.734582
0.733928
0.743004
0.734208
0.733796
