0.724257
0.702494
0.703588
0.69515
0.689098
0.685264
0.679781
0.679465
0.677285
0.684946
0.676502
0.670253
0.670508
0.681624
0.673989
0.668296
0.674209
0.66364
0.673265
0.662895
0.664466
0.667586
0.679884
0.66734
0.658814
0.661854
0.661451
0.662544
0.666813
0.660798
0.662501
0.665365
0.668418
0.660025
0.672465
0.680431
0.664511
0.67372
0.671321
0.669566
0.665373
0.667169
0.655057
0.657486
0.658053
0.678379
0.682413
0.663457
0.662408
0.668538
0.668993
0.673047
0.669099
0.66372
0.663823
0.666469
0.66617
0.668022
0.664859
0.662747
0.664748
0.664395
0.678535
0.658771
0.667024
0.664256
0.669822
0.662912
0.672025
0.660051
0.666641
0.667487
0.671814
0.667191
0.666238
0.65926
0.662495
0.680518
0.657823
0.670915
0.6646
0.669929
0.661926
0.670072
0.665063
0.669736
0.670672
0.666345
0.664868
0.670677
0.669949
0.6644
0.67184
0.669537
0.674439
0.679874
0.676425
0.666644
0.666126
0.664565
0.665139
0.662163
0.660399
0.662226
0.665596
0.672612
0.669651
0.664309
0.665941
0.667033
0.669301
0.658724
0.662648
0.659409
0.671868
0.671515
0.666026
0.662756
0.667786
0.664951
0.669301
0.676259
0.666298
0.665242
0.665203
0.672355
0.665202
0.669579
0.670746
0.67484
0.664034
0.671989
0.661341
0.661462
0.66517
0.680732
0.660085
0.66893
0.662586
0.663133
0.662086
0.677878
0.658805
0.674414
0.667397
0.659409
0.668094
0.666033
0.658814
0.662808
0.661191
0.674628
0.665822
0.66206
0.673441
0.667153
0.661699
0.670391
0.673564
0.662011
0.669432
0.674637
0.660536
0.672881
0.669058
0.658384
0.658805
0.670533
0.66135
0.665388
0.672057
0.671621
0.653167
0.669075
0.666729
0.665382
0.668843
0.665094
0.657699
0.660127
0.661939
0.661681
0.657097
0.669448
0.665806
0.66743
0.667455
0.659712
0.662833
0.664424
0.674719
0.661732
0.67113
0.662344
0.670097
0.659269
0.656653
0.661161
0.662626
0.658975
0.664454
0.664477
0.666088
0.669103
0.663568
0.664365
0.672105
0.663927
0.6715
0.664992
0.666771
0.672735
0.666369
0.669079
0.669151
0.671156
0.665353
0.672682
0.661938
0.670605
0.664649
0.668415
0.657557
0.657144
0.662172
0.660708
0.663338
0.664223
0.658566
0.663535
0.670352
0.662023
0.665877
0.673205
0.666932
0.668617
0.669921
0.667712
0.670687
0.672882
0.663969
0.672269
0.668267
0.677767
0.681781
0.665598
0.666255
0.658191
0.674448
0.672579
0.663907
0.671131
0.664286
0.660826
0.657865
0.655788
0.668243
0.654946
0.659662
0.661361
0.657803
0.666084
0.663326
0.674059
0.662362
0.666981
0.663999
0.65699
0.670698
0.654115
0.67391
0.657636
0.655744
0.668806
0.655713
0.673894
0.663366
0.669262
0.661686
0.662193
0.671446
0.659722
0.661948
0.663072
0.66127
0.664816
0.677578
0.668596
0.661367
0.666688
0.668175
0.659113
0.655908
0.664543
0.667241
0.666488
0.659384
0.672153
0.660137
0.665035
0.667043
0.676019
0.664372
0.664412
0.667024
0.661647
0.654602
0.656838
0.671724
0.677162
0.668288
0.666911
0.662294
0.662761
0.661804
0.65058
0.670807
0.66195
0.663173
0.658912
0.670732
0.665362
0.662365
0.655023
0.665392
0.659062
0.662183
0.663847
0.664193
0.660768
0.662196
0.669572
0.667649
0.668379
0.66465
0.660089
0.665911
0.667955
0.66556
0.663291
0.662211
0.666669
0.661923
0.661819
0.652912
0.653474
0.661929
0.655244
0.665248
0.655666
0.656058
0.659054
0.662736
0.669702
0.659623
0.662102
0.661686
0.662993
0.665501
0.662472
0.660499
0.665294
0.660838
0.665768
0.667428
0.655241
0.655956
0.659638
0.664687
0.663354
0.667418
0.658974
0.669618
0.653183
0.663071
0.663114
0.660598
0.660489
0.662973
0.661465
0.657514
0.664037
0.660571
0.656151
0.667898
0.658189
0.669029
0.660705
0.668637
0.661983
0.666867
0.653305
0.664713
0.657298
0.670034
0.674959
0.660596
0.660649
0.656251
0.671981
0.661767
0.66054
0.659743
0.657785
0.660306
0.654286
0.663594
0.66481
0.66041
0.657635
0.651768
0.661848
0.664841
0.662049
0.662637
0.656743
0.653484
0.671252
0.675546
0.675289
0.664826
0.655753
0.65683
0.665661
0.656215
0.653732
0.659012
0.652445
0.665266
0.662523
0.664216
0.651362
0.659183
0.664568
0.651996
0.659699
0.664723
0.651424
0.660574
0.66397
0.65057
0.668584
0.65175
0.650069
0.660432
0.65829
0.657329
0.653768
0.661021
0.650525
0.664362
0.656949
0.661963
0.656305
0.652722
0.663037
0.657204
0.663525
0.669935
0.66178
0.657012
0.658752
0.656202
0.658991
0.650486
0.656969
0.651566
0.663814
0.658442
0.658187
0.653876
0.655779
0.657689
0.658624
0.650283
0.652679
0.660944
0.653554
0.650582
0.65267
0.655294
0.656775
0.660122
0.665044
0.653429
0.656691
0.661138
0.660967
0.66157
0.659708
0.668673
0.662378
0.65614
0.655077
0.656373
0.651374
0.675105
0.678824
0.658716
0.657208
0.652872
0.651818
0.676121
0.665417
0.652754
0.648538
0.660436
0.657406
0.652782
0.655614
0.667346
0.654928
0.660097
0.653405
0.6563
0.652123
0.650146
0.659831
0.659846
0.651016
0.646479
0.652521
0.661404
0.660774
0.658294
0.660446
0.655678
0.656146
0.662059
0.662348
0.650007
0.660151
0.652023
0.651035
0.659527
0.650884
0.651046
0.659552
0.650911
0.650959
0.659462
0.652533
0.650788
0.660191
0.650556
0.651452
0.654669
0.650598
0.650649
0.660444
0.652757
0.651367
0.660422
0.651125
0.650395
0.660091
0.650486
0.650292
0.660036
0.650967
0.646896
0.660063
0.651105
0.650768
0.659919
0.65086
0.651206
0.663448
0.651052
0.651475
0.655476
0.645702
0.645241
0.654586
0.645396
0.645081
0.660758
0.650656
0.652761
0.660196
0.646162
0.645315
0.654357
0.64549
0.646391
0.655108
0.64561
0.646808
0.65507
0.645678
0.645308
0.654568
0.645029
0.64541
0.659955
0.646318
0.646868
0.654924
0.6462
0.646082
0.655097
0.645516
0.645705
0.655581
0.645404
0.641382
0.649402
0.64046
0.639838
0.649455
0.639988
0.639906
0.649069
0.640272
0.641646
0.649559
0.640088
0.640488
0.649233
0.639991
0.639462
0.649209
0.639754
0.639886
0.650252
0.64071
0.640075
0.649196
0.640159
0.639797
0.649402
0.640697
0.640238
0.649196
0.639977
0.639348
0.649331
0.641388
0.640157
0.648923
0.640395
0.64007
0.64895
0.640322
0.640052
0.649588
0.640713
0.639729
0.650112
0.640419
0.64018
0.649974
0.639809
0.64083
0.649415
0.640356
0.640226
0.649591
0.640161
0.640135
0.649133
0.640068
0.640101
0.649406
0.64019
0.641745
0.649541
0.639681
0.640527
0.649613
0.640105
0.640328
0.649396
0.640885
0.64021
0.649295
0.640395
0.640288
0.649466
0.640172
0.641423
0.649416
0.639798
0.640046
0.649564
0.639999
0.640421
0.648786
0.640881
0.640195
0.649083
0.639945
0.639772
0.649274
0.640162
0.640097
0.6496
0.641673
0.640431
0.649472
0.639978
0.640603
0.648785
0.640221
0.63999
0.649069
0.640142
0.641167
0.649362
0.640425
0.640579
0.649672
0.639673
0.639863
0.648633
0.640041
0.641425
0.649715
0.634589
0.635096
0.649052
0.640415
0.639572
0.649021
0.639915
0.641104
0.648779
0.63963
0.639898
0.649183
0.639791
0.640213
0.649216
0.640408
0.641793
0.6492
0.640081
0.639457
0.649495
0.635231
0.63478
0.644171
0.634561
0.634569
0.648781
0.635231
0.634927
0.643577
0.634981
0.635085
0.643883
0.640266
0.634647
0.649186
0.640542
0.640087
0.646406
0.634563
0.634856
0.6437
0.63475
0.634545
0.643515
0.635144
0.635151
0.643668
0.635145
0.634791
0.64475
0.63492
0.634588
0.643647
0.634966
0.634941
0.644016
0.63682
0.638174
0.643743
0.635223
0.635105
0.645716
0.634864
0.634655
0.643984
0.634787
0.634732
0.643966
0.634768
0.634855
0.64372
0.635272
0.634849
0.643877
0.635322
0.635132
0.644104
0.636053
0.634806
0.646322
0.635133
0.634609
0.644233
0.63474
0.634981
0.643513
0.635518
0.634767
0.645137
0.635533
0.634566
0.643545
0.6351
0.634865
0.644157
0.634917
0.634383
0.64362
0.634905
0.63451
0.643576
0.634887
0.63549
0.644074
0.63482
0.634783
0.643716
0.635413
0.63534
0.645279
0.635204
0.636936
0.644127
0.634942
0.635256
0.644731
0.635468
0.634679
0.64397
0.635256
0.635283
0.643971
0.635359
0.634821
0.643852
0.635053
0.635023
0.644536
0.634855
0.634968
0.643934
0.634794
0.635495
0.644634
0.635007
0.63654
0.644501
0.638454
0.634767
0.644276
0.635164
0.634577
0.643682
0.634959
0.634763
0.644116
0.635074
0.635054
0.644128
0.635543
0.634791
0.643522
0.635348
0.634967
0.644157
0.63537
0.634914
0.644229
0.634767
0.635227
0.644717
0.635074
0.634682
0.645465
0.635744
0.635042
0.644005
0.635375
0.629424
0.639768
0.629885
0.629386
0.644441
0.63456
0.635004
0.644262
0.635353
0.633045
0.638445
0.629888
0.6297
0.638784
0.63006
0.629042
0.638941
0.630015
0.629639
0.638485
0.629385
0.631539
0.6389
0.629879
0.629611
0.638613
0.630623
0.62967
0.633208
0.62508
0.624039
0.633308
0.62482
0.624176
0.635302
0.630095
0.629867
0.638771
0.629936
0.624102
0.632986
0.62474
0.624347
0.633709
0.624442
0.624436
0.634047
0.624944
0.624452
0.633302
0.624479
0.624253
0.633528
0.624384
0.625782
0.633141
0.624631
0.624458
0.63353
0.624596
0.624038
0.633457
0.625071
0.624753
0.633292
0.624547
0.624361
0.633305
0.624922
0.62414
0.633266
0.625797
0.624609
0.633126
0.624687
0.624425
0.633742
0.62488
0.624584
0.633798
0.624518
0.623914
0.632893
0.624438
0.623778
0.633503
0.62494
0.624973
0.634078
0.62526
0.625626
0.633592
0.627557
0.624147
0.633578
0.624138
0.624206
0.633745
0.624551
0.624372
0.632871
0.624515
0.624511
0.633343
0.624675
0.624443
0.633563
0.624531
0.62444
0.633022
0.624574
0.624105
0.633587
0.624436
0.624446
0.633831
0.625164
0.624195
0.633743
0.624943
0.62473
0.633478
0.624633
0.624701
0.633822
0.624482
0.624305
0.632742
0.626671
0.624008
0.633318
0.6252
0.624174
0.633765
0.62459
0.624744
0.633214
0.624946
0.625126
0.633536
0.624457
0.624353
0.633193
0.624392
0.625219
0.632794
0.624835
0.624674
0.628937
0.619513
0.61886
0.628298
0.61922
0.618809
0.627609
0.619269
0.618834
0.628188
0.619402
0.619
0.628217
0.619749
0.618828
0.628095
0.61964
0.619056
0.628344
0.618836
0.6191
0.630376
0.619254
0.618962
0.627724
0.619277
0.619138
0.628081
0.619501
0.619311
0.628653
0.619393
0.619699
0.627791
0.619641
0.618831
0.62822
0.619527
0.6188
0.627929
0.620084
0.618876
0.627698
0.61922
0.618831
0.628437
0.623438
0.619104
0.628372
0.619995
0.618629
0.627565
0.618797
0.618956
0.628265
0.619021
0.618723
0.628101
0.619284
0.618874
0.628261
0.619348
0.618876
0.628217
0.619534
0.620678
0.62846
0.613737
0.613747
0.622285
0.614198
0.613365
0.622411
0.614086
0.613688
0.623554
0.614499
0.613573
0.62267
0.613779
0.613515
0.623139
0.614469
0.614045
0.62252
0.614273
0.613705
0.62242
0.613763
0.613673
0.622818
0.614792
0.61382
0.62332
0.613715
0.613349
0.621836
0.613712
0.613524
0.622668
0.614238
0.613687
0.622631
0.614057
0.613076
0.622896
0.614511
0.613515
0.622906
0.613642
0.615735
0.623662
0.613844
0.613503
0.622469
0.614147
0.613462
0.622849
0.614052
0.613519
0.623282
0.614183
0.613487
0.622494
0.614103
0.613332
0.622612
0.61371
0.61359
0.62338
0.613681
0.613266
0.622309
0.614763
0.613702
0.622745
0.608799
0.608612
0.617253
0.609932
0.608757
0.617002
0.608495
0.608264
0.617468
0.608619
0.60817
0.617621
0.608572
0.608123
0.617544
0.608681
0.608424
0.617714
0.608658
0.608404
0.618021
0.610362
0.608309
0.617005
0.608791
0.61131
0.617292
0.608826
0.608737
0.618048
0.608836
0.608323
0.617508
0.609232
0.610805
0.617091
0.608721
0.608147
0.617263
0.608485
0.608004
0.616994
0.60854
0.608657
0.617754
0.608842
0.608583
0.617522
0.608782
0.607995
0.617102
0.608621
0.60877
0.617771
0.608734
0.607879
0.617358
0.608915
0.607983
0.617296
0.609258
0.608246
0.617945
0.60838
0.608171
0.619228
0.608544
0.608446
0.61703
0.609609
0.609102
0.618341
0.608731
0.608255
0.618533
0.609041
0.608358
0.617254
0.6087
0.609333
0.61714
0.608616
0.608754
0.617755
0.609046
0.60791
0.617721
0.609001
0.608287
0.617995
0.609077
0.608479
0.617527
0.608538
0.602768
0.611754
0.603261
0.603122
0.613052
0.60342
0.602788
0.611571
0.603486
0.602904
0.611667
0.60352
0.603034
0.61214
0.603197
0.602895
0.612036
0.603433
0.602848
0.612053
0.603703
0.603107
0.612117
0.60369
0.603045
0.612289
0.603795
0.602971
0.611791
0.603555
0.60278
0.611919
0.603195
0.605119
0.611847
0.60341
0.604442
0.611786
0.603257
0.602822
0.612283
0.603908
0.60315
0.612205
0.603643
0.602689
0.611681
0.603248
0.602987
0.611908
0.603552
0.602621
0.606793
0.598891
0.597243
0.606642
0.600498
0.597508
0.606815
0.598529
0.597691
0.606826
0.597992
0.602989
0.611903
0.603514
0.599021
0.606385
0.598474
0.597627
0.607044
0.59851
0.597666
0.606647
0.598138
0.597692
0.607082
0.598087
0.5976
0.606567
0.598133
0.597274
0.606618
0.598187
0.597035
0.607069
0.598546
0.598037
0.60667
0.598014
0.597372
0.606363
0.598186
0.597671
0.606395
0.598366
0.597498
0.606827
0.59826
0.598997
0.606698
0.598633
0.597448
0.606693
0.59793
0.598253
0.607294
0.597617
0.597735
0.607932
0.598423
0.597593
0.606752
0.598089
0.597363
0.606899
0.598452
0.597953
0.606529
0.597933
0.597952
0.606652
0.597953
0.59765
0.606638
0.598444
0.598312
0.606454
0.598318
0.597242
0.607005
0.598283
0.599758
0.607902
0.597794
0.597445
0.606163
0.598255
0.59749
0.606791
0.598182
0.597272
0.607089
0.598292
0.597645
0.607373
0.598689
0.597483
0.606916
0.598154
0.597648
0.606808
0.59802
0.592498
0.600954
0.592859
0.591882
0.60128
0.592845
0.594195
0.602047
0.592936
0.592405
0.601259
0.592886
0.592441
0.601191
0.592734
0.592402
0.601308
0.593154
0.592181
0.600834
0.593681
0.592383
0.601693
0.593285
0.592793
0.601426
0.592853
0.592695
0.601008
0.592555
0.592526
0.601261
0.593104
0.592133
0.601564
0.592727
0.592189
0.601981
0.593183
0.592288
0.60161
0.592689
0.59232
0.595969
0.58734
0.586854
0.595876
0.587677
0.588011
0.596334
0.587592
0.586951
0.596366
0.587557
0.587159
0.596091
0.587379
0.587104
0.596011
0.58714
0.587488
0.596059
0.587547
0.588964
0.596128
0.587795
0.587311
0.596903
0.587837
0.586999
0.596714
0.587168
0.586941
0.595875
0.587469
0.587128
0.595996
0.588392
0.587761
0.595933
0.587626
0.58701
0.595869
0.587888
0.587271
0.597023
0.587413
0.587197
0.59623
0.587218
0.58719
0.595797
0.588266
0.587127
0.596051
0.588079
0.588391
0.596356
0.587668
0.586744
0.596137
0.587194
0.587356
0.59584
0.58726
0.587152
0.596237
0.587999
0.587324
0.596073
0.587904
0.586938
0.59644
0.588035
0.587804
0.596158
0.587348
0.58687
0.595778
0.587426
0.588136
0.597309
0.588023
0.586853
0.596029
0.587581
0.587722
0.596381
0.587711
0.586961
0.59659
0.587604
0.587958
0.596193
0.587424
0.587078
0.595647
0.587912
0.586417
0.596301
0.587852
0.586929
0.596807
0.588018
0.587113
0.595966
0.587241
0.58686
0.59568
0.587273
0.581496
0.590619
0.582514
0.581254
0.590232
0.582035
0.581875
0.590691
0.583107
0.58127
0.590683
0.58194
0.581217
0.59009
0.581959
0.58128
0.590381
0.582413
0.581857
0.590556
0.582225
0.581472
0.590573
0.582258
0.582238
0.590495
0.582027
0.581986
0.590864
0.583567
0.581876
0.593455
0.58231
0.581064
0.59069
0.582477
0.581717
0.591103
0.582463
0.581577
0.590516
0.582102
0.58157
0.59072
0.584179
0.581591
0.590752
0.582216
0.575862
0.585285
0.577306
0.576182
0.585525
0.577127
0.576496
0.585557
0.576717
0.57569
0.585297
0.576633
0.576582
0.585317
0.576891
0.576271
0.585234
0.576991
0.575979
0.585182
0.577451
0.576155
0.585717
0.577019
0.576194
0.585112
0.576932
0.575934
0.585116
0.577234
0.576136
0.585122
0.576997
0.576443
0.58614
0.57725
0.57649
0.585283
0.576749
0.576357
0.585202
0.576959
0.578127
0.585569
0.577369
0.576018
0.585211
0.57696
0.576087
0.585472
0.577508
0.576706
0.585262
0.577127
0.576668
0.584965
0.576763
0.576381
0.585346
0.576958
0.576314
0.585466
0.577259
0.57605
0.585731
0.577119
0.576371
0.585772
0.576983
0.576019
0.585151
0.576851
0.577515
0.585636
0.577632
0.575939
0.585537
0.577326
0.57647
0.585683
0.577202
0.576088
0.585475
0.576762
0.576735
0.585667
0.577163
0.576577
0.585604
0.57687
0.5763
0.584724
0.577259
0.576102
0.585991
0.577205
0.576478
0.585507
0.577169
0.576543
0.585152
0.576771
0.576593
0.585582
0.577149
0.576427
0.585133
0.576932
0.576289
0.585556
0.577234
0.576304
0.587713
0.57701
0.576324
0.585488
0.578925
0.576337
0.585195
0.581504
0.576498
0.58526
0.577674
0.576333
0.586267
0.577015
0.571481
0.580043
0.571602
0.571014
0.579903
0.57184
0.571214
0.579812
0.571946
0.571177
0.580279
0.572176
0.57268
0.580503
0.571677
0.571212
0.580132
0.571528
0.571388
0.57908
0.571548
0.571165
0.580166
0.571787
0.571491
0.581748
0.571658
0.570927
0.579884
0.572058
0.571173
0.579924
0.57149
0.571068
0.580017
0.571397
0.571031
0.579656
0.571665
0.570685
0.579637
0.57208
0.570949
0.580583
0.572889
0.571023
0.579872
0.571781
0.570971
0.580189
0.571653
0.570915
0.580148
0.571715
0.565413
0.574543
0.566295
0.565557
0.575004
0.566495
0.565531
0.575135
0.566585
0.565442
0.574572
0.565961
0.565868
0.574906
0.566273
0.567272
0.575426
0.566094
0.565418
0.574541
0.566599
0.565444
0.574864
0.566192
0.565257
0.574349
0.566243
0.56562
0.574561
0.566691
0.565563
0.574937
0.56646
0.565519
0.575636
0.566897
0.567193
0.574722
0.566376
0.565396
0.574584
0.566269
0.565728
0.575002
0.56663
0.565586
0.574234
0.566149
0.565523
0.57516
0.566866
0.565462
0.574619
0.566083
0.565991
0.574172
0.567905
0.565853
0.574683
0.566687
0.565812
0.574731
0.5668
0.565726
0.57474
0.56672
0.565948
0.574795
0.565805
0.565544
0.574707
0.566364
0.565699
0.574289
0.566428
0.565641
0.575929
0.5663
0.565517
0.575204
0.566367
0.565429
0.57456
0.566198
0.565559
0.574406
0.566319
0.565956
0.574753
0.566872
0.566647
0.574368
0.566227
0.565755
0.574956
0.566546
0.565805
0.574656
0.566695
0.566887
0.574775
0.566342
0.560496
0.569407
0.561011
0.560033
0.569041
0.560969
0.56029
0.569439
0.56135
0.560702
0.569629
0.560654
0.560624
0.569209
0.559115
0.554773
0.563748
0.555963
0.554649
0.56395
0.556226
0.554534
0.564508
0.555955
0.555029
0.563895
0.555741
0.554692
0.56395
0.555593
0.555099
0.564532
0.555744
0.555075
0.564047
0.555826
0.554548
0.564232
0.555929
0.55464
0.564052
0.555735
0.55483
0.563299
0.555648
0.554535
0.563995
0.556219
0.55518
0.563955
0.555753
0.554585
0.564277
0.556012
0.555398
0.563973
0.555794
0.554607
0.563773
0.555595
0.555152
0.564106
0.555981
0.554428
0.563894
0.555816
0.555011
0.564098
0.558421
0.554716
0.563769
0.555661
0.554632
0.564168
0.555757
0.555394
0.563875
0.555882
0.554528
0.563268
0.556191
0.554635
0.563974
0.55626
0.554828
0.563835
0.555334
0.554739
0.563588
0.555778
0.555073
0.563927
0.556063
0.554543
0.563891
0.555963
0.554791
0.563805
0.556255
0.554666
0.564225
0.55604
0.554754
0.563631
0.555641
0.554861
0.563591
0.556188
0.555088
0.564226
0.555591
0.556701
0.564439
0.556228
0.55462
0.563606
0.555834
0.554776
0.563692
0.555809
0.554901
0.563926
0.556326
0.554632
0.563634
0.558034
0.554619
0.558877
0.550875
0.549508
0.558656
0.550208
0.549598
0.558261
0.551776
0.549547
0.558715
0.550463
0.549422
0.558257
0.550588
0.550009
0.558382
0.550656
0.549513
0.558664
0.549922
0.549485
0.561475
0.549957
0.549624
0.558436
0.55038
0.549146
0.558867
0.550626
0.549619
0.559164
0.55107
0.54925
0.558474
0.551899
0.549585
0.558843
0.550407
0.549842
0.558822
0.550499
0.549458
0.558375
0.550399
0.544108
0.55369
0.545363
0.544262
0.554416
0.547956
0.544121
0.552605
0.545038
0.54389
0.553152
0.545406
0.54368
0.553416
0.545069
0.544225
0.553659
0.545472
0.545431
0.55412
0.54485
0.544458
0.553416
0.544666
0.544245
