3.14192
2.4062
1.76618
1.30746
0.999536
0.792453
0.648816
0.545095
0.467209
0.406725
0.358436
0.319015
0.286237
0.258565
0.234905
0.214453
0.196605
0.180898
0.166971
0.154543
0.143384
0.133311
-0.125424
-0.123147
-0.120997
-0.118954
-0.117004
-0.115133
-0.113331
-0.111589
-0.109903
-0.108267
-0.106677
-0.105132
-0.10363
-0.102167
-0.100744
-0.0993589
-0.0980104
-0.0966976
-0.0954194
-0.0941747
-0.0929627
-0.0917824
-0.0906329
-0.0895132
-0.0884224
-0.0873596
-0.0863239
-0.0853145
-0.0843305
-0.0833712
-0.0824357
-0.0815234
-0.0806335
-0.0797654
-0.0789184
-0.078092
-0.0772854
-0.0764982
-0.0757297
-0.0749795
-0.074247
-0.0735316
-0.072833
-0.0721506
-0.071484
-0.0708327
-0.0701964
-0.0695746
-0.0689669
-0.0683729
-0.0677924
-0.0672248
-0.0666699
-0.0661273
-0.0655967
-0.0650777
-0.0645702
-0.0640737
-0.063588
-0.0631129
-0.0626479
-0.0621929
-0.0617477
-0.0613119
-0.0608854
-0.0604678
-0.060059
-0.0596588
-0.0592669
-0.0588831
-0.0585072
-0.058139
-0.0577784
-0.0574252
-0.0570791
-0.05674
-0.0564077
-0.056082
-0.0557629
-0.0554501
-0.0551435
-0.0548429
-0.0545481
-0.0542592
-0.0539758
-0.0536979
-0.0534254
-0.0531581
-0.0528958
-0.0526386
-0.0523862
-0.0521385
-0.0518955
-0.051657
-0.0514229
-0.0511932
-0.0509676
-0.0507462
-0.0505287
-0.0503153
-0.0501056
-0.0498997
-0.0496975
-0.0494989
-0.0493037
-0.049112
-0.0489236
-0.0487385
-0.0485566
-0.0483778
-0.0482021
-0.0480293
-0.0478595
-0.0476925
-0.0475283
-0.0473668
-0.047208
-0.0470519
-0.0468982
-0.0467471
-0.0465984
-0.0464521
-0.0463081
-0.0461664
-0.0460269
-0.0458897
-0.0457545
-0.0456215
-0.0454905
-0.0453615
-0.0452345
-0.0451093
-0.0449861
-0.0448647
-0.0447451
-0.0446273
-0.0445112
-0.0443967
-0.044284
-0.0441728
-0.0440632
-0.0439552
-0.0438487
-0.0437437
-0.0436401
-0.043538
-0.0434372
-0.0433378
-0.0432398
-0.043143
-0.0430476
-0.0429534
-0.0428604
-0.0427687
-0.0426781
-0.0425887
-0.0425004
-0.0424132
-0.0423271
-0.0422421
-0.0421581
-0.0420751
-0.0419932
-0.0419122
-0.0418327
-0.0417563
-0.0416821
-0.0416104
-0.0415413
-0.0414747
-0.0414105
-0.0413487
-0.0412892
-0.0412318
-0.0411764
-0.041123
-0.0410715
-0.0410218
-0.0409738
-0.0409277
-0.0408832
-0.0408403
-0.0407991
-0.0407593
-0.0407208
-0.0406835
-0.0406476
-0.0406123
-0.0405769
-0.0405416
-0.0405063
-0.040471
-0.0404358
-0.0404005
-0.0403652
-0.04033
-0.0402948
-0.0402596
-0.0402245
-0.0401894
-0.0401543
-0.0401192
-0.0400842
-0.0400493
-0.0400143
-0.0399794
-0.0399446
-0.0399098
-0.039875
-0.0398403
-0.0398057
-0.0397711
-0.0397365
-0.039702
-0.0396676
-0.0396332
-0.0395989
-0.0395646
-0.0395304
-0.0394962
-0.0394621
-0.039428
-0.0393941
-0.0393601
-0.0393262
-0.0392924
-0.0392587
-0.039225
-0.0391913
-0.0391581
-0.0391249
-0.0390918
-0.0390591
-0.0390264
-0.0389938
-0.0389612
-0.0389287
-0.0388963
-0.0388639
-0.0388315
-0.0387992
-0.0387669
-0.0387347
-0.0387028
-0.038671
-0.0386392
-0.0386075
-0.038576
-0.0385446
-0.0385132
-0.0384821
-0.0384511
-0.0384201
-0.0383894
-0.0383587
-0.0383281
-0.0382978
-0.0382677
-0.0382377
-0.0382078
-0.0381781
-0.0381485
-0.0381191
-0.0380899
-0.0380609
-0.0380322
-0.0380037
-0.0379851
-0.037973
-0.0379607
-0.0379482
-0.0379356
-0.0379229
-0.03791
-0.0378969
-0.0378837
-0.0378703
-0.0378567
-0.0378429
-0.0378289
-0.0378148
-0.0378006
-0.0377861
-0.0377714
-0.0377565
-0.0377415
-0.0377262
-0.0377108
-0.0376953
-0.0376796
-0.0376637
-0.0376476
-0.0376313
-0.0376148
-0.0375982
-0.0375813
-0.0375643
-0.0375471
-0.0375297
-0.0375122
-0.0374946
-0.0374767
-0.0374587
-0.0374405
-0.0374222
-0.0374036
-0.0373849
-0.037366
-0.037347
-0.0373278
-0.0373084
-0.0372888
-0.0372691
-0.0372492
-0.0372292
-0.037209
-0.0371887
-0.0371682
-0.0371475
-0.0371267
-0.0371057
-0.0370845
-0.0370632
-0.0370417
-0.03702
-0.0369982
-0.0369762
-0.036954
-0.0369317
-0.0369092
-0.0368866
-0.0368638
-0.0368409
-0.0368178
-0.0367946
-0.0367712
-0.0367476
-0.0367239
-0.0367001
-0.0366761
-0.0366519
-0.0366276
-0.0366031
-0.0365784
-0.0365536
-0.0365287
-0.0365036
-0.0364783
-0.0364529
-0.0364273
-0.0364015
-0.0363756
-0.0363496
-0.0363234
-0.036297
-0.0362705
-0.0362438
-0.036217
-0.03619
-0.0361628
-0.0361356
-0.0361082
-0.0360806
-0.0360529
-0.0360251
-0.035997
-0.0359689
-0.0359405
-0.0359121
-0.0358834
-0.0358546
-0.0358257
-0.0357966
-0.0357674
-0.035738
-0.0357086
-0.035679
-0.0356493
-0.0356194
-0.0355893
-0.0355591
-0.0355288
-0.0354983
-0.0354676
-0.0354368
-0.0354059
-0.0353748
-0.0353435
-0.0353121
-0.0352805
-0.0352488
-0.035217
-0.035185
-0.0351528
-0.0351205
-0.035088
-0.0350554
-0.0350226
-0.0349897
-0.0349566
-0.0349236
-0.0348904
-0.0348569
-0.0348233
-0.0347894
-0.0347554
-0.0347213
-0.034687
-0.0346525
-0.0346179
-0.0345832
-0.0345483
-0.0345133
-0.0344781
-0.0344427
-0.0344072
-0.0343716
-0.0343357
-0.0342998
-0.0342637
-0.0342274
-0.034191
-0.0341545
-0.0341178
-0.034081
-0.0340441
-0.0340069
-0.0339696
-0.0339322
-0.0338946
-0.0338569
-0.033819
-0.0337811
-0.033743
-0.0337047
-0.0336663
-0.0336277
-0.033589
-0.0335502
-0.0335112
-0.033472
-0.0334327
-0.0333933
-0.0333537
-0.033314
-0.0332741
-0.0332341
-0.0331939
-0.0331536
-0.0331132
-0.0330726
-0.0330318
-0.0329909
-0.0329499
-0.0329087
-0.0328674
-0.032826
-0.0327844
-0.0327427
-0.0327009
-0.032659
-0.0326169
-0.0325747
-0.0325323
-0.0324898
-0.0324471
-0.0324043
-0.0323614
-0.0323183
-0.0322751
-0.0322318
-0.0321883
-0.0321447
-0.0321009
-0.032057
-0.032013
-0.0319688
-0.0319245
-0.0318801
-0.0318355
-0.0317908
-0.031746
-0.031701
-0.031656
-0.0316109
-0.0315656
-0.0315201
-0.0314746
-0.0314289
-0.0313831
-0.0313371
-0.031291
-0.0312448
-0.0311985
-0.031152
-0.0311054
-0.0310587
-0.0310118
-0.0309648
-0.0309177
-0.0308705
-0.0308231
-0.0307757
-0.030728
-0.0306803
-0.0306324
-0.0305845
-0.0305364
-0.0304881
-0.0304398
-0.0303913
-0.0303427
-0.0302941
-0.0302454
-0.0301965
-0.0301476
-0.0300985
-0.0300492
-0.0299999
-0.0299505
-0.0299009
-0.0298513
-0.0298015
-0.0297516
-0.0297016
-0.0296515
-0.0296014
-0.0295511
-0.0295007
-0.0294503
-0.0293997
-0.029349
-0.0292983
-0.0292474
-0.0291964
-0.0291452
-0.029094
-0.0290427
-0.0289912
-0.0289397
-0.028888
-0.0288362
-0.0287844
-0.0287324
-0.0286803
-0.0286281
-0.0285759
-0.0285236
-0.0284712
-0.0284188
-0.0283662
-0.0283137
-0.028261
-0.0282082
-0.0281553
-0.0281022
-0.0280491
-0.0279959
-0.0279426
-0.0278892
-0.0278357
-0.0277821
-0.0277284
-0.0276747
-0.0276208
-0.0275669
-0.0275129
-0.0274588
-0.0274047
-0.0273504
-0.0272961
-0.0272417
-0.0271872
-0.0271326
-0.0270779
-0.0270233
-0.0269686
-0.0269138
-0.0268589
-0.026804
-0.0267489
-0.0266939
-0.0266387
-0.0265835
-0.0265281
-0.0264728
-0.0264173
-0.0263618
-0.0263062
-0.0262506
-0.0261949
-0.0261391
-0.0260834
-0.0260277
-0.025972
-0.0259163
-0.0258603
-0.0258045
-0.0257485
-0.0256924
-0.0256364
-0.0255803
-0.0255239
-0.0254675
-0.0254115
-0.0253552
-0.0252988
-0.025242
-0.0251856
-0.025129
-0.0250724
-0.0250157
-0.0249591
-0.0249024
-0.0248455
-0.0247885
-0.0247319
-0.0246749
-0.0246176
-0.0245607
-0.0245038
-0.0244466
-0.0243894
-0.0243322
-0.024275
-0.0242179
-0.0241604
-0.0241029
-0.0240456
-0.0239882
-0.0239309
-0.0238736
-0.0238159
-0.0237586
-0.023701
-0.0236433
-0.0235857
-0.0235279
-0.0234704
-0.0234127
-0.0233552
-0.0232975
-0.0232397
-0.0231816
-0.0231239
-0.0230661
-0.0230085
-0.0229507
-0.0228928
-0.0228346
-0.0227768
-0.0227189
-0.0226612
-0.0226033
-0.0225453
-0.0224874
-0.0224292
-0.0223714
-0.0223134
-0.0222556
-0.0221976
-0.0221396
-0.0220814
-0.0220235
-0.0219654
-0.0219077
-0.0218497
-0.0217916
-0.0217337
-0.0216757
-0.0216176
-0.0215597
-0.0215017
-0.0214437
-0.0213858
-0.0213279
-0.02127
-0.0212119
-0.0211539
-0.0210962
-0.0210384
-0.0209805
-0.0209226
-0.0208645
-0.0208068
-0.020749
-0.0206911
-0.0206336
-0.0205759
-0.0205178
-0.0204602
-0.0204026
-0.0203448
-0.0202871
-0.0202294
-0.0201719
-0.0201144
-0.020057
-0.0199995
-0.0199419
-0.0198843
-0.0198268
-0.0197697
-0.0197121
-0.0196548
-0.0195976
-0.0195402
-0.0194831
-0.0194259
-0.0193686
-0.0193115
-0.0192545
-0.0191975
-0.0191403
-0.0190835
-0.0190265
-0.0189695
-0.0189127
-0.0188559
-0.0187993
-0.0187426
-0.0186858
-0.0186293
-0.0185727
-0.0185161
-0.0184596
-0.0184032
-0.0183469
-0.0182907
-0.0182345
-0.0181782
-0.0181218
-0.018066
-0.0180099
-0.0179539
-0.0178979
-0.0178418
-0.0177861
-0.0177305
-0.0176747
-0.017619
-0.0175634
-0.0175079
-0.0174525
-0.0173972
-0.0173419
-0.0172867
-0.0172314
-0.0171761
-0.0171212
-0.0170662
-0.0170112
-0.0169563
-0.0169016
-0.0168466
-0.0167921
-0.0167374
-0.0166831
-0.0166286
-0.0165741
-0.0165198
-0.0164656
-0.0164115
-0.0163575
-0.0163034
-0.0162495
-0.0161956
-0.016142
-0.0160883
-0.0160346
-0.015981
-0.0159276
-0.0158743
-0.0158208
-0.0157677
-0.0157147
-0.0156615
-0.0156085
-0.0155556
-0.015503
-0.0154503
-0.0153977
-0.0153449
-0.0152925
-0.0152402
-0.0151878
-0.0151358
-0.0150836
-0.0150315
-0.0149796
-0.0149277
-0.014876
-0.0148244
-0.014773
-0.0147216
-0.01467
-0.0146188
-0.0145675
-0.0145163
-0.0144655
-0.0144146
-0.0143637
-0.014313
-0.0142624
-0.0142117
-0.0141613
-0.0141111
-0.0140608
-0.0140108
-0.0139606
-0.0139106
-0.0138607
-0.0138113
-0.0137616
-0.013712
-0.0136624
-0.0136131
-0.0135639
-0.0135147
-0.0134658
-0.0134167
-0.0133681
-0.0133193
-0.0132706
-0.013222
-0.0131736
-0.0131253
-0.0130772
-0.0130291
-0.0129812
-0.0129331
-0.0128854
-0.0128376
-0.0127902
-0.0127427
-0.0126952
-0.0126479
-0.0126011
-0.012554
-0.0125071
-0.0124602
-0.0124135
-0.0123667
-0.0123203
-0.0122741
-0.0122276
-0.0121814
-0.0121355
-0.0120895
-0.0120436
-0.0119981
-0.0119525
-0.011907
-0.0118616
-0.0118163
-0.0117712
-0.0117262
-0.011681
-0.0116363
-0.0115917
-0.011547
-0.0115026
-0.0114581
-0.0114138
-0.0113696
-0.0113258
-0.0112819
-0.011238
-0.0111944
-0.0111508
-0.0111074
-0.011064
-0.0110209
-0.0109778
-0.0109348
-0.010892
-0.010849
-0.0108062
-0.0107638
-0.0107213
-0.010679
-0.010637
-0.0105949
-0.0105529
-0.010511
-0.0104693
-0.0104277
-0.0103863
-0.0103449
-0.0103037
-0.0102626
-0.0102216
-0.0101808
-0.01014
-0.0100994
-0.0100588
-0.0100184
-0.00997791
-0.00993754
-0.0098976
-0.00985754
-0.0098176
-0.00977784
-0.00973821
-0.00969872
-0.00965936
-0.00962012
-0.009581
-0.00954201
-0.00950313
-0.00946437
-0.00942572
-0.00938719
-0.00934877
-0.00931047
-0.00927229
-0.00923422
-0.00919627
-0.00915844
-0.00912072
-0.00908312
-0.00904564
-0.00900827
-0.00897101
-0.00893388
-0.00889686
-0.00885971
-0.00882273
-0.00878595
-0.00874932
-0.00871283
-0.00867649
-0.00864028
-0.00860419
-0.00856822
-0.00853237
-0.00849664
-0.00846102
-0.00842551
-0.00839012
-0.00835484
-0.00831968
-0.00828464
-0.00824971
-0.00821489
-0.00818019
-0.0081456
-0.00811112
-0.00807676
-0.00804252
-0.00800839
-0.00797437
-0.00794047
-0.00790668
-0.007873
-0.00783944
-0.00780599
-0.00777265
-0.00773943
-0.00770632
-0.00767308
-0.00764002
-0.00760715
-0.00757442
-0.00754183
-0.00750938
-0.00747705
-0.00744484
-0.00741275
-0.00738078
-0.00734891
-0.00731715
-0.00728551
-0.00725398
-0.00722255
-0.00719124
-0.00716004
-0.00712895
-0.00709796
-0.00706709
-0.00703633
-0.00700568
-0.00697513
-0.0069447
-0.00691438
-0.00688416
-0.00685405
-0.00682405
-0.00679416
-0.00676438
-0.0067347
-0.00670514
-0.00667568
-0.00664632
-0.00661708
-0.00658794
-0.00655891
-0.00652998
-0.00650116
-0.00647245
-0.00644384
-0.00641534
-0.00638695
-0.00635865
-0.00633047
-0.00630239
-0.00627441
-0.00624631
-0.00621839
-0.00619064
-0.00616302
-0.00613553
-0.00610816
-0.0060809
-0.00605376
-0.00602672
-0.00599979
-0.00597296
-0.00594623
-0.00591961
-0.00589308
-0.00586666
-0.00584033
-0.00581411
-0.00578799
-0.00576197
-0.00573605
-0.00571023
-0.00568451
-0.00565889
-0.00563336
-0.00560794
-0.00558262
-0.00555739
-0.00553226
-0.00550723
-0.0054823
-0.00545747
-0.00543273
-0.00540809
-0.00538355
-0.0053591
-0.00533475
-0.0053105
-0.00528634
-0.00526228
-0.00523831
-0.00521444
-0.00519066
-0.00516698
-0.00514339
-0.0051199
-0.0050965
-0.00507319
-0.00504998
-0.00502686
-0.00500383
-0.0049809
-0.00495805
-0.0049353
-0.00491264
-0.00489008
-0.0048676
-0.00484522
-0.00482292
-0.00480072
-0.0047786
-0.00475658
-0.00473465
-0.0047128
-0.00469105
-0.00466918
-0.00464747
-0.00462591
-0.00460447
-0.00458313
-0.00456188
-0.00454074
-0.00451969
-0.00449873
-0.00447786
-0.00445708
-0.00443639
-0.00441577
-0.00439525
-0.00437481
-0.00435445
-0.00433418
-0.004314
-0.0042939
-0.00427388
-0.00425394
-0.00423409
-0.00421433
-0.00419464
-0.00417504
-0.00415552
-0.00413609
-0.00411673
-0.00409746
-0.00407827
-0.00405916
-0.00404013
-0.00402118
-0.00400231
-0.00398353
-0.00396482
-0.00394619
-0.00392764
-0.00390917
-0.00389078
-0.00387247
-0.00385423
-0.00383607
-0.003818
-0.00379999
-0.00378207
-0.00376422
-0.00374645
-0.00372876
-0.00371114
-0.0036936
-0.00367613
-0.00365874
-0.00364142
-0.00362418
-0.00360702
-0.00358993
-0.00357291
-0.00355596
-0.00353909
-0.0035223
-0.00350557
-0.00348892
-0.00347234
-0.00345584
-0.0034394
-0.00342304
-0.00340675
-0.00339053
-0.00337438
-0.00335831
-0.0033423
-0.00332636
-0.0033105
-0.0032947
-0.00327897
-0.00326331
-0.00324773
-0.00323221
-0.00321675
-0.00320137
-0.00318606
-0.00317081
-0.00315563
-0.00314034
-0.00312537
-0.00311027
-0.00309528
-0.00308039
-0.00306559
-0.00305086
-0.00303621
-0.00302162
-0.0030071
-0.00299265
-0.00297827
-0.00296395
-0.0029497
-0.0029355
-0.00292138
-0.00290731
-0.00289331
-0.00287937
-0.0028655
-0.00285169
-0.00283794
-0.00282425
-0.00281062
-0.00279705
-0.00278355
-0.00277011
-0.00275673
-0.0027434
-0.00273014
-0.00271694
-0.0027038
-0.00269072
-0.0026777
-0.00266473
-0.00265183
-0.00263898
-0.00262619
-0.00261347
-0.00260079
-0.00258818
-0.00257563
-0.00256313
-0.00255069
-0.0025383
-0.00252597
-0.0025137
-0.00250149
-0.00248933
-0.00247722
-0.00246518
-0.00245318
-0.00244124
-0.00242936
-0.00241753
-0.00240576
-0.00239404
-0.00238237
-0.00237076
-0.0023592
-0.0023477
-0.00233624
-0.00232485
-0.0023135
-0.0023022
-0.00229096
-0.00227977
-0.00226863
-0.00225755
-0.00224651
-0.00223553
-0.00222459
-0.00221371
-0.00220288
-0.0021921
-0.00218137
-0.00217068
-0.00216005
-0.00214947
-0.00213894
-0.00212845
-0.00211802
-0.00210763
-0.00209729
-0.002087
-0.00207676
-0.00206657
-0.00205642
-0.00204632
-0.00203627
-0.00202627
-0.00201631
-0.0020064
-0.00199654
-0.00198672
-0.00197695
-0.00196722
-0.00195754
-0.0019479
-0.00193832
-0.00192877
-0.00191927
-0.00190982
-0.00190041
-0.00189091
-0.00188164
-0.00187227
-0.00186298
-0.00185376
-0.0018446
-0.00183549
-0.00182642
-0.0018174
-0.00180842
-0.00179949
-0.0017906
-0.00178176
-0.00177296
-0.00176419
-0.00175547
-0.0017468
-0.00173816
-0.00172956
-0.00172101
-0.00171249
-0.00170402
-0.00169558
-0.00168719
-0.00167884
-0.00167052
-0.00166225
-0.00165401
-0.00164582
-0.00163766
-0.00162954
-0.00162146
-0.00161342
-0.00160542
-0.00159746
-0.00158953
-0.00158165
-0.0015738
-0.00156598
-0.00155821
-0.00155047
-0.00154277
-0.00153511
-0.00152748
-0.00151989
-0.00151234
-0.00150482
-0.00149734
-0.00148989
-0.00148248
-0.00147511
-0.00146777
-0.00146047
-0.0014532
-0.00144597
-0.00143877
-0.0014316
-0.00142447
-0.00141738
-0.00141032
-0.00140329
-0.0013963
-0.00138934
-0.00138242
-0.00137552
-0.00136867
-0.00136184
-0.00135505
-0.00134829
-0.00134156
-0.00133487
-0.0013282
-0.00132157
-0.00131498
-0.00130841
-0.00130188
-0.00129537
-0.0012889
-0.00128246
-0.00127606
-0.00126968
-0.00126333
-0.00125702
-0.00125073
-0.00124448
-0.00123826
-0.00123206
-0.0012259
-0.00121977
-0.00121366
-0.00120759
-0.00120154
-0.00119553
-0.00118954
-0.00118359
-0.00117766
-0.00117176
-0.00116589
-0.00116005
-0.00115424
-0.00114845
-0.0011427
-0.00113697
-0.00113127
-0.0011256
-0.00111995
-0.00111434
-0.00110875
-0.00110319
-0.00109765
-0.00109214
-0.00108666
-0.00108121
-0.00107578
-0.00107038
-0.00106501
-0.00105966
-0.00105434
-0.00104904
-0.00104377
-0.00103853
-0.00103331
-0.00102812
-0.00102285
-0.00101776
-0.00101257
-0.00100754
-0.00100241
-0.000997421
-0.000992343
-0.000987411
-0.000982384
-0.000977405
-0.000972475
-0.000967575
-0.0009627
-0.000957851
-0.000953026
-0.000948226
-0.000943451
-0.0009387
-0.000933973
-0.00092927
-0.00092459
-0.000919933
-0.000915299
-0.000910688
-0.0009061
-0.000901534
-0.000896991
-0.00089247
-0.000887972
-0.000883495
-0.000879041
-0.000874609
-0.000870199
-0.000865811
-0.000861444
-0.000857099
-0.000852776
-0.000848473
-0.000844193
-0.000839933
-0.000835695
-0.000831477
-0.00082728
-0.000823105
-0.000818949
-0.000814815
-0.000810701
-0.000806607
-0.000802534
-0.000798481
-0.000794448
-0.000790435
-0.000786442
-0.000782468
-0.000778515
-0.000774581
-0.000770667
-0.000766772
-0.000762896
-0.00075904
-0.000755203
-0.000751384
-0.000747585
-0.000743805
-0.000740044
-0.000736301
-0.000732577
-0.000728871
-0.000725184
-0.000721515
-0.000717865
-0.000714232
-0.000710618
-0.000707022
-0.000703443
-0.000699883
-0.00069634
-0.000692814
-0.000689307
-0.000685817
-0.000682344
-0.000678888
-0.00067545
-0.000672029
-0.000668625
-0.000665238
-0.000661868
-0.000658515
-0.000655178
-0.000651859
-0.000648555
-0.000645268
-0.000641999
-0.000638745
-0.000635507
-0.000632285
-0.00062908
-0.00062589
-0.000622716
-0.000619558
-0.000616416
-0.000613289
-0.000610178
-0.000607083
-0.000604004
-0.000600939
-0.000597891
-0.000594857
-0.000591839
-0.000588836
-0.000585848
-0.000582875
-0.000579917
-0.000576973
-0.000574044
-0.00057113
-0.00056823
-0.000565345
-0.000562474
-0.000559618
-0.000556776
-0.000553948
-0.000551135
-0.000548335
-0.00054555
-0.000542778
-0.000540021
-0.000537277
-0.000534548
-0.000531831
-0.000529129
-0.00052644
-0.000523765
-0.000521103
-0.000518454
-0.000515819
-0.000513197
-0.000510588
-0.000507992
-0.000505409
-0.00050284
-0.000500283
-0.000497739
-0.000495207
-0.000492689
-0.000490183
-0.00048769
-0.000485136
-0.000482705
-0.000480199
-0.000477799
-0.00047532
-0.000472944
-0.000470491
-0.000468141
-0.000465713
-0.000463387
-0.000460985
-0.000458682
-0.000456304
-0.000454025
-0.00045167
-0.000449415
-0.000447083
-0.00044485
-0.000442542
-0.000440264
-0.000438014
-0.00043578
-0.000433558
-0.000431347
-0.000429148
-0.00042696
-0.000424784
-0.000422619
-0.000420466
-0.000418323
-0.000416192
-0.000414072
-0.000411962
-0.000409863
-0.000407775
-0.000405697
-0.00040363
-0.000401573
-0.000399526
-0.00039749
-0.000395464
-0.000393449
-0.000391443
-0.000389448
-0.000387463
-0.000385487
-0.000383522
-0.000381567
-0.000379621
-0.000377686
-0.00037576
-0.000373844
-0.000371938
-0.000370041
-0.000368154
-0.000366276
-0.000364408
-0.000362549
-0.0003607
-0.00035886
-0.00035703
-0.000355208
-0.000353396
-0.000351593
-0.000349799
-0.000348015
-0.000346239
-0.000344472
-0.000342715
-0.000340966
-0.000339226
-0.000337495
-0.000335772
-0.000334059
-0.000332354
-0.000330657
-0.000328969
-0.00032729
-0.000325619
-0.000323957
-0.000322303
-0.000320658
-0.000319021
-0.000317392
-0.000315771
-0.000314159
-0.000312555
-0.000310959
-0.000309371
-0.000307791
-0.000306219
-0.000304655
-0.000303099
-0.000301551
-0.000300011
-0.000298479
-0.000296954
-0.000295437
-0.000293928
-0.000292427
-0.000290933
-0.000289446
-0.000287968
-0.000286496
-0.000285033
-0.000283576
-0.000282127
-0.000280686
-0.000279251
-0.000277824
-0.000276405
-0.000274992
-0.000273587
-0.000272189
-0.000270797
-0.000269413
-0.000268036
-0.000266666
-0.000265303
-0.000263947
-0.000262598
-0.000261255
-0.00025992
-0.000258591
-0.000257269
-0.000255953
-0.000254645
-0.000253343
-0.000252047
-0.000250759
-0.000249476
-0.000248201
-0.000246931
-0.000245669
-0.000244412
-0.000243162
-0.000241919
-0.000240681
-0.00023945
-0.000238226
-0.000237007
-0.000235795
-0.000234589
-0.000233389
-0.000232195
-0.000231007
-0.000229825
-0.000228649
-0.00022748
-0.000226316
-0.000225158
-0.000224006
-0.00022286
-0.000221719
-0.000220585
-0.000219456
-0.000218333
-0.000217216
-0.000216104
-0.000214998
-0.000213898
-0.000212803
-0.000211714
-0.00021063
-0.000209552
-0.00020848
-0.000207413
-0.000206351
-0.000205295
-0.000204244
-0.000203198
-0.000202158
-0.000201123
-0.000200094
-0.000199069
-0.00019805
-0.000197036
-0.000196027
-0.000195024
-0.000194025
-0.000193032
-0.000192043
-0.00019106
-0.000190082
-0.000189108
-0.000188139
-0.000187176
-0.000186217
-0.000185209
-0.000184292
-0.000183367
-0.000182374
-0.000181474
-0.000180504
-0.00017962
-0.000178657
-0.000177783
-0.000176829
-0.000175966
-0.00017502
-0.000174167
-0.000173229
-0.000172387
-0.000171457
-0.000170625
-0.000169704
-0.000168881
-0.000167969
-0.000167155
-0.000166252
-0.000165446
-0.000164553
-0.000163755
-0.00016287
-0.000162081
-0.000161205
-0.000160424
-0.000159557
-0.000158785
-0.000157926
-0.000157161
-0.000156312
-0.000155555
-0.000154713
-0.000153965
-0.000153132
-0.000152391
-0.000151566
-0.000150775
-0.000150058
-0.000149247
-0.000148465
-0.000147762
-0.000146963
-0.000146191
-0.0001455
-0.000144714
-0.000143953
-0.000143274
-0.000142499
-0.00014175
-0.000141021
-0.000140359
-0.000139599
-0.000138864
-0.00013815
-0.000137442
-0.000136738
-0.000136036
-0.000135338
-0.000134644
-0.000133953
-0.000133265
-0.000132581
-0.000131901
-0.000131225
-0.000130551
-0.000129882
-0.000129216
-0.000128553
-0.000127894
-0.000127238
-0.000126585
-0.000125936
-0.00012529
-0.000124648
-0.000124008
-0.000123372
-0.000122739
-0.00012211
-0.000121484
-0.00012086
-0.00012024
-0.000119624
-0.00011901
-0.0001184
-0.000117792
-0.000117188
-0.000116587
-0.000115989
-0.000115394
-0.000114802
-0.000114213
-0.000113627
-0.000113044
-0.000112464
-0.000111887
-0.000111313
-0.000110742
-0.000110174
-0.000109608
-0.000109046
-0.000108486
-0.00010793
-0.000107376
-0.000106825
-0.000106277
-0.000105732
-0.000105189
-0.00010465
-0.000104113
-0.000103578
-0.000103047
-0.000102518
-0.000101992
-0.000101469
-0.000100948
-0.00010043
-9.99146e-05
-9.94019e-05
-9.88918e-05
-9.83843e-05
-9.78795e-05
-9.73772e-05
-9.68775e-05
-9.63803e-05
-9.58857e-05
-9.53936e-05
-9.49041e-05
-9.4417e-05
-9.39325e-05
-9.34504e-05
-9.29708e-05
-9.24936e-05
-9.20189e-05
-9.15467e-05
-9.10768e-05
-9.06094e-05
-9.01443e-05
-8.96817e-05
-8.92214e-05
-8.87635e-05
-8.83079e-05
-8.78546e-05
-8.74037e-05
-8.69551e-05
-8.65087e-05
-8.60647e-05
-8.5623e-05
-8.51835e-05
-8.47462e-05
-8.43112e-05
-8.38785e-05
-8.34479e-05
-8.30196e-05
-8.25934e-05
-8.21695e-05
-8.17477e-05
-8.1328e-05
-8.09106e-05
-8.04952e-05
-8.0082e-05
-7.96709e-05
-7.92619e-05
-7.8855e-05
-7.84502e-05
-7.80475e-05
-7.76468e-05
-7.72482e-05
-7.68517e-05
-7.64571e-05
-7.60646e-05
-7.56741e-05
-7.52856e-05
-7.48991e-05
-7.45146e-05
-7.41321e-05
-7.37512e-05
-7.33726e-05
-7.29959e-05
-7.2621e-05
-7.22482e-05
-7.18772e-05
-7.15082e-05
-7.11411e-05
-7.0776e-05
-7.04127e-05
-7.00513e-05
-6.96917e-05
-6.9334e-05
-6.89781e-05
-6.86241e-05
-6.82718e-05
-6.79213e-05
-6.75726e-05
-6.72257e-05
-6.68805e-05
-6.65371e-05
-6.61954e-05
-6.58555e-05
-6.55174e-05
-6.51809e-05
-6.48462e-05
-6.45132e-05
-6.41819e-05
-6.38523e-05
-6.35244e-05
-6.31982e-05
-6.28736e-05
-6.25507e-05
-6.22295e-05
-6.19099e-05
-6.1592e-05
-6.12757e-05
-6.0961e-05
-6.06479e-05
-6.03365e-05
-6.00266e-05
-5.97183e-05
-5.94116e-05
-5.91065e-05
-5.8803e-05
-5.85009e-05
-5.82005e-05
-5.79016e-05
-5.76043e-05
-5.73085e-05
-5.70142e-05
-5.67214e-05
-5.64301e-05
-5.61403e-05
-5.5852e-05
-5.55652e-05
-5.52798e-05
-5.49959e-05
-5.47135e-05
-5.44325e-05
-5.41529e-05
-5.38748e-05
-5.35982e-05
-5.33229e-05
-5.3049e-05
-5.27766e-05
-5.25056e-05
-5.22359e-05
-5.19676e-05
-5.17007e-05
-5.14352e-05
-5.1171e-05
-5.09082e-05
-5.06468e-05
-5.03867e-05
-5.01279e-05
-4.98705e-05
-4.96143e-05
-4.93595e-05
-4.9106e-05
-4.88538e-05
-4.86029e-05
-4.83533e-05
-4.81049e-05
-4.78579e-05
-4.76121e-05
-4.73675e-05
-4.71242e-05
-4.68822e-05
-4.66414e-05
-4.64018e-05
-4.61635e-05
-4.59264e-05
-4.56905e-05
-4.54558e-05
-4.52223e-05
-4.499e-05
-4.4759e-05
-4.45291e-05
-4.43003e-05
-4.40728e-05
-4.38464e-05
-4.36212e-05
-4.33972e-05
-4.31742e-05
-4.29525e-05
-4.27319e-05
-4.25124e-05
-4.22941e-05
-4.20768e-05
-4.18607e-05
-4.16456e-05
-4.14317e-05
-4.12189e-05
-4.10072e-05
-4.07965e-05
-4.0587e-05
-4.03785e-05
-4.01711e-05
-3.99648e-05
-3.97595e-05
-3.95553e-05
-3.93521e-05
-3.915e-05
-3.89489e-05
-3.87488e-05
-3.85498e-05
-3.83517e-05
-3.81547e-05
-3.79587e-05
-3.77638e-05
-3.75698e-05
-3.73768e-05
-3.71848e-05
-3.69938e-05
-3.68038e-05
-3.66147e-05
-3.64266e-05
-3.62395e-05
-3.60534e-05
-3.58682e-05
-3.56839e-05
-3.55006e-05
-3.53183e-05
-3.51368e-05
-3.49564e-05
-3.47768e-05
-3.45982e-05
-3.44204e-05
-3.42436e-05
-3.40677e-05
-3.38927e-05
-3.37186e-05
-3.35454e-05
-3.33731e-05
-3.32017e-05
-3.30311e-05
-3.28615e-05
-3.26927e-05
-3.25247e-05
-3.23576e-05
-3.21914e-05
-3.2026e-05
-3.18615e-05
-3.16978e-05
-3.1535e-05
-3.1373e-05
-3.12119e-05
-3.10515e-05
-3.0892e-05
-3.07333e-05
-3.05755e-05
-3.04184e-05
-3.02621e-05
-3.01067e-05
-2.99518e-05
-2.97985e-05
-2.96458e-05
-2.94938e-05
-2.93424e-05
-2.91917e-05
-2.90417e-05
-2.88925e-05
-2.8744e-05
-2.85963e-05
-2.84494e-05
-2.83032e-05
-2.81578e-05
-2.80131e-05
-2.78692e-05
-2.77261e-05
-2.75836e-05
-2.7442e-05
-2.7301e-05
-2.71607e-05
-2.70212e-05
-2.68824e-05
-2.67443e-05
-2.66069e-05
-2.64702e-05
-2.63342e-05
-2.61989e-05
-2.60643e-05
-2.59304e-05
-2.57971e-05
-2.56646e-05
-2.55327e-05
-2.54015e-05
-2.5271e-05
-2.51412e-05
-2.5012e-05
-2.48835e-05
-2.47557e-05
-2.46285e-05
-2.4502e-05
-2.43761e-05
-2.42509e-05
-2.41263e-05
-2.40023e-05
-2.3879e-05
-2.37563e-05
-2.36343e-05
-2.35129e-05
-2.33921e-05
-2.3272e-05
-2.31524e-05
-2.30335e-05
-2.29152e-05
-2.27975e-05
-2.26804e-05
-2.25639e-05
-2.24479e-05
-2.23326e-05
-2.22179e-05
-2.21038e-05
-2.19902e-05
-2.18772e-05
-2.17649e-05
-2.1653e-05
-2.15418e-05
-2.14312e-05
-2.13211e-05
-2.12115e-05
-2.11026e-05
-2.09941e-05
-2.08863e-05
-2.0779e-05
-2.06723e-05
-2.05661e-05
-2.04604e-05
-2.03553e-05
-2.02507e-05
-2.01467e-05
-2.00432e-05
-1.99403e-05
-1.98378e-05
-1.97359e-05
-1.96345e-05
-1.95337e-05
-1.94334e-05
-1.93335e-05
-1.92342e-05
-1.91354e-05
-1.90371e-05
-1.89393e-05
-1.88421e-05
-1.87453e-05
-1.8649e-05
-1.85532e-05
-1.84579e-05
-1.83631e-05
-1.82688e-05
-1.81749e-05
-1.80816e-05
-1.79887e-05
-1.78963e-05
-1.78044e-05
-1.7713e-05
-1.7622e-05
-1.75315e-05
-1.74415e-05
-1.73519e-05
-1.72627e-05
-1.71741e-05
-1.70859e-05
-1.69981e-05
-1.69108e-05
-1.68239e-05
-1.67375e-05
-1.66516e-05
-1.6566e-05
-1.64809e-05
-1.63963e-05
-1.63121e-05
-1.62283e-05
-1.61449e-05
-1.6062e-05
-1.59795e-05
-1.58975e-05
-1.58158e-05
-1.57346e-05
-1.56538e-05
-1.55734e-05
-1.54934e-05
-1.54139e-05
-1.53347e-05
-1.5256e-05
-1.51776e-05
-1.50997e-05
-1.50221e-05
-1.4945e-05
-1.48682e-05
-1.47919e-05
-1.47159e-05
-1.46404e-05
-1.45652e-05
-1.44904e-05
-1.4416e-05
-1.43419e-05
-1.42683e-05
-1.4195e-05
-1.41221e-05
-1.40496e-05
-1.39775e-05
-1.39057e-05
-1.38343e-05
-1.37632e-05
-1.36926e-05
-1.36222e-05
-1.35523e-05
-1.34827e-05
-1.34135e-05
-1.33446e-05
-1.32761e-05
-1.32079e-05
-1.31401e-05
-1.30726e-05
-1.30055e-05
-1.29387e-05
-1.28723e-05
-1.28062e-05
-1.27404e-05
-1.2675e-05
-1.26099e-05
-1.25452e-05
-1.24807e-05
-1.24167e-05
-1.23529e-05
-1.22895e-05
-1.22264e-05
-1.21636e-05
-1.21011e-05
-1.2039e-05
-1.19772e-05
-1.19157e-05
-1.18545e-05
-1.17937e-05
-1.17331e-05
-1.16729e-05
-1.16129e-05
-1.15533e-05
-1.1494e-05
-1.1435e-05
-1.13763e-05
-1.13179e-05
-1.12597e-05
-1.1202e-05
-1.11445e-05
-1.10874e-05
-1.10306e-05
-1.0974e-05
-1.09177e-05
-1.08617e-05
-1.08059e-05
-1.07504e-05
-1.06951e-05
-1.06402e-05
-1.05855e-05
-1.05311e-05
-1.0477e-05
-1.04231e-05
-1.03695e-05
-1.03163e-05
-1.02634e-05
-1.02108e-05
-1.01584e-05
-1.01063e-05
-1.00545e-05
-1.00029e-05
-9.95153e-06
