4.18053
2.76309
2.09026
1.72851
1.50572
1.35272
1.2387
1.14619
1.06292
0.968143
0.866911
0.766892
0.673272
0.588948
0.514997
0.451241
0.396786
0.35043
0.310935
0.277173
0.24818
0.223163
0.201476
0.182596
0.166089
-0.157823
-0.155272
-0.152817
-0.150452
-0.148171
-0.145974
-0.143855
-0.141809
-0.139832
-0.137925
-0.136081
-0.1343
-0.132573
-0.130908
-0.129299
-0.12774
-0.126228
-0.124762
-0.12334
-0.121961
-0.120623
-0.119324
-0.118064
-0.116839
-0.115651
-0.114495
-0.113372
-0.11228
-0.111218
-0.110185
-0.109179
-0.1082
-0.107247
-0.106319
-0.105414
-0.104532
-0.103673
-0.102835
-0.102018
-0.101221
-0.100443
-0.0996837
-0.0989426
-0.0982189
-0.0975117
-0.0968212
-0.0961461
-0.0954865
-0.0948419
-0.0942111
-0.0935944
-0.0929912
-0.092401
-0.0918234
-0.091258
-0.0907043
-0.0901625
-0.0896317
-0.0891115
-0.0886022
-0.0881027
-0.0876134
-0.0871337
-0.0866633
-0.086202
-0.0857495
-0.0853056
-0.0848701
-0.0844432
-0.084024
-0.0836124
-0.0832087
-0.0828124
-0.0824232
-0.0820412
-0.0816662
-0.0812976
-0.0809352
-0.080579
-0.0802287
-0.0798842
-0.0795453
-0.079212
-0.0788839
-0.0785615
-0.0782445
-0.0779323
-0.077625
-0.0773223
-0.0770244
-0.0767314
-0.0764428
-0.0761584
-0.075878
-0.0756016
-0.0753292
-0.0750605
-0.0747955
-0.0745341
-0.0742766
-0.0740228
-0.0737724
-0.0735252
-0.0732812
-0.0730402
-0.0728023
-0.0725672
-0.0723355
-0.0721069
-0.0718809
-0.0716576
-0.0714369
-0.0712187
-0.0710029
-0.0707898
-0.0705795
-0.0703715
-0.0701656
-0.0699619
-0.0697603
-0.0695608
-0.069364
-0.0691692
-0.0689762
-0.0687851
-0.0685958
-0.0684088
-0.0682237
-0.0680403
-0.0678585
-0.0676783
-0.0674996
-0.0673233
-0.0671536
-0.0669891
-0.0668304
-0.066677
-0.0665296
-0.0663873
-0.0662507
-0.0661187
-0.0659915
-0.0658686
-0.0657504
-0.065637
-0.0655276
-0.0654224
-0.065321
-0.0652232
-0.0651292
-0.0650378
-0.0649491
-0.06486
-0.0647707
-0.0646812
-0.0645911
-0.0645007
-0.0644098
-0.0643185
-0.0642271
-0.0641355
-0.0640435
-0.0639511
-0.0638583
-0.0637656
-0.0636726
-0.0635792
-0.0634855
-0.0633915
-0.0632971
-0.0632028
-0.0631083
-0.0630135
-0.0629184
-0.0628231
-0.0627279
-0.0626324
-0.0625366
-0.0624405
-0.0623447
-0.0622486
-0.0621522
-0.0620555
-0.0619591
-0.0618625
-0.0617656
-0.0616686
-0.0615717
-0.0614746
-0.0613773
-0.0612799
-0.0611826
-0.0610851
-0.0609874
-0.06089
-0.0607923
-0.0606944
-0.0605968
-0.060499
-0.060401
-0.0603034
-0.0602055
-0.0601076
-0.0600099
-0.059912
-0.0598143
-0.0597165
-0.0596187
-0.0595211
-0.0594233
-0.0593259
-0.0592282
-0.0591308
-0.0590334
-0.058936
-0.0588388
-0.0587415
-0.0586445
-0.0585474
-0.0584506
-0.0583537
-0.0582572
-0.0581606
-0.0580643
-0.057968
-0.057872
-0.0577762
-0.0576804
-0.0575851
-0.0574898
-0.0573947
-0.0573001
-0.0572056
-0.0571113
-0.0570174
-0.0569239
-0.0568307
-0.0567481
-0.0567155
-0.0566822
-0.0566481
-0.0566133
-0.0565777
-0.0565414
-0.0565044
-0.0564666
-0.0564281
-0.0563889
-0.056349
-0.0563083
-0.056267
-0.056225
-0.0561822
-0.0561388
-0.0560947
-0.0560499
-0.0560044
-0.0559583
-0.0559115
-0.0558641
-0.0558159
-0.0557672
-0.0557177
-0.0556677
-0.0556169
-0.0555656
-0.0555136
-0.055461
-0.0554077
-0.0553539
-0.0552994
-0.0552443
-0.0551886
-0.0551322
-0.0550753
-0.0550178
-0.0549596
-0.0549009
-0.0548416
-0.0547817
-0.0547212
-0.0546601
-0.0545984
-0.0545362
-0.0544734
-0.05441
-0.054346
-0.0542815
-0.0542164
-0.0541508
-0.0540846
-0.0540179
-0.0539506
-0.0538827
-0.0538143
-0.0537454
-0.0536759
-0.0536059
-0.0535354
-0.0534643
-0.0533927
-0.0533206
-0.0532479
-0.0531747
-0.0531011
-0.0530268
-0.0529521
-0.0528769
-0.0528012
-0.0527249
-0.0526482
-0.0525709
-0.0524932
-0.0524149
-0.0523362
-0.0522569
-0.0521772
-0.052097
-0.0520163
-0.0519351
-0.0518535
-0.0517714
-0.0516888
-0.0516057
-0.0515222
-0.0514381
-0.0513537
-0.0512687
-0.0511833
-0.0510975
-0.0510111
-0.0509244
-0.0508372
-0.0507495
-0.0506614
-0.0505728
-0.0504839
-0.0503944
-0.0503046
-0.0502143
-0.0501236
-0.0500324
-0.0499408
-0.0498488
-0.0497564
-0.0496636
-0.0495703
-0.0494766
-0.0493825
-0.049288
-0.0491931
-0.0490978
-0.0490021
-0.048906
-0.0488095
-0.0487126
-0.0486153
-0.0485177
-0.0484196
-0.0483212
-0.0482224
-0.0481232
-0.0480237
-0.0479238
-0.0478235
-0.0477228
-0.0476218
-0.0475204
-0.0474187
-0.0473166
-0.0472141
-0.0471113
-0.0470082
-0.0469047
-0.0468009
-0.0466968
-0.0465923
-0.0464875
-0.0463823
-0.0462769
-0.0461711
-0.046065
-0.0459585
-0.0458518
-0.0457447
-0.0456374
-0.0455297
-0.0454218
-0.0453135
-0.0452049
-0.0450961
-0.0449869
-0.0448775
-0.0447678
-0.0446578
-0.0445475
-0.044437
-0.0443261
-0.044215
-0.0441037
-0.043992
-0.0438801
-0.043768
-0.0436556
-0.0435429
-0.04343
-0.0433169
-0.0432035
-0.0430898
-0.0429759
-0.0428618
-0.0427475
-0.0426329
-0.0425181
-0.0424031
-0.0422878
-0.0421723
-0.0420567
-0.0419408
-0.0418247
-0.0417084
-0.0415919
-0.0414753
-0.0413584
-0.0412414
-0.0411241
-0.0410067
-0.0408892
-0.0407714
-0.0406534
-0.0405353
-0.040417
-0.0402985
-0.0401799
-0.0400612
-0.0399422
-0.0398232
-0.0397039
-0.0395846
-0.0394651
-0.0393455
-0.0392257
-0.0391058
-0.0389858
-0.0388657
-0.0387454
-0.0386251
-0.0385046
-0.038384
-0.0382634
-0.0381426
-0.0380217
-0.0379007
-0.0377797
-0.0376585
-0.0375373
-0.037416
-0.0372946
-0.0371732
-0.0370517
-0.0369301
-0.0368084
-0.0366867
-0.0365649
-0.0364431
-0.0363213
-0.0361993
-0.0360774
-0.0359554
-0.0358334
-0.0357113
-0.0355892
-0.0354671
-0.035345
-0.0352228
-0.0351007
-0.0349785
-0.0348563
-0.0347341
-0.0346119
-0.0344898
-0.0343676
-0.0342454
-0.0341232
-0.0340011
-0.033879
-0.0337569
-0.0336348
-0.0335127
-0.0333907
-0.0332688
-0.0331468
-0.0330249
-0.0329031
-0.0327813
-0.0326595
-0.0325378
-0.0324162
-0.0322946
-0.0321731
-0.0320516
-0.0319303
-0.031809
-0.0316878
-0.0315666
-0.0314456
-0.0313246
-0.0312037
-0.0310829
-0.0309622
-0.0308416
-0.0307212
-0.0306008
-0.0304805
-0.0303603
-0.0302403
-0.0301204
-0.0300006
-0.0298809
-0.0297613
-0.0296419
-0.0295226
-0.0294034
-0.0292844
-0.0291655
-0.0290468
-0.0289282
-0.0288097
-0.0286915
-0.0285733
-0.0284553
-0.0283375
-0.0282199
-0.0281024
-0.0279851
-0.0278679
-0.027751
-0.0276342
-0.0275175
-0.0274011
-0.0272849
-0.0271688
-0.0270529
-0.0269373
-0.0268218
-0.0267065
-0.0265914
-0.0264765
-0.0263619
-0.0262474
-0.0261331
-0.0260191
-0.0259053
-0.0257917
-0.0256783
-0.0255651
-0.0254522
-0.0253394
-0.025227
-0.0251147
-0.0250027
-0.0248909
-0.0247793
-0.024668
-0.0245569
-0.0244461
-0.0243355
-0.0242252
-0.0241151
-0.0240053
-0.0238957
-0.0237863
-0.0236773
-0.0235684
-0.0234599
-0.0233516
-0.0232435
-0.0231358
-0.0230283
-0.022921
-0.0228141
-0.0227074
-0.0226009
-0.0224948
-0.0223889
-0.0222833
-0.022178
-0.022073
-0.0219682
-0.0218637
-0.0217595
-0.0216556
-0.021552
-0.0214486
-0.0213456
-0.0212428
-0.0211403
-0.0210381
-0.0209363
-0.0208347
-0.0207334
-0.0206324
-0.0205317
-0.0204313
-0.0203312
-0.0202314
-0.020132
-0.0200328
-0.0199339
-0.0198353
-0.019737
-0.0196391
-0.0195414
-0.0194441
-0.019347
-0.0192503
-0.0191538
-0.0190577
-0.0189619
-0.0188664
-0.0187713
-0.0186765
-0.018582
-0.0184878
-0.0183939
-0.0183003
-0.018207
-0.0181141
-0.0180215
-0.0179292
-0.0178372
-0.0177456
-0.0176542
-0.0175632
-0.0174725
-0.0173821
-0.0172921
-0.0172024
-0.017113
-0.0170239
-0.0169351
-0.0168467
-0.0167586
-0.0166708
-0.0165834
-0.0164963
-0.0164095
-0.016323
-0.0162368
-0.016151
-0.0160655
-0.0159803
-0.0158955
-0.015811
-0.0157268
-0.0156429
-0.0155594
-0.0154762
-0.0153933
-0.0153108
-0.0152286
-0.0151467
-0.0150651
-0.0149839
-0.014903
-0.0148224
-0.0147422
-0.0146623
-0.0145827
-0.0145035
-0.0144245
-0.0143459
-0.0142677
-0.0141897
-0.0141121
-0.0140348
-0.0139578
-0.0138812
-0.0138048
-0.0137288
-0.0136531
-0.0135778
-0.0135028
-0.0134281
-0.0133537
-0.0132796
-0.0132059
-0.0131325
-0.0130594
-0.0129867
-0.0129142
-0.0128421
-0.0127703
-0.0126989
-0.0126277
-0.0125569
-0.0124864
-0.0124162
-0.0123464
-0.0122768
-0.0122076
-0.0121387
-0.0120701
-0.0120019
-0.0119339
-0.0118663
-0.011799
-0.011732
-0.0116653
-0.0115989
-0.0115328
-0.0114671
-0.0114016
-0.0113365
-0.0112717
-0.0112072
-0.011143
-0.0110791
-0.0110155
-0.0109522
-0.0108892
-0.0108266
-0.0107642
-0.0107021
-0.0106404
-0.0105789
-0.0105178
-0.0104569
-0.0103964
-0.0103361
-0.0102761
-0.0102165
-0.0101571
-0.0100981
-0.0100393
-0.0099808
-0.00992262
-0.00986472
-0.00980712
-0.00974981
-0.00969278
-0.00963605
-0.0095796
-0.00952344
-0.00946756
-0.00941198
-0.00935667
-0.00930165
-0.00924692
-0.00919246
-0.00913829
-0.0090844
-0.00903079
-0.00897746
-0.00892441
-0.00887164
-0.00881915
-0.00876693
-0.00871498
-0.0086633
-0.0086119
-0.00856076
-0.00850989
-0.00845929
-0.00840895
-0.00835888
-0.00830908
-0.00825954
-0.00821027
-0.00816127
-0.00811253
-0.00806406
-0.00801585
-0.00796789
-0.00792019
-0.00787274
-0.00782555
-0.00777861
-0.00773193
-0.0076855
-0.00763933
-0.00759341
-0.00754775
-0.00750234
-0.00745717
-0.00741226
-0.00736759
-0.00732316
-0.00727898
-0.00723504
-0.00719134
-0.00714788
-0.00710466
-0.00706169
-0.00701895
-0.00697645
-0.00693419
-0.00689217
-0.00685038
-0.00680883
-0.0067675
-0.00672641
-0.00668555
-0.00664492
-0.00660452
-0.00656435
-0.00652441
-0.00648469
-0.00644519
-0.00640592
-0.00636687
-0.00632804
-0.00628942
-0.00625103
-0.00621286
-0.0061749
-0.00613717
-0.00609965
-0.00606235
-0.00602527
-0.0059884
-0.00595174
-0.0059153
-0.00587906
-0.00584302
-0.00580719
-0.00577157
-0.00573615
-0.00570093
-0.00566592
-0.00563111
-0.0055965
-0.0055621
-0.0055279
-0.0054939
-0.00546011
-0.00542651
-0.00539311
-0.0053599
-0.00532689
-0.00529407
-0.00526144
-0.00522899
-0.00519674
-0.00516468
-0.00513281
-0.00510112
-0.00506961
-0.0050383
-0.00500716
-0.00497621
-0.00494544
-0.00491485
-0.00488445
-0.00485423
-0.00482419
-0.00479434
-0.00476466
-0.00473517
-0.00470586
-0.00467672
-0.00464775
-0.00461895
-0.00459032
-0.00456185
-0.00453354
-0.0045054
-0.00447742
-0.00444961
-0.00442196
-0.00439448
-0.00436717
-0.00434004
-0.00431307
-0.00428628
-0.00425965
-0.00423319
-0.00420689
-0.00418075
-0.00415476
-0.00412892
-0.00410323
-0.00407769
-0.0040523
-0.00402705
-0.00400196
-0.00397702
-0.00395223
-0.0039276
-0.00390312
-0.00387879
-0.00385462
-0.0038306
-0.00380673
-0.00378301
-0.00375943
-0.00373599
-0.0037127
-0.00368954
-0.00366652
-0.00364363
-0.00362088
-0.00359826
-0.00357578
-0.00355343
-0.00353123
-0.00350916
-0.00348723
-0.00346543
-0.00344378
-0.00342227
-0.00340089
-0.00337964
-0.00335853
-0.00333754
-0.00331668
-0.00329594
-0.00327533
-0.00325484
-0.00323447
-0.00321422
-0.0031941
-0.00317411
-0.00315423
-0.00313449
-0.00311486
-0.00309537
-0.00307599
-0.00305674
-0.0030376
-0.00301859
-0.0029997
-0.00298093
-0.00296227
-0.00294373
-0.0029253
-0.00290699
-0.00288878
-0.00287068
-0.00285269
-0.00283481
-0.00281704
-0.00279938
-0.00278182
-0.00276438
-0.00274704
-0.00272981
-0.00271269
-0.00269568
-0.00267878
-0.00266199
-0.0026453
-0.00262872
-0.00261225
-0.00259588
-0.00257962
-0.00256346
-0.00254739
-0.00253143
-0.00251556
-0.00249979
-0.00248412
-0.00246854
-0.00245306
-0.00243768
-0.00242239
-0.00240721
-0.00239212
-0.00237712
-0.00236223
-0.00234742
-0.00233271
-0.00231808
-0.00230355
-0.00228911
-0.00227477
-0.00226051
-0.00224635
-0.00223227
-0.00221829
-0.0022044
-0.00219059
-0.00217687
-0.00216324
-0.00214969
-0.00213622
-0.00212283
-0.00210953
-0.00209631
-0.00208317
-0.00207011
-0.00205713
-0.00204424
-0.00203142
-0.00201869
-0.00200604
-0.00199347
-0.00198097
-0.00196856
-0.00195623
-0.00194397
-0.00193179
-0.00191969
-0.00190767
-0.00189572
-0.00188385
-0.00187205
-0.00186033
-0.00184869
-0.00183711
-0.00182561
-0.00181419
-0.00180283
-0.00179155
-0.00178033
-0.00176919
-0.00175812
-0.00174712
-0.00173618
-0.00172532
-0.00171453
-0.0017038
-0.00169314
-0.00168255
-0.00167203
-0.00166157
-0.00165119
-0.00164086
-0.00163061
-0.00162042
-0.00161029
-0.00160024
-0.00159025
-0.00158032
-0.00157046
-0.00156066
-0.00155092
-0.00154125
-0.00153163
-0.00152208
-0.00151258
-0.00150314
-0.00149377
-0.00148444
-0.00147518
-0.00146598
-0.00145683
-0.00144774
-0.00143871
-0.00142974
-0.00142082
-0.00141196
-0.00140316
-0.00139441
-0.00138572
-0.00137708
-0.0013685
-0.00135997
-0.0013515
-0.00134308
-0.00133472
-0.00132641
-0.00131815
-0.00130994
-0.00130179
-0.00129369
-0.00128564
-0.00127764
-0.0012697
-0.0012618
-0.00125396
-0.00124616
-0.00123841
-0.00123071
-0.00122306
-0.00121546
-0.00120791
-0.0012004
-0.00119294
-0.00118553
-0.00117817
-0.00117085
-0.00116358
-0.00115636
-0.00114918
-0.00114205
-0.00113496
-0.00112792
-0.00112092
-0.00111397
-0.00110706
-0.00110019
-0.00109337
-0.00108659
-0.00107986
-0.00107317
-0.00106652
-0.00105991
-0.00105335
-0.00104682
-0.00104034
-0.0010339
-0.0010275
-0.00102114
-0.00101483
-0.00100855
-0.00100232
-0.000996122
-0.000989967
-0.000983851
-0.000977774
-0.000971735
-0.000965734
-0.000959771
-0.000953845
-0.000947956
-0.000942104
-0.000936289
-0.000930511
-0.000924768
-0.000919062
-0.000913392
-0.000907758
-0.00090216
-0.000896597
-0.000891069
-0.000885576
-0.000880118
-0.000874695
-0.000869306
-0.000863951
-0.000858631
-0.000853344
-0.00084809
-0.00084287
-0.000837683
-0.000832529
-0.000827407
-0.000822318
-0.000817261
-0.000812237
-0.000807244
-0.000802283
-0.000797353
-0.000792455
-0.000787588
-0.000782751
-0.000777945
-0.000773169
-0.000768424
-0.000763709
-0.000759023
-0.000754368
-0.000749742
-0.000745145
-0.000740578
-0.00073604
-0.00073153
-0.00072705
-0.000722599
-0.000718176
-0.000713782
-0.000709415
-0.000705077
-0.000700765
-0.000696481
-0.000692224
-0.000687994
-0.00068379
-0.000679612
-0.00067546
-0.000671335
-0.000667235
-0.000663161
-0.000659113
-0.00065509
-0.000651092
-0.000647119
-0.000643171
-0.000639248
-0.000635349
-0.000631475
-0.000627625
-0.0006238
-0.000619998
-0.00061622
-0.000612466
-0.000608735
-0.000605028
-0.000601344
-0.000597683
-0.000594045
-0.00059043
-0.000586838
-0.000583269
-0.000579722
-0.000576197
-0.000572694
-0.000569213
-0.000565755
-0.000562318
-0.000558902
-0.000555508
-0.000552135
-0.000548783
-0.000545453
-0.000542143
-0.000538854
-0.000535586
-0.000532339
-0.000529112
-0.000525905
-0.000522719
-0.000519553
-0.000516408
-0.000513282
-0.000510176
-0.000507089
-0.000504022
-0.000500973
-0.000497944
-0.000494933
-0.000491941
-0.000488967
-0.000486012
-0.000483075
-0.000480157
-0.000477257
-0.000474375
-0.000471511
-0.000468665
-0.000465838
-0.000463028
-0.000460236
-0.000457462
-0.000454705
-0.000451966
-0.000449244
-0.000446539
-0.000443851
-0.00044118
-0.000438525
-0.000435886
-0.000433264
-0.000430658
-0.000428068
-0.000425493
-0.000422935
-0.000420392
-0.000417865
-0.000415354
-0.000412858
-0.000410378
-0.000407913
-0.000405463
-0.000403029
-0.00040061
-0.000398205
-0.000395815
-0.00039344
-0.000391079
-0.000388732
-0.0003864
-0.000384083
-0.000381781
-0.000379494
-0.000377221
-0.000374963
-0.000372719
-0.000370489
-0.000368273
-0.00036607
-0.000363881
-0.000361706
-0.000359544
-0.000357396
-0.000355261
-0.000353139
-0.00035103
-0.000348935
-0.000346852
-0.000344782
-0.000342725
-0.00034068
-0.000338648
-0.000336628
-0.000334621
-0.000332626
-0.000330643
-0.000328672
-0.000326714
-0.000324768
-0.000322833
-0.000320911
-0.000319001
-0.000317102
-0.000315215
-0.00031334
-0.000311476
-0.000309624
-0.000307784
-0.000305955
-0.000304138
-0.000302332
-0.000300537
-0.000298754
-0.000296981
-0.00029522
-0.000293469
-0.000291729
-0.000289999
-0.00028828
-0.000286571
-0.000284872
-0.000283184
-0.000281506
-0.000279839
-0.000278181
-0.000276534
-0.000274897
-0.00027327
-0.000271653
-0.000270045
-0.000268448
-0.000266861
-0.000265283
-0.000263716
-0.000262157
-0.000260609
-0.000259069
-0.000257539
-0.000256018
-0.000254507
-0.000253004
-0.000251511
-0.000250027
-0.000248552
-0.000247086
-0.000245629
-0.000244181
-0.000242742
-0.000241312
-0.000239891
-0.000238478
-0.000237074
-0.000235678
-0.000234291
-0.000232913
-0.000231542
-0.000230181
-0.000228828
-0.000227483
-0.000226146
-0.000224818
-0.000223498
-0.000222187
-0.000220884
-0.000219588
-0.000218301
-0.000217021
-0.000215749
-0.000214484
-0.000213227
-0.000211977
-0.000210735
-0.0002095
-0.000208272
-0.000207052
-0.000205839
-0.000204633
-0.000203435
-0.000202245
-0.000201061
-0.000199885
-0.000198717
-0.000197555
-0.000196401
-0.000195253
-0.000194112
-0.000192978
-0.00019185
-0.000190727
-0.000189611
-0.000188502
-0.0001874
-0.000186305
-0.000185218
-0.000184137
-0.000183064
-0.000181996
-0.000180935
-0.000179879
-0.00017883
-0.000177787
-0.000176751
-0.000175723
-0.0001747
-0.000173685
-0.000172676
-0.000171672
-0.000170675
-0.000169684
-0.000168698
-0.000167719
-0.000166744
-0.000165776
-0.000164813
-0.000163856
-0.000162905
-0.000161959
-0.000161019
-0.000160084
-0.000159155
-0.000158232
-0.000157314
-0.000156402
-0.000155495
-0.000154593
-0.000153697
-0.000152807
-0.000151921
-0.000151041
-0.000150166
-0.000149297
-0.000148433
-0.000147574
-0.00014672
-0.000145871
-0.000145027
-0.000144188
-0.000143355
-0.000142535
-0.000141726
-0.000140922
-0.000140123
-0.000139328
-0.000138537
-0.000137752
-0.000136971
-0.000136194
-0.000135422
-0.000134655
-0.000133892
-0.000133134
-0.00013238
-0.00013163
-0.000130885
-0.000130144
-0.000129407
-0.000128675
-0.000127947
-0.000127223
-0.000126504
-0.000125788
-0.000125077
-0.00012437
-0.000123667
-0.000122968
-0.000122274
-0.000121583
-0.000120896
-0.000120214
-0.000119535
-0.00011886
-0.000118189
-0.000117522
-0.000116859
-0.0001162
-0.000115544
-0.000114893
-0.000114245
-0.000113601
-0.000112961
-0.000112325
-0.000111692
-0.000111063
-0.000110439
-0.000109817
-0.0001092
-0.000108586
-0.000107976
-0.000107369
-0.000106778
-0.000106194
-0.000105614
-0.000105037
-0.000104463
-0.000103893
-0.000103326
-0.000102762
-0.0001022
-0.000101643
-0.000101088
-0.000100536
-9.99876e-05
-9.9442e-05
-9.88995e-05
-9.836e-05
-9.78237e-05
-9.72904e-05
-9.676e-05
-9.62328e-05
-9.57084e-05
-9.51868e-05
-9.46681e-05
-9.41522e-05
-9.36392e-05
-9.31291e-05
-9.26218e-05
-9.21173e-05
-9.16155e-05
-9.11167e-05
-9.06206e-05
-9.01272e-05
-8.96366e-05
-8.91488e-05
-8.86636e-05
-8.81812e-05
-8.77013e-05
-8.72241e-05
-8.67497e-05
-8.62779e-05
-8.58087e-05
-8.53422e-05
-8.48783e-05
-8.4417e-05
-8.39571e-05
-8.35017e-05
-8.30468e-05
-8.25965e-05
-8.21469e-05
-8.17015e-05
-8.12568e-05
-8.08164e-05
-8.03767e-05
-7.99413e-05
-7.95064e-05
-7.90758e-05
-7.86459e-05
-7.82195e-05
-7.77942e-05
-7.73729e-05
-7.69524e-05
-7.65358e-05
-7.61198e-05
-7.57069e-05
-7.52964e-05
-7.4888e-05
-7.44822e-05
-7.40784e-05
-7.36768e-05
-7.32773e-05
-7.28801e-05
-7.24852e-05
-7.20924e-05
-7.17019e-05
-7.13135e-05
-7.09273e-05
-7.05432e-05
-7.01613e-05
-6.97814e-05
-6.94036e-05
-6.90278e-05
-6.86542e-05
-6.82826e-05
-6.7913e-05
-6.75455e-05
-6.718e-05
-6.68165e-05
-6.6455e-05
-6.60955e-05
-6.5738e-05
-6.53824e-05
-6.50289e-05
-6.46772e-05
-6.43274e-05
-6.39796e-05
-6.36337e-05
-6.32897e-05
-6.29476e-05
-6.26075e-05
-6.22692e-05
-6.19327e-05
-6.15982e-05
-6.12655e-05
-6.09346e-05
-6.06056e-05
-6.02783e-05
-5.99527e-05
-5.9629e-05
-5.93071e-05
-5.89869e-05
-5.86685e-05
-5.83518e-05
-5.8037e-05
-5.77239e-05
-5.74124e-05
-5.71027e-05
-5.67946e-05
-5.64882e-05
-5.61835e-05
-5.58804e-05
-5.55791e-05
-5.52794e-05
-5.49813e-05
-5.46849e-05
-5.43901e-05
-5.40969e-05
-5.38054e-05
-5.35153e-05
-5.32269e-05
-5.29401e-05
-5.26549e-05
-5.23712e-05
-5.20893e-05
-5.18091e-05
-5.15305e-05
-5.12534e-05
-5.09778e-05
-5.07036e-05
-5.04311e-05
-5.016e-05
-4.98904e-05
-4.96223e-05
-4.93557e-05
-4.90904e-05
-4.88267e-05
-4.85643e-05
-4.83034e-05
-4.8044e-05
-4.77859e-05
-4.75291e-05
-4.72738e-05
-4.70199e-05
-4.67675e-05
-4.65164e-05
-4.62667e-05
-4.60183e-05
-4.57713e-05
-4.55256e-05
-4.52813e-05
-4.50383e-05
-4.47966e-05
-4.45563e-05
-4.43172e-05
-4.40795e-05
-4.38426e-05
-4.36075e-05
-4.33737e-05
-4.31412e-05
-4.29099e-05
-4.26798e-05
-4.2451e-05
-4.22234e-05
-4.19971e-05
-4.1772e-05
-4.15481e-05
-4.13254e-05
-4.11039e-05
-4.08836e-05
-4.06646e-05
-4.04467e-05
-4.023e-05
-4.00145e-05
-3.98001e-05
-3.95869e-05
-3.93749e-05
-3.9164e-05
-3.89543e-05
-3.87457e-05
-3.85382e-05
-3.83319e-05
-3.81267e-05
-3.79226e-05
-3.77196e-05
-3.75177e-05
-3.73169e-05
-3.71173e-05
-3.69186e-05
-3.67211e-05
-3.65246e-05
-3.63293e-05
-3.61349e-05
-3.59417e-05
-3.57493e-05
-3.55581e-05
-3.53681e-05
-3.5179e-05
-3.4991e-05
-3.48039e-05
-3.46178e-05
-3.44328e-05
-3.42488e-05
-3.40657e-05
-3.38836e-05
-3.37025e-05
-3.35224e-05
-3.33436e-05
-3.31655e-05
-3.29882e-05
-3.28119e-05
-3.26365e-05
-3.24621e-05
-3.22887e-05
-3.21163e-05
-3.19448e-05
-3.17741e-05
-3.16032e-05
-3.14337e-05
-3.12656e-05
-3.10991e-05
-3.09338e-05
-3.07694e-05
-3.06058e-05
-3.04439e-05
-3.02793e-05
-3.01184e-05
-2.99596e-05
-2.97977e-05
-2.96421e-05
-2.94819e-05
-2.93263e-05
-2.91674e-05
-2.90136e-05
-2.88567e-05
-2.87046e-05
-2.85495e-05
-2.83991e-05
-2.82458e-05
-2.8097e-05
-2.79455e-05
-2.77983e-05
-2.76484e-05
-2.75028e-05
-2.73546e-05
-2.72105e-05
-2.70639e-05
-2.69211e-05
-2.67761e-05
-2.6635e-05
-2.64917e-05
-2.63522e-05
-2.62105e-05
-2.60724e-05
-2.59321e-05
-2.57945e-05
-2.56561e-05
-2.55212e-05
-2.53841e-05
-2.52504e-05
-2.51146e-05
-2.49823e-05
-2.4849e-05
-2.47179e-05
-2.45856e-05
-2.44528e-05
-2.43243e-05
-2.41947e-05
-2.40644e-05
-2.39382e-05
-2.38107e-05
-2.36825e-05
-2.35583e-05
-2.34329e-05
-2.33067e-05
-2.31845e-05
-2.30611e-05
-2.2938e-05
-2.28145e-05
-2.26952e-05
-2.25746e-05
-2.24542e-05
-2.23345e-05
-2.22155e-05
-2.20973e-05
-2.19798e-05
-2.1863e-05
-2.17469e-05
-2.16315e-05
-2.15166e-05
-2.14024e-05
-2.12888e-05
-2.11757e-05
-2.10633e-05
-2.09515e-05
-2.08404e-05
-2.07298e-05
-2.06198e-05
-2.05103e-05
-2.04015e-05
-2.02933e-05
-2.01856e-05
-2.00785e-05
-1.99719e-05
-1.9866e-05
-1.97606e-05
-1.96557e-05
-1.95515e-05
-1.94477e-05
-1.93445e-05
-1.92418e-05
-1.91398e-05
-1.90383e-05
-1.89374e-05
-1.8837e-05
-1.87371e-05
-1.86377e-05
-1.85393e-05
-1.84411e-05
-1.83429e-05
-1.82455e-05
-1.81488e-05
-1.80526e-05
-1.79569e-05
-1.78618e-05
-1.77671e-05
-1.76729e-05
-1.75793e-05
-1.74861e-05
-1.73933e-05
-1.73012e-05
-1.72095e-05
-1.71184e-05
-1.70277e-05
-1.69376e-05
-1.68478e-05
-1.67586e-05
-1.66699e-05
-1.65816e-05
-1.64937e-05
-1.64064e-05
-1.63195e-05
-1.62331e-05
-1.61471e-05
-1.60616e-05
-1.59766e-05
-1.5892e-05
-1.58079e-05
-1.57242e-05
-1.5641e-05
-1.55582e-05
-1.54759e-05
-1.5394e-05
-1.53125e-05
-1.52315e-05
-1.51509e-05
-1.50707e-05
-1.4991e-05
-1.49117e-05
-1.48328e-05
-1.47543e-05
-1.46763e-05
-1.45986e-05
-1.45214e-05
-1.44446e-05
-1.43682e-05
-1.42923e-05
-1.42167e-05
-1.41415e-05
-1.40667e-05
-1.39924e-05
-1.39184e-05
-1.38448e-05
-1.37716e-05
-1.36988e-05
-1.36264e-05
-1.35544e-05
-1.34828e-05
-1.34115e-05
-1.33407e-05
-1.32702e-05
-1.32e-05
-1.31303e-05
-1.30609e-05
-1.29919e-05
-1.29233e-05
-1.2855e-05
-1.27871e-05
-1.27196e-05
-1.26524e-05
-1.25856e-05
-1.25191e-05
-1.2453e-05
-1.23873e-05
-1.23219e-05
-1.22568e-05
-1.21921e-05
-1.21277e-05
-1.20637e-05
-1.2e-05
-1.19367e-05
-1.18741e-05
-1.18107e-05
-1.17476e-05
-1.16852e-05
-1.16236e-05
-1.15625e-05
-1.15019e-05
-1.14415e-05
-1.13815e-05
-1.13216e-05
-1.12621e-05
-1.12028e-05
-1.11438e-05
-1.10851e-05
-1.10266e-05
-1.09685e-05
-1.09107e-05
-1.08531e-05
-1.07959e-05
-1.0739e-05
-1.06823e-05
-1.0626e-05
-1.057e-05
-1.05142e-05
-1.04588e-05
-1.04036e-05
-1.03488e-05
-1.02942e-05
-1.02399e-05
-1.01859e-05
-1.01322e-05
-1.00788e-05
-1.00257e-05
-9.97285e-06
-9.92028e-06
-9.868e-06
-9.81599e-06
-9.76426e-06
-9.71281e-06
-9.66163e-06
-9.61072e-06
-9.56009e-06
-9.50972e-06
-9.45963e-06
-9.4098e-06
-9.36023e-06
-9.31093e-06
-9.2619e-06
-9.21312e-06
-9.1646e-06
-9.11633e-06
-9.06832e-06
-9.02057e-06
-8.97307e-06
-8.92582e-06
-8.87883e-06
-8.83208e-06
-8.78559e-06
-8.73934e-06
-8.69334e-06
-8.64758e-06
-8.60207e-06
-8.55679e-06
-8.51177e-06
-8.46698e-06
-8.42242e-06
-8.3781e-06
-8.33401e-06
-8.29017e-06
-8.24655e-06
-8.20317e-06
-8.16002e-06
-8.1171e-06
-8.0744e-06
-8.03194e-06
-7.98969e-06
-7.94768e-06
-7.90588e-06
-7.86431e-06
-7.82296e-06
-7.78182e-06
-7.74091e-06
-7.70021e-06
-7.65973e-06
-7.61946e-06
-7.57941e-06
-7.53957e-06
-7.49994e-06
-7.46052e-06
-7.42131e-06
-7.3823e-06
-7.34351e-06
-7.30492e-06
-7.26653e-06
-7.22835e-06
-7.19037e-06
-7.15259e-06
-7.11501e-06
-7.07763e-06
-7.04045e-06
-7.00347e-06
-6.96668e-06
-6.93009e-06
-6.89369e-06
-6.85736e-06
-6.82126e-06
-6.78536e-06
-6.74972e-06
-6.7143e-06
-6.67909e-06
-6.64408e-06
-6.60924e-06
-6.57457e-06
-6.54009e-06
-6.50578e-06
-6.47164e-06
-6.43768e-06
-6.40389e-06
-6.37029e-06
-6.33686e-06
-6.30361e-06
-6.27054e-06
-6.23762e-06
-6.2049e-06
-6.17235e-06
-6.13996e-06
-6.10774e-06
-6.07568e-06
-6.04379e-06
-6.01207e-06
-5.98052e-06
-5.94914e-06
-5.91783e-06
-5.88679e-06
-5.85595e-06
-5.82525e-06
-5.79471e-06
-5.76432e-06
-5.73409e-06
-5.70403e-06
-5.67412e-06
-5.64437e-06
-5.61478e-06
-5.58534e-06
-5.55606e-06
-5.52694e-06
-5.49796e-06
-5.46914e-06
-5.44047e-06
-5.41196e-06
-5.38359e-06
-5.35537e-06
-5.3273e-06
-5.29937e-06
-5.2716e-06
-5.24397e-06
-5.21649e-06
-5.18915e-06
-5.16196e-06
-5.13491e-06
-5.108e-06
-5.08124e-06
-5.05461e-06
-5.02813e-06
-5.00178e-06
-4.97558e-06
-4.94951e-06
-4.92358e-06
-4.89779e-06
-4.87214e-06
-4.84661e-06
-4.82123e-06
-4.79598e-06
-4.77086e-06
-4.74587e-06
-4.72102e-06
-4.69629e-06
-4.6717e-06
-4.64724e-06
-4.6229e-06
-4.59869e-06
-4.57462e-06
-4.55067e-06
-4.52685e-06
-4.50316e-06
-4.47959e-06
-4.45614e-06
-4.43281e-06
-4.40961e-06
-4.38652e-06
-4.36356e-06
-4.34072e-06
-4.318e-06
-4.2954e-06
-4.27292e-06
-4.25056e-06
-4.22831e-06
-4.20618e-06
-4.18417e-06
-4.16228e-06
-4.1405e-06
-4.11884e-06
-4.09729e-06
-4.07585e-06
-4.05453e-06
-4.03399e-06
-4.01236e-06
-3.99058e-06
-3.96911e-06
-3.94801e-06
-3.92723e-06
-3.90668e-06
-3.8863e-06
-3.86605e-06
-3.84591e-06
-3.82589e-06
-3.80596e-06
-3.78615e-06
-3.76644e-06
-3.74683e-06
-3.72733e-06
-3.70793e-06
-3.68863e-06
-3.66943e-06
-3.65032e-06
-3.63131e-06
-3.6124e-06
-3.59358e-06
-3.57485e-06
-3.55622e-06
-3.53768e-06
-3.51924e-06
-3.50089e-06
-3.48263e-06
-3.46446e-06
-3.44639e-06
-3.42883e-06
-3.41091e-06
-3.39304e-06
-3.37524e-06
-3.35755e-06
-3.33998e-06
-3.32251e-06
-3.30515e-06
-3.28788e-06
-3.27071e-06
-3.25362e-06
-3.23662e-06
-3.21972e-06
-3.2029e-06
-3.18617e-06
-3.16952e-06
-3.15297e-06
-3.1365e-06
-3.12012e-06
-3.10382e-06
-3.08761e-06
-3.07149e-06
-3.05545e-06
-3.03949e-06
-3.02362e-06
-3.00783e-06
-2.99213e-06
-2.9765e-06
-2.96096e-06
-2.9455e-06
-2.93012e-06
-2.91482e-06
-2.89961e-06
-2.88447e-06
-2.86941e-06
-2.85443e-06
-2.83953e-06
-2.82471e-06
-2.80997e-06
-2.7953e-06
-2.78071e-06
-2.76619e-06
-2.75176e-06
-2.7374e-06
-2.72311e-06
-2.7089e-06
-2.69476e-06
-2.6807e-06
-2.66671e-06
-2.6528e-06
-2.63896e-06
-2.62519e-06
-2.61149e-06
-2.59787e-06
-2.58431e-06
-2.57083e-06
-2.55742e-06
-2.54408e-06
-2.53081e-06
-2.5176e-06
-2.50478e-06
-2.49168e-06
-2.47857e-06
-2.46556e-06
-2.45264e-06
-2.43981e-06
-2.42706e-06
-2.41439e-06
-2.4018e-06
-2.38928e-06
-2.37683e-06
-2.36444e-06
-2.35212e-06
-2.33987e-06
-2.32767e-06
-2.31554e-06
-2.30348e-06
-2.29147e-06
-2.27953e-06
-2.26764e-06
-2.25582e-06
-2.24406e-06
-2.23237e-06
-2.22073e-06
-2.20915e-06
-2.19764e-06
-2.18618e-06
-2.17479e-06
-2.16345e-06
-2.15218e-06
-2.14096e-06
-2.1298e-06
-2.1187e-06
-2.10766e-06
-2.09668e-06
-2.08575e-06
-2.07488e-06
-2.06407e-06
-2.05331e-06
-2.04261e-06
-2.03197e-06
-2.02134e-06
-2.01095e-06
-2.00062e-06
-1.99035e-06
-1.98013e-06
-1.96996e-06
-1.95984e-06
-1.94978e-06
-1.93977e-06
-1.92981e-06
-1.91991e-06
-1.91005e-06
-1.90025e-06
-1.8905e-06
-1.8808e-06
-1.87115e-06
-1.86155e-06
-1.852e-06
-1.8425e-06
-1.83305e-06
-1.82364e-06
-1.81429e-06
-1.80499e-06
-1.79573e-06
-1.78652e-06
-1.77736e-06
-1.76825e-06
-1.75918e-06
-1.75016e-06
-1.74119e-06
-1.73227e-06
-1.72339e-06
-1.71455e-06
-1.70577e-06
-1.69703e-06
-1.68833e-06
-1.67968e-06
-1.67107e-06
-1.66251e-06
-1.65399e-06
-1.64552e-06
-1.63733e-06
-1.62905e-06
-1.62072e-06
-1.61227e-06
-1.60374e-06
-1.59525e-06
-1.58688e-06
-1.57865e-06
-1.57053e-06
-1.56248e-06
-1.5545e-06
-1.54654e-06
-1.53862e-06
-1.53073e-06
