190.092
30.4043
36.8564
26.4276
16.0979
8.62418
4.27546
1.98076
1.07093
1.06795
1.05933
1.28669
1.28515
1.29107
1.34965
1.45342
1.46536
1.46865
1.46283
1.79398
1.73897
1.80032
1.75476
1.80088
1.7435
1.73718
1.79561
1.74644
1.74293
1.73697
1.79602
1.76162
1.74508
1.73858
1.80871
1.74956
1.74476
1.74486
2.56158
2.6616
2.65508
2.65033
2.66985
2.6545
2.65657
2.67572
2.7283
2.65935
2.65469
2.7218
2.66274
2.66786
2.72685
2.64837
2.71128
2.66109
2.73386
2.71921
2.71169
2.65824
2.72793
2.7147
2.7239
2.71332
2.71949
2.72379
2.72319
2.77179
2.7264
2.72703
2.78727
2.71576
2.7823
2.80152
2.71652
2.7696
2.77276
2.78541
2.77924
2.77926
2.77551
2.82841
2.76986
2.77907
2.83215
2.77652
2.84787
2.83888
2.83065
2.82588
2.83615
2.84646
2.83736
2.89116
2.84085
2.91769
2.83724
2.8888
2.89025
2.88826
2.88862
2.88471
2.8811
2.95411
2.89942
2.94772
2.89363
2.96337
2.94957
2.95178
2.95205
3.01761
2.952
3.00138
2.95504
3.02413
3.01507
3.01243
3.0051
3.0119
3.07925
3.0255
3.07184
3.06405
3.07114
3.09709
3.06931
3.07411
3.12501
3.07691
3.14128
3.13337
3.12558
3.12303
3.12493
3.19335
3.12038
3.18561
3.1813
3.17884
3.20199
3.19658
3.23722
3.18745
3.26294
3.23182
3.24162
3.24525
3.23421
3.31092
3.2379
3.29929
3.30147
3.31005
3.30323
3.36578
3.30032
3.36267
3.37471
3.35643
3.36345
3.39193
3.42464
3.37081
3.43679
3.41785
3.41439
3.41955
3.48705
3.4199
3.47382
3.48628
3.48138
3.48685
3.5471
3.49337
3.55036
3.54874
3.53254
3.5405
3.6199
3.53947
3.59532
3.60545
3.60739
3.59638
3.65085
3.59694
3.66248
3.65035
3.6747
3.65279
3.71476
3.65035
3.72456
3.73157
3.71004
3.70909
3.79133
3.71125
3.77047
3.79303
3.78023
3.77562
3.83677
3.77624
3.83645
3.84776
3.85332
3.83868
3.9047
3.85706
3.89407
3.90382
3.90372
3.89953
4.00521
3.96198
3.88917
3.95835
3.95703
4.02376
3.95144
4.01108
4.0188
4.00455
4.00577
4.01092
4.0818
4.01321
4.06812
4.08385
4.06996
4.06783
4.14483
4.069
4.13157
4.12893
4.1443
4.12977
4.19732
4.13144
4.18853
4.21636
4.20023
4.18062
4.24635
4.18337
4.25452
4.27042
4.25103
4.25013
4.26776
4.30729
4.30146
4.25575
4.30798
4.2979
4.35617
4.30154
4.37098
4.31677
4.36207
4.38598
4.36965
4.43126
4.38088
4.41276
4.42601
4.35747
4.42912
4.48943
4.42442
4.42377
4.49088
4.48394
4.48401
4.48783
4.47935
4.48475
4.54006
4.47818
4.54407
4.55901
4.54184
4.53734
4.57116
4.60479
4.53504
4.61738
4.60418
4.59173
4.59415
4.59979
4.6008
4.59734
4.6726
4.67825
4.59711
4.67525
4.66181
4.67228
4.68226
4.72045
4.66303
4.72222
4.65634
4.71634
4.72798
4.72769
4.73325
4.72836
4.77908
4.74217
4.77666
4.71758
4.80362
4.77926
4.78474
4.78107
4.78949
4.80475
4.78696
4.85165
4.79154
4.83836
4.8566
4.78127
4.84659
4.83323
4.8369
4.85464
4.8427
4.86058
4.89626
4.85116
4.90565
4.83268
4.88675
4.89974
4.85385
4.9029
4.89488
4.90962
4.89546
4.90658
4.9042
4.89723
4.95252
4.89411
4.89264
4.96635
4.90674
4.95893
4.90965
4.95614
4.95086
4.92069
4.9592
4.96362
4.95563
4.96433
4.9596
4.9559
4.96471
4.96123
4.96427
4.97396
4.95334
4.95081
5.03646
4.96242
4.96225
4.95578
5.01722
4.97541
4.9565
5.03116
4.95445
5.03296
4.95236
4.96196
5.01684
4.95752
5.02403
4.96234
5.01767
4.97189
5.02696
4.98104
5.01268
4.95612
5.02213
4.95913
5.03094
4.96701
4.98174
5.02706
4.95086
5.03458
4.96077
4.96607
5.02016
4.97409
4.9692
5.02532
4.98848
4.9551
4.98269
4.95468
5.01362
4.96709
4.9605
4.98519
4.98205
4.95753
4.97621
4.97707
4.98173
4.89596
4.96559
4.96136
4.95492
4.913
4.96587
4.90411
4.96056
4.92272
4.94929
4.89988
4.90826
4.90105
4.89242
4.90459
4.89674
4.89179
4.90416
4.90317
4.9188
4.8445
4.91636
4.84058
4.91017
4.84648
4.84564
4.90548
4.84584
4.85155
4.85368
4.84701
4.85862
4.79716
4.87405
4.78485
4.84423
4.78549
4.78038
4.85942
4.79253
4.78559
4.79616
4.71751
4.79761
4.78165
4.72094
4.78205
4.72288
4.73459
4.74972
4.72385
4.75597
4.73273
4.67127
4.74388
4.67497
4.73165
4.66921
4.6675
4.68226
4.67023
4.63091
4.66394
4.61169
4.68742
4.59961
4.6073
4.60981
4.6096
4.61966
4.5675
4.61092
4.56246
4.55018
4.5733
4.55415
4.54461
4.55447
4.48777
4.56322
4.50679
4.50327
4.50984
4.50556
4.50724
4.45346
4.50193
4.43547
4.43622
4.42928
4.45135
4.44218
4.36788
4.44743
4.37772
4.37819
4.39471
4.37268
4.38788
4.32177
4.37785
4.32522
4.34239
4.34794
4.3257
4.25748
4.33277
4.25811
4.26078
4.27743
4.27254
4.25866
4.20721
4.26061
4.19843
4.20927
4.2003
4.20792
4.15011
4.20334
4.14739
4.16916
4.14202
4.14635
4.0987
4.15502
4.08519
4.08818
4.09711
4.08511
4.10353
4.04137
4.02815
4.04983
4.02241
4.0337
4.04229
3.962
3.97345
3.96399
3.97444
3.975
3.99028
3.91246
3.91636
3.92882
3.91268
3.9122
3.93303
3.85567
3.84746
3.84966
3.85423
3.85495
3.79775
3.87114
3.8045
3.7953
3.7944
3.80876
3.73344
3.73149
3.72838
3.76053
3.73027
3.72747
3.6751
3.74142
3.6775
3.6827
3.62217
3.67131
3.61854
3.67686
3.64027
3.62792
3.56528
3.62958
3.5597
3.55836
3.56196
3.56348
3.55692
3.50768
3.55315
3.49499
3.51026
3.51025
3.45251
3.5041
3.44233
3.45961
3.43768
3.44553
3.39887
3.44144
3.38227
3.38171
3.39308
3.37277
3.32986
3.37422
3.32812
3.34239
3.3278
3.32636
3.25848
3.28348
3.31745
3.26797
3.26131
3.21701
3.26044
3.20544
3.20977
3.20504
3.19595
3.2141
3.14113
3.13462
3.20195
3.13962
3.0918
3.1446
3.16953
3.11229
3.08566
3.09406
3.09911
3.09286
3.02255
3.0252
3.03116
3.03295
3.0305
3.02358
2.97096
3.02588
2.98188
2.96752
2.97661
2.90909
2.97688
2.90503
2.98389
2.91224
2.90735
2.84969
2.93107
2.85051
2.91347
2.84845
2.85664
2.78679
2.84569
2.79359
2.85121
2.78821
2.79521
2.78671
2.73296
2.79314
2.72939
2.79661
2.73988
2.73026
2.66555
2.72992
2.68984
2.73277
2.67113
2.67073
2.66372
2.67433
2.62346
2.6724
2.61436
2.61269
2.61626
2.61202
2.61322
2.54748
2.55728
2.61575
2.54947
2.55847
2.56253
2.50025
2.55951
2.49742
2.48873
2.55861
2.5047
2.44791
2.49937
2.49666
2.44265
2.43962
2.43929
2.43142
2.44146
2.43899
2.43408
2.38321
2.3797
2.38521
2.43794
2.32204
2.37416
2.38422
2.32501
2.37606
2.32455
2.32104
2.32718
2.32201
2.33717
2.25793
2.32583
2.26513
2.26092
2.2669
2.26398
2.27267
2.26342
2.20651
2.25741
2.21104
2.20661
2.20435
2.20843
2.20565
2.21
2.20434
2.14723
2.13889
2.20947
2.15009
2.14326
2.14935
2.08881
2.15138
2.14621
2.08869
2.08069
2.09983
2.09165
2.08548
2.0923
2.08826
2.09426
2.03385
2.03075
2.08073
2.03411
2.0337
2.02788
2.03426
1.97304
2.03548
1.97413
2.03102
1.96454
1.97721
1.96822
1.96482
1.97089
1.96603
1.91466
1.97086
1.9099
1.95989
1.91281
1.91045
1.90777
1.91288
1.90995
1.8558
1.90938
1.90897
1.84308
1.85601
1.85609
1.90706
1.85486
1.85003
1.79861
1.85105
1.85207
1.78511
1.85479
1.79379
1.79244
1.7958
1.7925
1.79947
1.79309
1.7945
1.78805
1.739
1.7951
1.73517
1.7391
1.79235
1.73903
1.73494
1.73435
1.72664
1.68114
1.7367
1.73318
1.67989
1.73477
1.68042
1.67683
1.67817
1.72965
1.68145
1.67839
1.61845
1.68027
1.67747
1.62422
1.67757
1.61984
1.67016
1.62251
1.62009
1.61854
1.62121
1.6188
1.62766
1.61843
1.61932
1.55445
1.6234
1.5627
1.61741
1.5655
1.55961
1.56482
1.61845
1.56167
1.55395
1.56473
1.56191
1.50202
1.564
1.56053
1.50757
1.50283
1.56099
1.49621
1.50899
1.5624
1.50188
1.5063
1.50195
1.50759
1.5031
1.50366
1.43969
1.50602
1.50382
1.44401
1.50566
1.44416
1.44895
1.44458
1.50374
1.43696
1.44922
1.44948
1.44504
1.4501
1.44354
1.44877
1.44488
1.44542
1.43863
1.39079
1.38752
1.44403
1.39092
1.38611
1.44933
1.38838
1.38688
1.37968
1.39133
1.3873
1.38505
1.38907
1.38559
1.39133
1.3897
1.38755
1.37957
1.39107
1.38731
1.3863
1.33203
1.32742
1.39145
1.32822
1.32964
1.3204
1.33329
1.33017
1.3283
1.33353
1.32774
1.33298
1.32848
1.32946
1.32165
1.33253
1.32937
1.32771
1.33157
1.32803
1.33334
1.3285
1.32937
1.32209
1.33262
1.32921
1.32776
1.3323
1.32775
1.27496
1.27115
1.27063
1.26281
1.27451
1.27215
1.26954
1.27407
1.26979
1.27527
1.27342
1.27134
1.26277
1.27467
1.27261
1.26976
1.27409
1.2703
1.2749
1.2708
1.2705
1.26377
1.27462
1.27139
1.26945
1.27332
1.26989
1.27459
1.27021
1.26646
1.25962
1.26951
1.26548
1.26799
1.21109
1.21191
1.21167
1.21219
1.20815
1.20173
1.21136
1.21403
1.21174
1.21114
1.20586
1.21126
1.20761
1.21409
1.20587
1.21706
1.20906
1.20673
1.21189
1.21145
1.21701
1.21245
1.2075
1.19997
1.21201
1.2084
1.20577
1.21037
1.20655
1.21187
1.20698
1.20823
1.20037
1.21085
1.20962
1.20873
1.21029
1.20653
1.21155
1.20759
1.20733
1.19999
1.21151
1.20824
1.20726
1.21236
1.2058
1.15332
1.14896
1.15038
1.14411
1.15307
1.15042
1.14855
1.15198
1.14918
1.15378
1.14921
1.1491
1.14143
1.15346
1.14955
1.14806
1.1517
1.14796
1.1537
1.14878
1.14919
1.143
1.15329
1.14908
1.14851
1.1517
1.14795
1.1534
1.1499
1.15244
1.14184
1.15384
1.15008
1.14735
1.15379
1.1486
1.1535
1.14889
1.15084
1.14447
1.1518
1.15036
1.14745
1.15443
1.14812
1.15375
1.14853
1.14879
1.14138
1.15368
1.15034
1.14768
1.15312
1.148
1.15349
1.15053
1.14887
1.14189
1.15363
1.14988
1.1485
1.15162
1.14832
1.15385
1.09117
1.09075
1.08432
1.09534
1.09188
1.08992
1.09449
1.0927
1.09533
1.09064
1.09055
1.08349
1.09489
1.09234
1.09027
1.09472
1.09084
1.09538
1.09253
1.09084
1.08348
1.09478
1.09188
1.09056
1.09365
1.09051
1.09566
1.0903
1.09061
1.08459
1.09509
1.09238
1.0899
1.09414
1.09035
1.09559
1.09123
1.09181
1.08446
1.09536
1.0922
1.09031
1.09557
1.09004
1.09499
1.09121
1.09194
1.0835
1.095
1.09258
1.08936
1.09641
1.08996
1.09509
1.09118
1.09154
1.08436
1.09456
1.09145
1.09059
1.09366
1.08981
1.0969
1.09121
1.0909
1.08408
1.09021
1.08658
1.08441
1.08892
1.08451
1.09567
1.09222
1.09264
1.07983
1.08973
1.08685
1.09028
1.08869
1.08608
1.0849
1.08016
1.08655
1.07766
1.02689
1.08143
1.02104
1.0259
1.02096
1.03129
1.02799
1.02235
1.01531
1.0263
1.02261
1.02137
1.0271
1.02382
1.02704
1.02146
1.02233
1.01764
1.02709
1.02245
1.02034
1.02517
1.02162
1.02699
1.0227
1.02362
1.01611
1.02646
1.02376
1.02137
1.02712
1.02233
1.02732
1.02195
1.02374
1.01463
1.027
1.02334
1.0212
1.02689
1.0207
1.02578
1.02226
1.02195
1.01556
1.02635
1.02296
1.0219
1.02496
1.02181
1.02708
1.02247
1.02227
1.01584
1.02628
1.02207
1.02139
1.02468
1.02216
1.02806
1.02285
1.02282
1.01569
1.02579
1.0237
1.02119
1.02591
1.02153
1.02664
1.02178
1.023
1.01685
1.02651
1.02324
1.02144
1.02595
1.02475
1.02616
1.02267
1.02207
1.01498
1.02666
1.02345
1.02107
1.02539
1.02153
1.02645
1.02196
1.02229
1.01612
1.0263
1.02274
1.02139
1.02562
1.02199
1.02657
1.02201
1.02253
1.01489
1.0259
1.02349
1.02047
1.0263
1.02065
0.967771
1.02234
0.968028
0.957077
0.967631
0.965202
0.963191
0.968056
0.962425
0.968359
0.964103
0.963629
0.957518
0.968674
0.965835
0.964037
0.966974
0.963664
0.968608
0.964262
0.965078
0.958126
0.968567
0.96493
0.963386
0.966368
0.964668
0.968457
0.96497
0.964281
0.956946
0.968315
0.965592
0.963794
0.967831
0.963258
0.968192
0.964201
0.959602
0.957812
0.969527
0.964908
0.963577
0.968578
0.962987
0.968773
0.964201
0.963723
0.956601
0.968963
0.964521
0.963031
0.968395
0.963322
0.968623
0.963991
0.964777
0.957996
0.968747
0.964495
0.962916
0.967001
0.962747
0.968768
0.959568
0.959813
0.95131
0.962633
0.959545
0.958117
0.962814
0.957213
0.96253
0.959006
0.958666
0.951254
0.96309
0.960171
0.957942
0.962842
0.958364
0.957401
0.958963
0.958546
0.946359
0.957654
0.953739
0.952229
0.956087
0.95426
0.958577
0.953477
0.952755
0.946669
0.957621
0.954814
0.952616
0.955643
0.953608
0.957368
0.954851
0.953458
0.948416
0.958284
0.953928
0.952625
0.956827
0.953036
0.957626
0.953074
0.954164
0.946193
0.957713
0.954888
0.952358
0.958789
0.952477
0.957113
0.95291
0.953583
0.945924
0.958174
0.953729
0.894393
0.957088
0.89432
0.957747
0.896213
0.954097
0.888614
0.957314
0.895821
0.893664
0.898183
0.894292
0.899305
0.895048
0.896333
0.888489
0.899063
0.896093
0.894191
0.89924
0.894614
0.899391
0.895156
0.894701
0.88791
0.899058
0.896874
0.893311
0.899329
0.893702
0.899102
0.896965
0.895609
0.888972
0.899101
0.897784
0.894474
0.899725
0.895255
0.89958
0.894861
0.895062
0.888377
0.90003
0.895689
0.893609
0.89771
0.893889
0.899729
0.895158
0.895743
0.888693
0.899754
0.895355
0.894204
0.89935
0.893894
0.899662
0.896663
0.89613
0.887308
0.900127
0.896142
0.893956
0.899763
0.894086
0.89885
0.894767
0.895648
0.888468
0.898954
0.89697
0.894504
0.898715
0.893972
0.899681
0.896187
0.89578
0.888053
0.899155
0.896038
0.893915
0.898358
0.894043
0.899588
0.896578
0.894328
0.888225
0.899442
0.896546
0.89432
0.898759
0.889311
0.893999
0.890486
0.889995
0.882537
0.893909
0.890826
0.894165
0.899111
0.894896
0.898612
0.895257
0.897168
0.888141
0.899364
0.896019
0.888798
0.892398
0.889701
0.894441
0.889776
0.889558
0.884301
0.893845
0.890038
0.889087
0.892063
0.889452
0.894226
0.889848
0.885328
0.877478
0.888742
0.885773
0.883358
0.889126
0.883419
0.888883
0.883628
0.885788
0.877428
0.888975
0.885337
0.883973
0.889055
0.883423
0.890925
0.885033
0.884337
0.877111
0.88893
0.885364
0.883188
0.88732
0.883299
0.831078
0.88443
0.827051
0.877491
0.829885
0.885213
0.82552
0.887526
0.827148
0.888686
0.826785
0.884309
0.8191
0.888837
0.827628
0.88268
0.830628
0.883174
0.830359
0.826223
0.827519
0.819696
0.829951
0.828594
0.82594
0.829179
0.828599
0.83072
0.826602
0.825809
0.818921
0.830535
0.827172
0.82481
0.829599
0.825785
0.831079
0.826697
0.826656
0.819899
0.83086
0.826798
0.825995
0.829107
0.827393
0.831417
0.825921
0.826986
0.819529
0.833271
0.827269
0.825699
0.83116
0.8256
0.830897
0.825818
0.828685
0.819781
0.829975
0.827014
0.825565
0.831624
0.825561
0.831952
0.826764
0.826237
0.818814
0.831159
0.827306
0.825309
0.830145
0.825556
0.830669
0.826903
0.826262
0.820181
0.830841
0.827129
0.82592
0.829289
0.82614
0.830951
0.826701
0.826239
0.819667
0.830903
0.827381
0.825839
0.829969
0.826575
0.830662
0.827335
0.826046
0.819403
0.830721
0.827685
0.825388
0.830098
0.826272
0.831877
0.826326
0.826028
0.819087
0.830958
0.826868
0.826055
0.829552
0.828076
0.831853
0.826101
0.82635
0.820439
0.83084
0.827279
0.825643
0.829708
0.826008
0.831003
0.826179
0.82746
0.820105
0.832436
0.82896
0.825768
0.83078
0.825812
0.830557
0.82568
0.827488
0.819268
0.83063
0.827843
0.82526
0.830263
0.825212
0.831346
0.827254
0.826749
0.819801
0.830177
0.827163
0.826044
0.829674
0.825816
0.830972
0.826452
0.825594
0.819688
0.831203
0.827002
0.825717
0.829139
0.825157
0.831134
0.826667
0.82719
0.820407
0.830269
0.827549
0.826306
0.829243
0.826427
0.830761
0.826729
0.826726
0.820315
0.831599
0.82735
0.825263
0.832404
0.828157
0.831174
0.826658
0.826923
0.819502
0.831028
0.826318
0.82578
0.830101
0.826033
0.827041
0.825926
0.815633
0.809672
0.820535
0.816147
0.814516
0.818432
0.756654
0.820703
0.81661
0.810651
0.871834
0.814084
0.88574
0.865193
0.914496
0.789041
0.884507
0.850042
0.83335
0.755657
0.825336
0.76401
0.820474
0.766941
0.820895
0.768759
0.820833
0.762756
0.813434
0.766779
0.822981
0.759823
0.824892
0.760161
0.826389
0.762387
0.821103
0.753996
0.822696
0.762251
0.818355
0.765983
0.819735
0.767394
0.821119
0.762152
0.755464
0.823421
0.762179
0.760124
0.823711
0.760325
0.766837
0.820806
0.760986
0.754977
0.822892
0.762105
0.760144
0.766541
0.818353
0.766752
0.762025
0.763104
0.755968
0.764893
0.764361
0.760678
0.765535
0.760639
0.767996
0.761688
0.761373
0.753655
0.764088
0.76211
0.76025
0.76483
0.76052
0.767269
0.76199
0.761668
0.756092
0.764898
0.763806
0.760111
0.765356
0.76015
0.767642
0.76225
0.761537
0.75453
0.764736
0.762403
0.760345
0.76605
0.760151
0.766283
0.761779
0.762367
0.754049
0.764817
0.763214
0.759692
0.765171
0.759975
0.766875
0.761887
0.762892
0.754006
0.764205
0.762128
0.759602
0.76606
0.761382
0.766899
0.761438
0.761992
0.75475
0.764278
0.76257
0.760421
0.764555
0.760146
0.766816
0.762171
0.762013
0.755121
0.764651
0.762497
0.759785
0.766447
0.760267
0.766788
0.761716
0.763008
0.754167
0.764508
0.764383
0.760173
0.766225
0.759997
0.767233
0.762634
0.761177
0.754794
0.765223
0.762818
0.760423
0.764645
0.760733
0.767186
0.762168
0.762243
0.755243
0.76434
0.762115
0.760172
0.765396
0.760377
0.767232
0.761756
0.762317
0.75464
0.764084
0.762955
0.760153
0.767485
0.76004
0.767041
0.761953
0.762449
0.754105
0.764258
0.762845
0.759242
0.765222
0.76133
0.76702
0.761989
0.7607
0.75388
0.765315
0.757094
0.754951
0.75382
0.749037
0.756281
0.751158
0.751062
0.744464
0.753765
0.751149
0.749429
0.754834
0.749329
0.75665
0.75166
0.751069
0.744842
0.753516
0.751951
0.749703
0.755724
0.749583
0.75603
0.750988
0.751412
0.743068
0.753701
0.752339
0.749059
0.754435
0.749691
0.756362
0.751015
0.751248
0.744149
0.75392
0.752182
0.749369
0.756217
0.750209
0.756476
0.751023
0.751308
0.744516
0.754347
0.751653
0.749878
0.755671
0.749509
0.755639
0.751174
0.751057
0.744091
0.753131
0.751902
0.749584
0.755101
0.749827
0.756505
0.750941
0.752508
0.74348
0.753652
0.752612
0.749329
0.754476
0.749432
0.755663
0.751442
0.750347
0.743228
0.753569
0.751373
0.749596
0.754569
0.749633
0.757296
0.751163
0.751327
0.746706
0.754275
0.752047
0.748812
0.754802
0.74955
0.756114
0.751572
0.751333
0.744011
0.754364
0.751895
0.74963
0.755739
0.749299
0.756374
0.751007
0.751985
0.744138
0.753988
0.752169
0.749295
0.75428
0.749745
0.755942
0.750923
0.751281
0.742883
0.753996
0.753268
0.749514
0.755807
0.749639
0.756528
0.751219
0.751271
0.744573
0.755581
0.751442
0.749341
0.755686
0.751115
0.756099
0.751305
0.750495
0.745932
0.753677
0.751716
0.749015
0.755172
0.749347
0.756075
0.75126
0.751303
0.743061
0.753775
0.752381
0.750089
0.754745
0.749212
0.756006
0.751056
0.751721
0.742911
0.75359
0.75109
0.750593
0.754725
0.749531
0.756697
0.751186
0.752327
0.745789
0.754178
0.751366
0.749938
0.754699
0.750521
0.75694
0.751367
0.753966
0.743617
0.753562
0.752039
0.75002
0.755149
0.749454
0.756454
0.750842
0.752408
0.743804
0.754238
0.752656
0.750455
0.756507
0.749458
0.756073
0.751105
0.745446
0.737873
0.74872
0.746256
0.744001
0.749543
0.74406
0.750798
0.74579
0.74665
0.73935
0.749337
0.747039
0.744707
0.748292
0.744115
0.75102
0.745554
0.745081
0.73823
0.748216
0.746305
0.745045
0.750018
0.74403
0.750506
0.745803
0.746701
0.732938
0.742812
0.741148
0.739456
0.743285
0.738486
0.745603
0.740284
0.740317
0.732855
0.743628
0.74083
0.738879
0.744548
0.738362
0.746029
0.740773
0.740443
0.734022
0.742936
0.740444
0.738357
0.743492
0.738418
0.745263
0.740387
0.741083
0.73399
0.743436
0.741571
0.739006
0.744641
0.740056
0.745785
0.740419
0.742998
0.73241
0.742793
0.741142
0.739353
0.743951
0.738451
0.745456
0.740294
0.740961
0.732306
0.743201
0.74118
0.740957
0.744195
0.738613
0.745515
0.740469
0.74068
0.734259
0.743053
0.74061
0.739076
0.743824
0.738613
0.74547
0.740714
0.740472
0.733008
0.7434
0.741247
0.739607
0.744758
0.738569
0.745066
0.740326
0.740699
0.732675
0.744129
0.741607
0.739717
0.74424
0.738442
0.745267
0.740282
0.74152
0.73319
0.74331
0.741064
0.739366
0.744466
0.738979
0.745453
0.740334
0.74086
0.733735
0.743038
0.741331
0.738589
0.744339
0.738759
0.745673
0.741659
0.741614
0.734317
0.743526
0.741516
0.739617
0.745472
0.738196
0.745334
0.74029
0.741291
0.73303
0.743805
0.741216
0.738739
0.744229
0.738966
0.745271
0.740699
0.742034
0.73303
0.743036
0.741117
0.739502
0.743591
0.738856
0.746226
0.740114
0.740125
0.733885
0.74337
0.740816
0.738932
0.744186
0.738613
0.745093
0.740417
0.740202
0.733025
0.742855
0.740891
0.739609
0.744247
0.738589
0.745717
0.740475
0.741103
0.733048
0.743829
0.742082
0.738924
0.744354
0.738332
0.745477
0.739942
0.740303
0.732764
0.743337
0.740965
0.738849
0.74444
0.738538
0.745593
0.740312
0.74121
0.736488
0.738559
0.735871
0.733331
0.738378
0.733372
0.740407
0.735505
0.734807
0.728097
0.73791
0.729758
0.72864
0.733764
0.727908
0.73512
0.730389
0.730635
0.721698
0.732651
0.731032
0.72838
0.733497
0.727639
0.734849
