0.683743
0.671209
0.66106
0.665751
0.652668
0.655788
0.644571
0.646487
0.639518
0.651408
0.642801
0.640803
0.639909
0.646131
0.646799
0.634753
0.648545
0.640085
0.646174
0.633788
0.635724
0.640835
0.652506
0.641248
0.636962
0.633575
0.635279
0.642685
0.639328
0.633644
0.634177
0.640099
0.641308
0.633004
0.647744
0.646478
0.641956
0.64195
0.641269
0.64045
0.633754
0.628595
0.637467
0.63571
0.636603
0.654892
0.653189
0.638035
0.636232
0.645405
0.643492
0.635663
0.640971
0.629196
0.63469
0.641015
0.641541
0.643238
0.635209
0.636915
0.641317
0.639312
0.646354
0.637147
0.642002
0.645287
0.645052
0.638996
0.651035
0.639979
0.646045
0.640112
0.649445
0.648379
0.639265
0.634539
0.638478
0.652536
0.636634
0.643668
0.640229
0.6382
0.635213
0.644722
0.638252
0.642927
0.647252
0.639772
0.638984
0.635225
0.64335
0.636496
0.646109
0.642167
0.647832
0.657416
0.646327
0.64022
0.642175
0.639127
0.639799
0.63562
0.632531
0.636965
0.641345
0.639988
0.642688
0.639522
0.641814
0.643022
0.644234
0.6411
0.644194
0.63418
0.647733
0.650582
0.645187
0.644569
0.639799
0.645333
0.64341
0.647729
0.646226
0.640248
0.645542
0.65178
0.644473
0.648515
0.642481
0.650499
0.643878
0.649156
0.640736
0.640558
0.641366
0.650065
0.634083
0.643443
0.63888
0.63833
0.641566
0.654115
0.638594
0.645045
0.641816
0.630637
0.639456
0.642185
0.631169
0.639487
0.635685
0.640767
0.639157
0.642898
0.644519
0.646583
0.641646
0.642793
0.655328
0.637712
0.643611
0.653784
0.643511
0.649171
0.644658
0.636366
0.63855
0.641523
0.640034
0.640028
0.637253
0.646217
0.643664
0.650118
0.652475
0.645837
0.645568
0.645624
0.637014
0.644401
0.647291
0.641665
0.641652
0.64792
0.641105
0.639613
0.638514
0.640184
0.6429
0.637151
0.660005
0.637284
0.64308
0.636039
0.651988
0.640889
0.636552
0.636974
0.644368
0.637408
0.638657
0.649126
0.646506
0.642869
0.643567
0.645733
0.649155
0.643668
0.649082
0.646286
0.65006
0.650798
0.642148
0.654265
0.646246
0.650648
0.640516
0.649191
0.640509
0.650348
0.637786
0.647462
0.642513
0.644642
0.636015
0.63861
0.639401
0.640301
0.643634
0.643163
0.642648
0.639994
0.641286
0.640895
0.641064
0.64128
0.644944
0.644184
0.640547
0.644586
0.638511
0.645869
0.639534
0.656025
0.654556
0.636275
0.644525
0.634966
0.651564
0.653805
0.637252
0.648223
0.64748
0.638643
0.640577
0.639622
0.640934
0.636318
0.637824
0.640655
0.638632
0.643023
0.641689
0.648956
0.647259
0.649166
0.647244
0.634384
0.646381
0.632348
0.649254
0.640532
0.63512
0.642562
0.636965
0.644918
0.643702
0.640781
0.639112
0.642372
0.64129
0.63909
0.642685
0.640001
0.641261
0.640328
0.652839
0.647312
0.634836
0.646855
0.644607
0.633875
0.63761
0.6427
0.640831
0.640493
0.64147
0.650416
0.640248
0.643579
0.644468
0.655511
0.647773
0.64723
0.643944
0.646774
0.63954
0.640047
0.6492
0.651861
0.65014
0.643273
0.641145
0.649385
0.643522
0.641271
0.655365
0.646064
0.649897
0.642981
0.653994
0.650742
0.647617
0.639711
0.649907
0.646555
0.651824
0.643532
0.650486
0.638739
0.645469
0.642962
0.644469
0.648182
0.642084
0.650033
0.643325
0.636242
0.633575
0.639841
0.645253
0.638579
0.642303
0.637361
0.643024
0.641992
0.647623
0.641823
0.642759
0.641107
0.639216
0.643358
0.638702
0.647639
0.63795
0.641867
0.634203
0.652011
0.641487
0.646221
0.640411
0.649924
0.643988
0.637315
0.645901
0.641684
0.643945
0.64215
0.63614
0.636826
0.64748
0.643519
0.644414
0.6393
0.644564
0.641764
0.636509
0.639583
0.635538
0.6472
0.634856
0.636277
0.639758
0.640634
0.635554
0.636353
0.638741
0.638266
0.649124
0.647743
0.632651
0.638423
0.643807
0.640182
0.64277
0.638162
0.647868
0.65031
0.633865
0.644212
0.639933
0.643851
0.639135
0.645998
0.639288
0.646931
0.650492
0.635555
0.6497
0.636291
0.638132
0.643426
0.640132
0.651224
0.651758
0.639273
0.640694
0.655436
0.644843
0.634909
0.646048
0.636734
0.634062
0.634269
0.636724
0.63854
0.636693
0.641215
0.630047
0.639069
0.636765
0.639358
0.633219
0.635699
0.632571
0.629075
0.64322
0.638667
0.63986
0.639717
0.639537
0.63745
0.644029
0.633969
0.635418
0.642576
0.639052
0.63345
0.64072
0.638364
0.638237
0.65067
0.654213
0.638846
0.629348
0.636522
0.632146
0.641512
0.634896
0.640432
0.634164
0.626878
0.634894
0.632598
0.630431
0.631233
0.636805
0.637689
0.640364
0.631756
0.654546
0.645334
0.637363
0.641717
0.640439
0.637745
0.636404
0.634926
0.638603
0.630012
0.642909
0.63179
0.638992
0.640386
0.628778
0.634436
0.634215
0.634269
0.636954
0.637816
0.638479
0.629624
0.632779
0.641401
0.633751
0.628778
0.637624
0.628913
0.647101
0.635598
0.634995
0.634235
0.644832
0.648728
0.642108
0.645088
0.636439
0.632146
0.629835
0.640609
0.633496
0.624585
0.629628
0.636256
0.634634
0.641992
0.629018
0.644488
0.642656
0.633605
0.640045
0.646504
0.654025
0.640214
0.630694
0.634106
0.63053
0.633538
0.633599
0.641687
0.632913
0.641854
0.63272
0.631787
0.641295
0.632151
0.641721
0.630845
0.625208
0.637515
0.64171
0.633055
0.63319
0.635659
0.645139
0.631771
0.634676
0.64606
0.634323
0.640717
0.63942
0.635685
0.639884
0.630892
0.639079
0.636597
0.62911
0.631879
0.628872
0.636787
0.638164
0.646028
0.627529
0.637804
0.633367
0.631942
0.637448
0.642679
0.637512
0.628382
0.629191
0.634796
0.635078
0.638518
0.638636
0.634759
0.634961
0.632205
0.632308
0.631072
0.626083
0.626639
0.64317
0.626666
0.625045
0.630893
0.638288
0.6317
0.632013
0.635477
0.6288
0.633352
0.633324
0.642248
0.631869
0.637852
0.626981
0.630507
0.625724
0.633494
0.625632
0.630161
0.637577
0.622855
0.626024
0.639593
0.63101
0.633866
0.634549
0.629976
0.632614
0.62576
0.632125
0.633653
0.628882
0.629879
0.626018
0.638215
0.620586
0.632628
0.623924
0.626014
0.634456
0.632044
0.632946
0.624616
0.633705
0.624605
0.633631
0.631566
0.64014
0.622379
0.630203
0.635443
0.629839
0.62398
0.639373
0.624021
0.62382
0.628496
0.628426
0.636546
0.628811
0.652491
0.648578
0.630672
0.637559
0.626324
0.636505
0.625684
0.627951
0.622212
0.63335
0.631917
0.624729
0.629838
0.627463
0.641553
0.627962
0.63623
0.62769
0.636019
0.62425
0.628425
0.631222
0.627067
0.626226
0.633185
0.627334
0.62896
0.624809
0.631836
0.621494
0.623843
0.629173
0.626437
0.626169
0.63074
0.621383
0.626024
0.627876
0.621986
0.621393
0.632532
0.621939
0.619923
0.624893
0.628075
0.625244
0.62275
0.621104
0.614972
0.626169
0.627845
0.62697
0.624964
0.622515
0.625476
0.622126
0.621314
0.615033
0.625526
0.622375
0.619945
0.626103
0.62704
0.625229
0.62264
0.620859
0.614702
0.626228
0.627837
0.622809
0.626443
0.622
0.625173
0.622325
0.620863
0.614798
0.625905
0.620859
0.620248
0.625421
0.621322
0.62672
0.62258
0.621515
0.615995
0.626297
0.621679
0.620388
0.625222
0.62154
0.626053
0.622614
0.626751
0.615476
0.62567
0.621723
0.619961
0.62517
0.621741
0.626746
0.622208
0.621349
0.61557
0.625992
0.621365
0.621727
0.625243
0.621042
0.625675
0.622065
0.621016
0.614863
0.626636
0.621346
0.6204
0.624776
0.622381
0.625302
0.62202
0.621522
0.614909
0.63108
0.621893
0.620594
0.625035
0.621519
0.626665
0.622632
0.621249
0.614854
0.625306
0.6222
0.620749
0.625308
0.621796
0.625766
0.623253
0.620772
0.614507
0.626153
0.615704
0.615544
0.619172
0.615525
0.620769
0.617916
0.616425
0.609685
0.620179
0.615808
0.615011
0.619988
0.617223
0.620504
0.616865
0.615572
0.609049
0.621168
0.618172
0.614955
0.620174
0.615674
0.621337
0.616436
0.616239
0.609535
0.6207
0.615561
0.615661
0.619456
0.616347
0.62174
0.616715
0.617351
0.611885
0.620762
0.616934
0.616569
0.62038
0.616109
0.620095
0.6165
0.615265
0.609304
0.620742
0.616039
0.615148
0.619799
0.616707
0.619674
0.616827
0.616621
0.610021
0.621183
0.615597
0.616574
0.619819
0.617133
0.621401
0.616888
0.616243
0.610101
0.620503
0.615566
0.616395
0.619092
0.616532
0.622679
0.616272
0.61636
0.609434
0.621098
0.616767
0.615845
0.621305
0.615666
0.620167
0.616609
0.616756
0.609767
0.620863
0.615803
0.615984
0.620051
0.616658
0.621348
0.617007
0.616254
0.610465
0.622821
0.616509
0.615842
0.619918
0.616132
0.62114
0.617135
0.616848
0.611245
0.620199
0.616257
0.616366
0.619932
0.616124
0.620718
0.616705
0.616639
0.609417
0.621532
0.619616
0.616815
0.620607
0.615902
0.620401
0.617223
0.616417
0.611197
0.620562
0.616105
0.616281
0.621286
0.616633
0.620828
0.617536
0.615892
0.610209
0.62159
0.615961
0.615317
0.619417
0.616189
0.620787
0.616998
0.616614
0.610227
0.620888
0.61558
0.616511
0.620435
0.616005
0.621186
0.616377
0.61699
0.609022
0.621637
0.61676
0.616124
0.621929
0.616241
0.620941
0.616518
0.616872
0.610443
0.621054
0.615996
0.616051
0.620082
0.616488
0.621303
0.616756
0.616714
0.60991
0.621115
0.616062
0.616237
0.620096
0.616233
0.620936
0.617226
0.6161
0.609705
0.620895
0.617021
0.616018
0.620391
0.616542
0.621351
0.619436
0.616838
0.609638
0.621446
0.617138
0.61628
0.62064
0.616965
0.620817
0.617262
0.61573
0.610514
0.621167
0.616004
0.61601
0.619554
0.616538
0.620659
0.616868
0.611635
0.605617
0.615963
0.610368
0.611554
0.61398
0.616491
0.615857
0.616802
0.611737
0.605875
0.615944
0.616829
0.616256
0.615908
0.610846
0.615633
0.611973
0.617602
0.610567
0.621688
0.611408
0.611338
0.61639
0.616205
0.620679
0.617052
0.611364
0.604799
0.616307
0.610467
0.610414
0.614885
0.611345
0.616057
0.611453
0.611629
0.604993
0.615342
0.612528
0.613132
0.614622
0.611235
0.615786
0.612214
0.610874
0.604835
0.616215
0.611098
0.611864
0.616027
0.610436
0.615488
0.611683
0.611782
0.60547
0.615827
0.611262
0.611279
0.614533
0.611676
0.615935
0.611868
0.61023
0.604468
0.616384
0.610604
0.610216
0.614323
0.610558
0.615676
0.611367
0.610888
0.605378
0.616037
0.610203
0.610722
0.614299
0.61072
0.615755
0.612241
0.612645
0.604492
0.61658
0.610978
0.610035
0.616253
0.611229
0.61566
0.611067
0.612566
0.606196
0.61452
0.611132
0.610366
0.617022
0.610919
0.615928
0.611192
0.610658
0.604345
0.616397
0.610541
0.610443
0.615526
0.610704
0.615775
0.611537
0.610392
0.604627
0.616393
0.610606
0.610934
0.614338
0.611378
0.615664
0.611762
0.61064
0.605206
0.616141
0.610852
0.610811
0.615199
0.613136
0.61585
0.611621
0.610466
0.604503
0.615795
0.611151
0.610883
0.615497
0.611659
0.615621
0.611541
0.610495
0.604594
0.615625
0.610693
0.611169
0.614251
0.611309
0.616041
0.611011
0.610439
0.605013
0.61613
0.611505
0.610516
0.614822
0.611167
0.616018
0.611541
0.611628
0.605162
0.616073
0.61107
0.61093
0.616203
0.610812
0.615602
0.611246
0.611785
0.604514
0.615879
0.611631
0.610152
0.616867
0.610792
0.61544
0.611839
0.611227
0.605288
0.615288
0.610401
0.610667
0.614342
0.610674
0.616319
0.611895
0.610582
0.604879
0.610967
0.6056
0.604726
0.609674
0.605408
0.616056
0.613009
0.611611
0.600891
0.610534
0.606073
0.61088
0.609333
0.606877
0.605083
0.600994
0.605972
0.598821
0.605482
0.600403
0.599725
0.6047
0.599951
0.609928
0.606672
0.600121
0.594323
0.60521
0.599701
0.600184
0.605934
0.602638
0.605663
0.600397
0.600049
0.596143
0.605488
0.599391
0.599318
0.604117
0.60053
0.605485
0.600826
0.601598
0.595103
0.604945
0.600951
0.599951
0.605809
0.600949
0.605234
0.600745
0.601728
0.593751
0.605664
0.600365
0.600009
0.605742
0.599726
0.604351
0.601034
0.599723
0.594523
0.605172
0.60015
0.600112
0.603839
0.600617
0.605526
0.601295
0.600034
0.594387
0.605225
0.599266
0.600057
0.603538
0.601044
0.606637
0.60159
0.600796
0.594944
0.604741
0.600803
0.599966
0.604771
0.600565
0.605207
0.600755
0.600863
0.595156
0.60539
0.600423
0.60025
0.604971
0.603281
0.604718
0.601321
0.599939
0.594076
0.605374
0.600471
0.599809
0.604215
0.600502
0.604784
0.600498
0.600025
0.594903
0.605174
0.599986
0.60032
0.604359
0.600716
0.605099
0.600691
0.600485
0.594051
0.605046
0.600575
0.599333
0.605367
0.599712
0.604643
0.601218
0.602612
0.594292
0.604792
0.600294
0.600128
0.604948
0.599509
0.604964
0.601113
0.599683
0.594326
0.605645
0.601245
0.600268
0.60398
0.600334
0.605285
0.601285
0.600999
0.595059
0.605559
0.60014
0.600303
0.603372
0.601755
0.604989
0.601723
0.600113
0.594087
0.605468
0.600704
0.599354
0.604941
0.600283
0.604768
0.600969
0.595549
0.595041
0.605926
0.600193
0.600374
0.605016
0.600109
0.605446
0.601014
0.599599
0.593797
0.605886
0.599991
0.599944
0.605212
0.600438
0.605203
0.600959
0.600856
0.594743
0.605896
0.5999
0.599607
0.603996
0.599845
0.605482
0.595555
0.595503
0.588517
0.599729
0.594774
0.594491
0.59982
0.594227
0.598995
0.595876
0.594664
0.588354
0.599974
0.595217
0.594796
0.599761
0.595443
0.593913
0.595981
0.594385
0.583499
0.594565
0.588936
0.589152
0.593004
0.591339
0.594202
0.590294
0.588814
0.58375
0.594782
0.589819
0.588908
0.592578
0.590618
0.59411
0.591825
0.589417
0.584478
0.595333
0.589128
0.589693
0.593765
0.59003
0.594192
0.589891
0.590089
0.582999
0.59462
0.590197
0.589396
0.595434
0.589516
0.593828
0.589882
0.58956
0.583206
0.595318
0.588963
0.589352
0.593933
0.589485
0.594411
0.590918
0.589879
0.583433
0.59431
0.589133
0.588674
0.59356
0.58954
0.594137
0.590152
0.590502
0.583532
0.594418
0.589705
0.589184
0.594249
0.589868
0.594257
0.590335
0.588921
0.583173
0.594316
0.590268
0.588405
0.594502
0.588944
0.593953
0.591258
0.589678
0.584329
0.59418
0.58936
0.589521
0.594652
0.590473
0.594562
0.589945
0.5889
0.583299
0.594807
0.589364
0.588442
0.592887
0.589214
0.59442
0.590145
0.589736
0.583935
0.594837
0.588871
0.589126
0.594465
0.58903
0.594449
0.591419
0.590225
0.582453
0.595418
0.589588
0.588897
0.594797
0.589257
0.593769
0.589665
0.589794
0.583643
0.594129
0.58982
0.589405
0.593841
0.589073
0.594549
0.591226
0.589913
0.582903
0.594279
0.589307
0.588891
0.593307
0.589268
0.594256
0.591057
0.588518
0.583527
0.594592
0.589712
0.589268
0.593842
0.584502
0.588812
0.585327
0.584183
0.577804
0.589102
0.583954
0.588835
0.594
0.590094
0.593459
0.590096
0.591143
0.583465
0.594432
0.589329
0.583652
0.58767
0.58471
0.588979
0.584555
0.583527
0.578829
0.588815
0.583563
0.584076
0.587263
0.584603
0.588926
0.584772
0.579344
0.572818
0.583887
0.579072
0.578265
0.583757
0.578685
0.583446
0.578696
0.579813
0.572671
0.584036
0.578752
0.578914
0.584012
0.578561
0.58582
0.579573
0.578428
0.572444
0.583873
0.578459
0.577826
0.582275
0.578539
0.583762
0.579283
0.57912
0.572676
0.583066
0.578611
0.57842
0.582639
0.580361
0.583449
0.579753
0.578326
0.572323
0.584055
0.579165
0.577769
0.583768
0.578234
0.583293
0.57953
0.57965
0.573076
0.583186
0.580119
0.578616
0.582306
0.581795
0.583342
0.579657
0.57795
0.572403
0.58385
0.578526
0.577833
0.582674
0.578941
0.583924
0.579682
0.578796
0.572921
0.58403
0.578216
0.579044
0.582231
0.580768
0.584273
0.579102
0.579297
0.572603
0.586313
0.578888
0.57876
0.584324
0.579021
0.583881
0.578884
0.580766
0.573073
0.583336
0.578548
0.578692
0.584568
0.578663
0.583725
0.579391
0.578506
0.572139
0.584426
0.578633
0.578343
0.583399
0.578785
0.58356
0.580018
0.578498
0.572908
0.584117
0.578708
0.578858
0.58255
0.579305
0.583574
0.57977
0.578601
0.572871
0.584081
0.578827
0.578716
0.583197
0.579815
0.58354
0.580298
0.578237
0.572719
0.583972
0.579131
0.578443
0.583143
0.579558
0.584791
0.579354
0.578275
0.572547
0.58426
0.578405
0.579182
0.582706
0.580921
0.584775
0.57924
0.578423
0.573494
0.584325
0.578646
0.5786
0.582744
0.579406
0.584015
0.579233
0.579632
0.573043
0.5857
0.579994
0.578827
0.583984
0.578947
0.583431
0.578888
0.579636
0.572535
0.58387
0.579172
0.578375
0.583502
0.57833
0.584226
0.579902
0.579031
0.572983
0.583496
0.578713
0.57922
0.582889
0.579051
0.583763
0.579633
0.577762
0.57287
0.584372
0.578663
0.578775
0.582297
0.57846
0.583892
0.579886
0.579263
0.573806
0.58353
0.578908
0.579388
0.58236
0.579904
0.583668
0.579731
0.578942
0.572955
0.584913
0.578905
0.578207
0.585609
0.581286
0.584056
0.579426
0.578926
0.572769
0.584311
0.577802
0.578807
0.582982
0.579311
0.579361
0.579024
0.567754
0.56213
0.573563
0.567768
0.567531
0.571477
0.568221
0.573701
0.569859
0.603831
0.592213
0.599963
0.60304
0.648461
0.596395
0.581148
0.612578
0.594604
0.571752
0.565594
0.576885
0.571884
0.572175
0.577064
0.572665
0.578032
0.572585
0.571718
0.565375
0.577145
0.572432
0.569989
0.576604
0.570299
0.578133
0.572626
0.571242
0.564403
0.574365
0.570734
0.570109
0.576251
0.571365
0.57727
0.572578
0.570707
0.565352
0.575248
0.570578
0.570435
0.57491
0.57059
0.576668
0.572338
0.570277
0.565126
0.574604
0.570726
0.570416
0.576547
0.570338
0.576808
0.572403
0.571685
0.566078
0.575202
0.57252
0.570823
0.575845
0.57099
0.577443
0.571928
0.570622
0.563957
0.574586
0.570599
0.570498
0.575137
0.570723
0.577254
0.572172
0.570908
0.56568
0.575145
0.572119
0.570458
0.575682
0.570496
0.5776
0.57204
0.570661
0.564764
0.575127
0.571034
0.570485
0.576207
0.570317
0.57631
0.572191
0.571569
0.564352
0.575284
0.571706
0.57008
0.575147
0.570233
0.576806
0.572143
0.57179
0.564302
0.574535
0.570778
0.569942
0.576169
0.571201
0.57683
0.571736
0.571164
0.564864
0.574573
0.571089
0.570671
0.574741
0.570576
0.576784
0.572515
0.571139
0.565049
0.575096
0.571138
0.569849
0.576672
0.570739
0.576795
0.572088
0.572177
0.564723
0.574831
0.572897
0.570426
0.576329
0.570273
0.577101
0.573066
0.570313
0.56499
0.57494
0.571385
0.570548
0.574927
0.571041
0.577189
0.572416
0.571436
0.565081
0.574673
0.570617
0.570196
0.575833
0.570666
0.577221
0.572172
0.571591
0.564835
0.574599
0.571541
0.570391
0.57763
0.570352
0.576935
0.57218
0.571571
0.564446
0.574744
0.571341
0.569599
0.575502
0.571686
0.577002
0.572437
0.569935
0.564215
0.57563
0.565399
0.565323
0.564152
0.559401
0.566208
0.560756
0.560159
0.554328
0.564244
0.559522
0.55985
0.565031
0.559764
0.566704
0.561984
0.560233
0.554809
0.563955
0.560324
0.559786
0.565887
0.5601
0.565967
0.561281
0.560558
0.553362
0.564209
0.560796
0.559263
0.564801
0.559893
0.566381
0.561493
0.560509
0.554288
0.564449
0.560833
0.559591
0.566406
0.560582
0.566475
0.561358
0.560519
0.554478
0.564615
0.560145
0.560233
0.565728
0.559969
0.565687
0.561609
0.560358
0.554237
0.563651
0.560487
0.559881
0.565315
0.56001
0.566657
0.561258
0.560817
0.553853
0.564169
0.561061
0.559533
0.564771
0.559634
0.565742
0.56179
0.559671
0.553515
0.564095
0.559967
0.559954
0.564878
0.560019
0.567106
0.561577
0.560498
0.5562
0.56475
0.560617
0.558995
0.565005
0.559862
0.566224
0.561792
0.560556
0.554305
0.564691
0.560294
0.559935
0.566006
0.559437
0.566309
0.561378
0.561235
0.554297
0.56441
0.560647
0.559415
0.564543
0.560001
0.565834
0.56133
0.560516
0.553394
0.564469
0.561707
0.559801
0.566087
0.560075
0.566523
0.561517
0.560483
0.554339
0.565966
0.559988
0.55972
0.565893
0.56113
0.566011
0.561518
0.559704
0.555069
0.564128
0.560295
0.559486
0.565619
0.559747
0.566048
0.561529
0.560648
0.553477
0.564198
0.560905
0.560317
0.564879
0.559631
0.566052
0.561411
0.560825
0.55331
0.564035
0.559598
0.560833
0.565049
0.559831
0.566641
0.561471
0.561571
0.555422
0.564475
0.560029
0.560154
0.564993
0.560783
0.566279
0.56164
0.563048
0.553806
0.563795
0.560567
0.560239
0.565419
0.559888
0.566309
0.561313
0.56159
0.553904
0.564649
0.561193
0.560733
0.56619
0.559844
0.566137
0.561489
0.554785
0.548386
0.55917
0.554872
0.554315
0.559847
0.554493
0.5607
0.556089
0.555922
0.549239
0.559505
0.555064
0.554942
0.558623
0.55455
0.560966
0.555844
0.554267
0.548335
0.558793
0.554888
0.555297
0.560274
0.554337
0.560505
0.556239
0.555891
0.543184
0.553183
0.549653
0.54978
0.553592
0.548924
0.555633
0.550559
0.549551
0.543061
0.553918
0.549488
0.549169
0.554769
0.54876
0.555961
0.551023
0.549623
0.544079
0.553355
0.549174
0.548761
0.553831
0.548803
0.555339
0.55076
0.550472
0.543972
0.553736
0.550124
0.549407
0.55488
0.550247
0.55574
0.550792
0.552287
0.542762
0.553242
0.549805
0.549685
0.55426
0.548811
0.555442
0.550778
0.550047
0.542764
0.553566
0.549701
0.550013
0.554465
0.548859
0.555506
0.550765
0.549944
0.54401
0.553255
0.549069
0.549061
0.554038
0.548932
0.555495
0.551125
0.549673
0.543093
0.553774
0.549699
0.549831
0.554934
0.548899
0.555026
0.550653
0.54991
0.543015
0.554309
0.55024
0.549947
0.553672
0.548802
0.555208
0.550689
0.550681
0.543216
0.553675
0.549627
0.549577
0.554806
0.549398
0.555434
0.550687
0.550085
0.54345
0.553436
0.549913
0.548901
0.554484
0.549144
0.555702
0.551519
0.550786
0.544078
0.553878
0.550122
0.549953
0.555677
0.548399
0.555308
0.550604
0.550499
0.54334
0.554149
0.54978
0.54881
0.554408
0.548739
0.555168
0.551052
0.551289
0.543424
0.553377
0.549813
0.54975
0.553919
0.549214
0.556165
0.550382
0.549355
0.543693
0.553781
0.5494
0.549257
0.554266
0.549035
0.555073
0.550686
0.549413
0.543349
0.553267
0.549528
0.549849
0.554475
0.54898
0.555664
0.550789
0.550202
0.543126
0.554223
0.550498
0.549111
0.554651
0.548582
0.555526
0.550399
0.549486
0.543142
0.553811
0.549508
0.549202
0.554142
0.548845
0.55558
0.550663
0.55054
0.545258
0.548989
0.544477
0.543582
0.548597
0.543851
0.550399
0.545908
0.544042
0.538193
0.548324
0.538395
0.538904
0.544119
0.53841
0.545106
0.539849
0.539804
0.531998
0.543114
0.539639
0.538665
0.543845
0.538038
0.544784
