-0.831303
-0.810889
-0.792399
-0.775599
-0.760288
-0.746287
-0.73344
-0.721612
-0.710683
-0.700549
-0.691117
-0.682308
-0.67405
-0.666283
-0.658952
-0.65201
-0.645415
-0.639129
-0.633122
-0.627364
-0.621831
-0.616501
-0.611354
-0.606374
-0.601545
-0.596854
-0.59229
-0.587842
-0.5835
-0.579257
-0.575106
-0.571039
-0.567052
-0.563138
-0.559295
-0.555516
-0.551799
-0.548141
-0.544538
-0.540988
-0.537488
-0.534035
-0.530629
-0.527267
-0.523947
-0.520668
-0.517429
-0.514227
-0.511062
-0.507933
-0.504839
-0.501778
-0.49875
-0.495753
-0.492788
-0.489852
-0.486946
-0.484069
-0.48122
-0.478399
-0.475604
-0.472835
-0.470092
-0.467375
-0.464682
-0.462013
-0.459368
-0.456746
-0.454146
-0.45157
-0.449015
-0.446482
-0.44397
-0.441479
-0.439008
-0.436557
-0.434127
-0.431715
-0.429323
-0.42695
-0.424595
-0.422258
-0.419939
-0.417638
-0.415355
-0.413088
-0.410839
-0.408606
-0.406389
-0.404189
-0.402004
-0.399835
-0.397682
-0.395544
-0.393421
-0.391313
-0.389219
-0.38714
-0.385075
-0.383024
-0.380987
-0.378964
-0.376955
-0.374959
-0.372976
-0.371006
-0.369049
-0.367104
-0.365173
-0.363253
-0.361346
-0.359451
-0.357569
-0.355698
-0.353839
-0.351991
-0.350155
-0.348331
-0.346517
-0.344715
-0.342924
-0.341143
-0.339374
-0.337615
-0.335867
-0.334129
-0.332402
-0.330684
-0.328977
-0.32728
-0.325594
-0.323917
-0.322249
-0.320592
-0.318944
-0.317305
-0.315676
-0.314057
-0.312446
-0.310845
-0.309253
-0.30767
-0.306096
-0.304531
-0.302975
-0.301427
-0.299888
-0.298358
-0.296836
-0.295323
-0.293818
-0.292321
-0.290833
-0.289353
-0.287881
-0.286417
-0.284961
-0.283513
-0.282073
-0.28064
-0.279216
-0.277799
-0.27639
-0.274989
-0.273595
-0.272208
-0.270829
-0.269458
-0.268093
-0.266736
-0.265387
-0.264044
-0.262709
-0.261381
-0.260059
-0.258745
-0.257438
-0.256137
-0.254844
-0.253557
-0.252277
-0.251004
-0.249738
-0.248478
-0.247225
-0.245978
-0.244738
-0.243504
-0.242277
-0.241056
-0.239841
-0.238633
-0.237431
-0.236236
-0.235046
-0.233863
-0.232686
-0.231515
-0.23035
-0.229191
-0.228038
-0.226891
-0.22575
-0.224615
-0.223485
-0.222362
-0.221244
-0.220132
-0.219026
-0.217925
-0.21683
-0.215741
-0.214657
-0.213578
-0.212506
-0.211438
-0.210377
-0.20932
-0.208269
-0.207224
-0.206183
-0.205148
-0.204119
-0.203094
-0.202075
-0.201061
-0.200052
-0.199048
-0.19805
-0.197056
-0.196068
-0.195084
-0.194106
-0.193132
-0.192164
-0.1912
-0.190241
-0.189287
-0.188338
-0.187394
-0.186454
-0.18552
-0.18459
-0.183664
-0.182744
-0.181828
-0.180916
-0.18001
-0.179108
-0.17821
-0.177317
-0.176428
-0.175544
-0.174665
-0.17379
-0.172919
-0.172052
-0.17119
-0.170333
-0.16948
-0.168631
-0.167786
-0.166945
-0.166109
-0.165277
-0.164449
-0.163626
-0.162806
-0.161991
-0.161179
-0.160372
-0.159569
-0.15877
-0.157975
-0.157184
-0.156397
-0.155614
-0.154835
-0.154059
-0.153288
-0.15252
-0.151757
-0.150997
-0.150241
-0.149489
-0.14874
-0.147996
-0.147255
-0.146518
-0.145784
-0.145054
-0.144328
-0.143606
-0.142887
-0.142172
-0.14146
-0.140752
-0.140047
-0.139346
-0.138649
-0.137955
-0.137264
-0.136577
-0.135894
-0.135214
-0.134537
-0.133864
-0.133194
-0.132527
-0.131864
-0.131204
-0.130547
-0.129894
-0.129244
-0.128597
-0.127953
-0.127313
-0.126676
-0.126042
-0.125411
-0.124784
-0.124159
-0.123538
-0.12292
-0.122305
-0.121693
-0.121084
-0.120478
-0.119875
-0.119275
-0.118678
-0.118084
-0.117494
-0.116906
-0.116321
-0.115739
-0.11516
-0.114583
-0.11401
-0.11344
-0.112872
-0.112307
-0.111745
-0.111186
-0.11063
-0.110076
-0.109526
-0.108978
-0.108432
-0.10789
-0.10735
-0.106813
-0.106279
-0.105747
-0.105218
-0.104691
-0.104168
-0.103646
-0.103128
-0.102612
-0.102099
-0.101588
-0.10108
-0.100574
-0.100071
-0.09957
-0.0990719
-0.0985762
-0.0980831
-0.0975924
-0.0971041
-0.0966183
-0.096135
-0.095654
-0.0951755
-0.0946994
-0.0942256
-0.0937542
-0.0932852
-0.0928185
-0.0923542
-0.0918922
-0.0914325
-0.0909751
-0.0905199
-0.0900671
-0.0896165
-0.0891682
-0.0887222
-0.0882783
-0.0878367
-0.0873973
-0.0869601
-0.0865251
-0.0860922
-0.0856616
-0.085233
-0.0848067
-0.0843824
-0.0839603
-0.0835403
-0.0831224
-0.0827066
-0.0822929
-0.0818812
-0.0814716
-0.0810641
-0.0806586
-0.0802551
-0.0798536
-0.0794542
-0.0790567
-0.0786612
-0.0782678
-0.0778762
-0.0774867
-0.0770991
-0.0767134
-0.0763297
-0.0759479
-0.075568
-0.07519
-0.0748138
-0.0744396
-0.0740672
-0.0736968
-0.0733281
-0.0729613
-0.0725963
-0.0722332
-0.0718719
-0.0715124
-0.0711547
-0.0707988
-0.0704446
-0.0700922
-0.0697416
-0.0693928
-0.0690457
-0.0687003
-0.0683567
-0.0680147
-0.0676745
-0.067336
-0.0669992
-0.0666641
-0.0663306
-0.0659988
-0.0656687
-0.0653402
-0.0650134
-0.0646882
-0.0643647
-0.0640427
-0.0637224
-0.0634036
-0.0630865
-0.0627709
-0.062457
-0.0621446
-0.0618337
-0.0615244
-0.0612167
-0.0609105
-0.0606058
-0.0603027
-0.0600011
-0.059701
-0.0594023
-0.0591052
-0.0588096
-0.0585154
-0.0582227
-0.0579315
-0.0576418
-0.0573535
-0.0570666
-0.0567811
-0.0564971
-0.0562146
-0.0559334
-0.0556536
-0.0553753
-0.0550983
-0.0548227
-0.0545485
-0.0542756
-0.0540042
-0.0537341
-0.0534653
-0.0531979
-0.0529318
-0.0526671
-0.0524036
-0.0521415
-0.0518807
-0.0516212
-0.051363
-0.0511061
-0.0508505
-0.0505962
-0.0503431
-0.0500913
-0.0498408
-0.0495915
-0.0493435
-0.0490967
-0.0488511
-0.0486068
-0.0483637
-0.0481218
-0.0478811
-0.0476416
-0.0474033
-0.0471662
-0.0469303
-0.0466956
-0.046462
-0.0462296
-0.0459984
-0.0457684
-0.0455395
-0.0453117
-0.0450851
-0.0448596
-0.0446352
-0.044412
-0.0441898
-0.0439688
-0.0437489
-0.0435301
-0.0433124
-0.0430957
-0.0428802
-0.0426657
-0.0424523
-0.04224
-0.0420288
-0.0418185
-0.0416094
-0.0414013
-0.0411942
-0.0409882
-0.0407832
-0.0405792
-0.0403763
-0.0401743
-0.0399734
-0.0397735
-0.0395745
-0.0393766
-0.0391797
-0.0389837
-0.0387887
-0.0385947
-0.0384017
-0.0382097
-0.0380186
-0.0378284
-0.0376392
-0.037451
-0.0372637
-0.0370773
-0.0368919
-0.0367073
-0.0365238
-0.0363411
-0.0361593
-0.0359785
-0.0357985
-0.0356195
-0.0354414
-0.0352641
-0.0350877
-0.0349122
-0.0347376
-0.0345639
-0.034391
-0.034219
-0.0340479
-0.0338776
-0.0337082
-0.0335396
-0.0333719
-0.033205
-0.0330389
-0.0328737
-0.0327092
-0.0325457
-0.0323829
-0.0322209
-0.0320598
-0.0318994
-0.0317399
-0.0315812
-0.0314232
-0.0312661
-0.0311097
-0.0309541
-0.0307993
-0.0306453
-0.030492
-0.0303395
-0.0301878
-0.0300368
-0.0298866
-0.0297371
-0.0295884
-0.0294404
-0.0292932
-0.0291467
-0.0290009
-0.0288559
-0.0287115
-0.028568
-0.0284251
-0.0282829
-0.0281415
-0.0280007
-0.0278607
-0.0277214
-0.0275827
-0.0274448
-0.0273075
-0.0271709
-0.0270351
-0.0268999
-0.0267653
-0.0266315
-0.0264983
-0.0263658
-0.0262339
-0.0261027
-0.0259722
-0.0258423
-0.025713
-0.0255844
-0.0254565
-0.0253292
-0.0252025
-0.0250765
-0.024951
-0.0248263
-0.0247021
-0.0245786
-0.0244556
-0.0243333
-0.0242116
-0.0240906
-0.0239701
-0.0238502
-0.0237309
-0.0236123
-0.0234942
-0.0233767
-0.0232598
-0.0231434
-0.0230277
-0.0229125
-0.0227979
-0.0226839
-0.0225705
-0.0224576
-0.0223453
-0.0222336
-0.0221224
-0.0220117
-0.0219016
-0.0217921
-0.0216831
-0.0215747
-0.0214668
-0.0213594
-0.0212526
-0.0211463
-0.0210406
-0.0209354
-0.0208307
-0.0207265
-0.0206228
-0.0205197
-0.0204171
-0.020315
-0.0202134
-0.0201123
-0.0200117
-0.0199116
-0.0198121
-0.019713
-0.0196144
-0.0195163
-0.0194187
-0.0193216
-0.019225
-0.0191288
-0.0190332
-0.018938
-0.0188433
-0.018749
-0.0186553
-0.018562
-0.0184691
-0.0183768
-0.0182849
-0.0181934
-0.0181025
-0.0180119
-0.0179219
-0.0178322
-0.017743
-0.0176543
-0.017566
-0.0174782
-0.0173908
-0.0173038
-0.0172173
-0.0171312
-0.0170455
-0.0169603
-0.0168754
-0.016791
-0.0167071
-0.0166235
-0.0165404
-0.0164577
-0.0163754
-0.0162935
-0.016212
-0.0161309
-0.0160503
-0.01597
-0.0158901
-0.0158107
-0.0157316
-0.0156529
-0.0155746
-0.0154968
-0.0154193
-0.0153422
-0.0152654
-0.0151891
-0.0151131
-0.0150376
-0.0149624
-0.0148875
-0.0148131
-0.014739
-0.0146653
-0.014592
-0.014519
-0.0144464
-0.0143741
-0.0143022
-0.0142307
-0.0141596
-0.0140887
-0.0140183
-0.0139482
-0.0138784
-0.013809
-0.01374
-0.0136713
-0.0136029
-0.0135349
-0.0134672
-0.0133998
-0.0133328
-0.0132662
-0.0131998
-0.0131338
-0.0130681
-0.0130028
-0.0129378
-0.0128731
-0.0128087
-0.0127446
-0.0126809
-0.0126175
-0.0125544
-0.0124916
-0.0124291
-0.012367
-0.0123051
-0.0122436
-0.0121824
-0.0121214
-0.0120608
-0.0120005
-0.0119405
-0.0118808
-0.0118214
-0.0117623
-0.0117034
-0.0116449
-0.0115867
-0.0115287
-0.0114711
-0.0114137
-0.0113567
-0.0112999
-0.0112434
-0.0111871
-0.0111312
-0.0110755
-0.0110201
-0.010965
-0.0109102
-0.0108556
-0.0108013
-0.0107473
-0.0106936
-0.0106401
-0.0105869
-0.010534
-0.0104813
-0.0104289
-0.0103767
-0.0103248
-0.0102732
-0.0102218
-0.0101707
-0.0101198
-0.0100692
-0.0100189
-0.00996879
-0.00991894
-0.00986934
-0.00981998
-0.00977088
-0.00972201
-0.0096734
-0.00962502
-0.00957689
-0.009529
-0.00948135
-0.00943394
-0.00938676
-0.00933982
-0.00929312
-0.00924664
-0.0092004
-0.0091544
-0.00910862
-0.00906307
-0.00901775
-0.00897265
-0.00892778
-0.00888314
-0.00883872
-0.00879452
-0.00875054
-0.00870678
-0.00866324
-0.00861992
-0.00857682
-0.00853393
-0.00849125
-0.00844879
-0.00840654
-0.0083645
-0.00832267
-0.00828106
-0.00823965
-0.00819844
-0.00815744
-0.00811665
-0.00807606
-0.00803568
-0.0079955
-0.00795551
-0.00791573
-0.00787615
-0.00783676
-0.00779757
-0.00775858
-0.00771978
-0.00768118
-0.00764277
-0.00760455
-0.00756652
-0.00752869
-0.00749104
-0.00745358
-0.00741631
-0.00737922
-0.00734232
-0.0073056
-0.00726907
-0.00723272
-0.00719655
-0.00716057
-0.00712476
-0.00708913
-0.00705368
-0.00701841
-0.00698331
-0.00694839
-0.00691365
-0.00687907
-0.00684467
-0.00681045
-0.00677639
-0.00674251
-0.00670879
-0.00667524
-0.00664186
-0.00660865
-0.0065756
-0.00654272
-0.00651
-0.00647745
-0.00644506
-0.00641283
-0.00638076
-0.00634885
-0.00631711
-0.00628552
-0.00625409
-0.00622281
-0.00619169
-0.00616073
-0.00612993
-0.00609927
-0.00606877
-0.00603843
-0.00600823
-0.00597819
-0.00594829
-0.00591855
-0.00588895
-0.0058595
-0.0058302
-0.00580105
-0.00577204
-0.00574318
-0.00571446
-0.00568588
-0.00565745
-0.00562916
-0.00560101
-0.005573
-0.00554514
-0.00551741
-0.00548982
-0.00546237
-0.00543505
-0.00540787
-0.00538083
-0.00535392
-0.00532715
-0.00530051
-0.00527401
-0.00524764
-0.00522139
-0.00519528
-0.00516931
-0.00514346
-0.00511774
-0.00509215
-0.00506668
-0.00504135
-0.00501614
-0.00499105
-0.0049661
-0.00494126
-0.00491655
-0.00489197
-0.00486751
-0.00484317
-0.00481895
-0.00479485
-0.00477088
-0.00474702
-0.00472328
-0.00469966
-0.00467616
-0.00465278
-0.00462951
-0.00460636
-0.00458333
-0.00456041
-0.00453761
-0.00451492
-0.00449234
-0.00446988
-0.00444752
-0.00442528
-0.00440316
-0.00438114
-0.00435923
-0.00433743
-0.00431574
-0.00429416
-0.00427269
-0.00425132
-0.00423007
-0.00420891
-0.00418787
-0.00416693
-0.00414609
-0.00412536
-0.00410473
-0.0040842
-0.00406378
-0.00404346
-0.00402324
-0.00400312
-0.0039831
-0.00396319
-0.00394337
-0.00392365
-0.00390403
-0.00388451
-0.00386509
-0.00384576
-0.00382653
-0.00380739
-0.00378835
-0.00376941
-0.00375056
-0.00373181
-0.00371315
-0.00369458
-0.00367611
-0.00365772
-0.00363943
-0.00362123
-0.00360313
-0.00358511
-0.00356718
-0.00354935
-0.0035316
-0.00351394
-0.00349637
-0.00347888
-0.00346149
-0.00344418
-0.00342696
-0.00340982
-0.00339277
-0.0033758
-0.00335892
-0.00334213
-0.00332542
-0.00330879
-0.00329224
-0.00327578
-0.0032594
-0.0032431
-0.00322688
-0.00321076
-0.0031947
-0.00317872
-0.00316283
-0.00314701
-0.00313128
-0.00311562
-0.00310004
-0.00308454
-0.00306911
-0.00305376
-0.00303849
-0.0030233
-0.00300818
-0.00299314
-0.00297817
-0.00296328
-0.00294846
-0.00293372
-0.00291905
-0.00290445
-0.00288993
-0.00287548
-0.0028611
-0.00284679
-0.00283256
-0.0028184
-0.0028043
-0.00279028
-0.00277633
-0.00276245
-0.00274863
-0.00273489
-0.00272121
-0.00270761
-0.00269407
-0.00268059
-0.00266719
-0.00265385
-0.00264058
-0.00262738
-0.00261424
-0.00260117
-0.00258816
-0.00257522
-0.00256234
-0.00254953
-0.00253678
-0.0025241
-0.00251148
-0.00249892
-0.00248642
-0.00247399
-0.00246162
-0.00244931
-0.00243706
-0.00242488
-0.00241275
-0.00240069
-0.00238868
-0.00237674
-0.00236485
-0.00235303
-0.00234126
-0.00232956
-0.00231791
-0.00230632
-0.00229478
-0.00228331
-0.00227189
-0.00226053
-0.00224923
-0.00223798
-0.00222679
-0.00221566
-0.00220458
-0.00219355
-0.00218259
-0.00217167
-0.00216081
-0.00215001
-0.00213926
-0.00212856
-0.00211792
-0.00210733
-0.00209679
-0.0020863
-0.00207587
-0.00206549
-0.00205516
-0.00204489
-0.00203466
-0.00202449
-0.00201437
-0.00200429
-0.00199427
-0.0019843
-0.00197438
-0.0019645
-0.00195468
-0.00194491
-0.00193518
-0.00192551
-0.00191588
-0.0019063
-0.00189676
-0.00188728
-0.00187784
-0.00186845
-0.00185911
-0.00184981
-0.00184057
-0.00183136
-0.0018222
-0.00181309
-0.00180403
-0.00179501
-0.00178603
-0.0017771
-0.00176821
-0.00175937
-0.00175057
-0.00174182
-0.00173311
-0.00172445
-0.00171582
-0.00170724
-0.00169871
-0.00169021
-0.00168176
-0.00167335
-0.00166498
-0.00165666
-0.00164838
-0.00164013
-0.00163193
-0.00162377
-0.00161565
-0.00160757
-0.00159954
-0.00159154
-0.00158358
-0.00157566
-0.00156778
-0.00155994
-0.00155214
-0.00154438
-0.00153666
-0.00152897
-0.00152133
-0.00151372
-0.00150615
-0.00149862
-0.00149113
-0.00148367
-0.00147625
-0.00146887
-0.00146153
-0.00145422
-0.00144695
-0.00143971
-0.00143251
-0.00142535
-0.00141822
-0.00141113
-0.00140408
-0.00139706
-0.00139007
-0.00138312
-0.0013762
-0.00136932
-0.00136247
-0.00135566
-0.00134888
-0.00134214
-0.00133543
-0.00132875
-0.00132211
-0.00131549
-0.00130892
-0.00130237
-0.00129586
-0.00128938
-0.00128293
-0.00127652
-0.00127014
-0.00126378
-0.00125746
-0.00125118
-0.00124492
-0.0012387
-0.0012325
-0.00122634
-0.00122021
-0.00121411
-0.00120804
-0.00120199
-0.00119598
-0.00119
-0.00118405
-0.00117813
-0.00117224
-0.00116638
-0.00116055
-0.00115475
-0.00114897
-0.00114323
-0.00113751
-0.00113182
-0.00112616
-0.00112053
-0.00111493
-0.00110935
-0.00110381
-0.00109829
-0.0010928
-0.00108733
-0.00108189
-0.00107648
-0.0010711
-0.00106575
-0.00106042
-0.00105512
-0.00104984
-0.00104459
-0.00103937
-0.00103417
-0.001029
-0.00102385
-0.00101873
-0.00101364
-0.00100857
-0.00100353
-0.00099851
-0.000993518
-0.00098855
-0.000983607
-0.000978689
-0.000973795
-0.000968926
-0.000964081
-0.00095926
-0.000954464
-0.000949691
-0.000944943
-0.000940218
-0.000935516
-0.000930838
-0.000926184
-0.000921553
-0.000916945
-0.00091236
-0.000907798
-0.000903259
-0.000898742
-0.000894248
-0.000889777
-0.000885328
-0.000880901
-0.000876496
-0.000872114
-0.000867753
-0.000863414
-0.000859097
-0.000854801
-0.000850529
-0.000846278
-0.000842049
-0.000837841
-0.000833654
-0.000829488
-0.000825343
-0.000821219
-0.000817115
-0.000813032
-0.000808969
-0.000804926
-0.000800904
-0.000796902
-0.000792919
-0.000788957
-0.000785014
-0.000781092
-0.000777188
-0.000773305
-0.00076944
-0.000765595
-0.00076177
-0.000757963
-0.000754175
-0.000750407
-0.000746657
-0.000742926
-0.000739213
-0.000735519
-0.000731844
-0.000728187
-0.000724548
-0.000720928
-0.000717325
-0.000713741
-0.000710174
-0.000706626
-0.000703095
-0.000699581
-0.000696086
-0.000692607
-0.000689146
-0.000685703
-0.000682276
-0.000678867
-0.000675475
-0.0006721
-0.000668741
-0.0006654
-0.000662075
-0.000658767
-0.000655475
-0.0006522
-0.000648941
-0.000645698
-0.000642472
-0.000639262
-0.000636067
-0.000632889
-0.000629727
-0.00062658
-0.000623449
-0.000620334
-0.000617235
-0.000614151
-0.000611082
-0.000608029
-0.000604991
-0.000601968
-0.00059896
-0.000595967
-0.000592989
-0.000590027
-0.000587078
-0.000584145
-0.000581226
-0.000578322
-0.000575433
-0.000572558
-0.000569697
-0.000566851
-0.000564018
-0.0005612
-0.000558396
-0.000555606
-0.00055283
-0.000550068
-0.00054732
-0.000544585
-0.000541864
-0.000539157
-0.000536463
-0.000533783
-0.000531116
-0.000528463
-0.000525822
-0.000523195
-0.000520581
-0.00051798
-0.000515392
-0.000512817
-0.000510255
-0.000507706
-0.00050517
-0.000502646
-0.000500134
-0.000497636
-0.00049515
-0.000492676
-0.000490214
-0.000487765
-0.000485328
-0.000482904
-0.000480491
-0.000478091
-0.000475702
-0.000473326
-0.000470961
-0.000468608
-0.000466267
-0.000463938
-0.00046162
-0.000459314
-0.000457019
-0.000454736
-0.000452464
-0.000450204
-0.000447955
-0.000445717
-0.00044349
-0.000441275
-0.00043907
-0.000436877
-0.000434695
-0.000432523
-0.000430362
-0.000428212
-0.000426073
-0.000423945
-0.000421827
-0.00041972
-0.000417623
-0.000415537
-0.000413461
-0.000411396
-0.000409341
-0.000407296
-0.000405261
-0.000403237
-0.000401223
-0.000399218
-0.000397224
-0.00039524
-0.000393266
-0.000391301
-0.000389347
-0.000387402
-0.000385467
-0.000383541
-0.000381625
-0.000379719
-0.000377822
-0.000375935
-0.000374057
-0.000372189
-0.00037033
-0.00036848
-0.000366639
-0.000364808
-0.000362986
-0.000361173
-0.000359369
-0.000357574
-0.000355788
-0.000354011
-0.000352243
-0.000350483
-0.000348733
-0.000346991
-0.000345258
-0.000343533
-0.000341818
-0.00034011
-0.000338412
-0.000336721
-0.00033504
-0.000333366
-0.000331701
-0.000330045
-0.000328396
-0.000326756
-0.000325124
-0.0003235
-0.000321885
-0.000320277
-0.000318677
-0.000317086
-0.000315502
-0.000313927
-0.000312359
-0.000310799
-0.000309247
-0.000307702
-0.000306165
-0.000304636
-0.000303115
-0.000301601
-0.000300095
-0.000298596
-0.000297105
-0.000295621
-0.000294145
-0.000292676
-0.000291215
-0.00028976
-0.000288313
-0.000286874
-0.000285441
-0.000284016
-0.000282597
-0.000281186
-0.000279782
-0.000278385
-0.000276995
-0.000275611
-0.000274235
-0.000272866
-0.000271503
-0.000270148
-0.000268799
-0.000267456
-0.000266121
-0.000264792
-0.00026347
-0.000262154
-0.000260845
-0.000259543
-0.000258247
-0.000256957
-0.000255674
-0.000254398
-0.000253127
-0.000251864
-0.000250606
-0.000249355
-0.00024811
-0.000246871
-0.000245638
-0.000244412
-0.000243192
-0.000241977
-0.000240769
-0.000239567
-0.000238371
-0.000237181
-0.000235997
-0.000234819
-0.000233646
-0.00023248
-0.000231319
-0.000230164
-0.000229015
-0.000227875
-0.000226737
-0.000225604
-0.000224477
-0.000223356
-0.000222241
-0.000221132
-0.000220028
-0.000218929
-0.000217836
-0.000216749
-0.000215667
-0.00021459
-0.000213519
-0.000212453
-0.000211392
-0.000210337
-0.000209287
-0.000208242
-0.000207202
-0.000206168
-0.000205139
-0.000204115
-0.000203096
-0.000202082
-0.000201074
-0.00020007
-0.000199071
-0.000198078
-0.000197089
-0.000196105
-0.000195126
-0.000194152
-0.000193183
-0.000192219
-0.00019126
-0.000190305
-0.000189355
-0.00018841
-0.00018747
-0.000186534
-0.000185603
-0.000184677
-0.000183755
-0.000182838
-0.000181925
-0.000181017
-0.000180114
-0.000179215
-0.000178321
-0.000177431
-0.000176545
-0.000175664
-0.000174788
-0.000173915
-0.000173047
-0.000172184
-0.000171325
-0.00017047
-0.000169619
-0.000168772
-0.00016793
-0.000167092
-0.000166258
-0.000165429
-0.000164603
-0.000163782
-0.000162965
-0.000162152
-0.000161342
-0.000160537
-0.000159736
-0.000158939
-0.000158146
-0.000157357
-0.000156572
-0.000155791
-0.000155014
-0.00015424
-0.000153471
-0.000152705
-0.000151943
-0.000151185
-0.000150431
-0.00014968
-0.000148933
-0.00014819
-0.000147451
-0.000146715
-0.000145984
-0.000145255
-0.000144531
-0.00014381
-0.000143092
-0.000142378
-0.000141668
-0.000140961
-0.000140258
-0.000139559
-0.000138862
-0.00013817
-0.00013748
-0.000136795
-0.000136112
-0.000135433
-0.000134758
-0.000134086
-0.000133417
-0.000132751
-0.000132089
-0.00013143
-0.000130775
-0.000130123
-0.000129474
-0.000128828
-0.000128185
-0.000127546
-0.00012691
-0.000126277
-0.000125647
-0.000125021
-0.000124397
-0.000123777
-0.000123159
-0.000122545
-0.000121934
-0.000121326
-0.000120721
-0.000120119
-0.00011952
-0.000118924
-0.000118331
-0.000117741
-0.000117154
-0.00011657
-0.000115988
-0.00011541
-0.000114835
-0.000114262
-0.000113692
-0.000113125
-0.000112561
-0.000112
-0.000111442
-0.000110886
-0.000110333
-0.000109783
-0.000109236
-0.000108691
-0.000108149
-0.00010761
-0.000107074
-0.00010654
-0.000106009
-0.00010548
-0.000104955
-0.000104431
-0.000103911
-0.000103393
-0.000102877
-0.000102365
-0.000101854
-0.000101347
-0.000100842
-0.000100339
-9.98388e-05
-9.93411e-05
-9.8846e-05
-9.83533e-05
-9.78631e-05
-9.73754e-05
-9.68901e-05
-9.64072e-05
-9.59267e-05
-9.54486e-05
-9.49729e-05
-9.44996e-05
-9.40287e-05
-9.35601e-05
-9.30939e-05
-9.26299e-05
-9.21683e-05
-9.17091e-05
-9.12521e-05
-9.07974e-05
-9.03449e-05
-8.98947e-05
-8.94468e-05
-8.90011e-05
-8.85577e-05
-8.81164e-05
-8.76774e-05
-8.72406e-05
-8.68059e-05
-8.63734e-05
-8.59431e-05
-8.55149e-05
-8.50889e-05
-8.4665e-05
-8.42432e-05
-8.38235e-05
-8.34059e-05
-8.29904e-05
-8.2577e-05
-8.21657e-05
-8.17564e-05
-8.13491e-05
-8.09439e-05
-8.05407e-05
-8.01395e-05
-7.97404e-05
-7.93432e-05
-7.8948e-05
-7.85548e-05
-7.81636e-05
-7.77743e-05
-7.73869e-05
-7.70015e-05
-7.6618e-05
-7.62364e-05
-7.58568e-05
-7.5479e-05
-7.51031e-05
-7.47292e-05
-7.4357e-05
-7.39868e-05
-7.36183e-05
-7.32518e-05
-7.2887e-05
-7.25241e-05
-7.2163e-05
-7.18037e-05
-7.14462e-05
-7.10905e-05
-7.07365e-05
-7.03843e-05
-7.00339e-05
-6.96853e-05
-6.93383e-05
-6.89932e-05
-6.86497e-05
-6.83079e-05
-6.79679e-05
-6.76296e-05
-6.72929e-05
-6.6958e-05
-6.66247e-05
-6.6293e-05
-6.59631e-05
-6.56348e-05
-6.53081e-05
-6.4983e-05
-6.46596e-05
-6.43378e-05
-6.40176e-05
-6.3699e-05
-6.3382e-05
-6.30666e-05
-6.27527e-05
-6.24405e-05
-6.21298e-05
-6.18206e-05
-6.1513e-05
-6.12069e-05
-6.09024e-05
-6.05993e-05
-6.02978e-05
-5.99978e-05
-5.96993e-05
-5.94023e-05
-5.91068e-05
-5.88127e-05
-5.85201e-05
-5.8229e-05
-5.79393e-05
-5.76511e-05
-5.73643e-05
-5.7079e-05
-5.67951e-05
-5.65126e-05
-5.62315e-05
-5.59518e-05
-5.56735e-05
-5.53966e-05
-5.51211e-05
-5.48469e-05
-5.45742e-05
-5.43028e-05
-5.40327e-05
-5.3764e-05
-5.34967e-05
-5.32306e-05
-5.2966e-05
-5.27026e-05
-5.24405e-05
-5.21798e-05
-5.19203e-05
-5.16622e-05
-5.14054e-05
-5.11498e-05
-5.08955e-05
-5.06425e-05
-5.03907e-05
-5.01402e-05
-4.9891e-05
-4.9643e-05
-4.93962e-05
-4.91507e-05
-4.89064e-05
-4.86633e-05
-4.84214e-05
-4.81808e-05
-4.79413e-05
-4.7703e-05
-4.7466e-05
-4.72301e-05
-4.69954e-05
-4.67618e-05
-4.65295e-05
-4.62983e-05
-4.60682e-05
-4.58393e-05
-4.56116e-05
-4.53849e-05
-4.51594e-05
-4.49351e-05
-4.47118e-05
-4.44897e-05
-4.42687e-05
-4.40488e-05
-4.383e-05
-4.36123e-05
-4.33956e-05
-4.31801e-05
-4.29656e-05
-4.27522e-05
-4.25399e-05
-4.23286e-05
-4.21184e-05
-4.19092e-05
-4.17011e-05
-4.1494e-05
-4.1288e-05
-4.1083e-05
-4.0879e-05
-4.0676e-05
-4.0474e-05
-4.02731e-05
-4.00731e-05
-3.98742e-05
-3.96762e-05
-3.94793e-05
-3.92833e-05
-3.90883e-05
-3.88942e-05
-3.87012e-05
-3.85091e-05
-3.8318e-05
-3.81278e-05
-3.79386e-05
-3.77503e-05
-3.75629e-05
-3.73765e-05
-3.7191e-05
-3.70065e-05
-3.68229e-05
-3.66402e-05
-3.64584e-05
-3.62775e-05
-3.60975e-05
-3.59184e-05
-3.57402e-05
-3.55629e-05
-3.53865e-05
-3.5211e-05
-3.50363e-05
-3.48625e-05
-3.46896e-05
-3.45175e-05
-3.43463e-05
-3.4176e-05
-3.40065e-05
-3.38379e-05
-3.36701e-05
-3.35031e-05
-3.3337e-05
-3.31717e-05
-3.30072e-05
-3.28436e-05
-3.26807e-05
-3.25187e-05
-3.23575e-05
-3.21971e-05
-3.20376e-05
-3.18787e-05
-3.17207e-05
-3.15634e-05
-3.1407e-05
-3.12513e-05
-3.10965e-05
-3.09424e-05
-3.0789e-05
-3.06365e-05
-3.04847e-05
-3.03336e-05
-3.01833e-05
-3.00338e-05
-2.9885e-05
-2.97369e-05
-2.95896e-05
-2.94431e-05
-2.92972e-05
-2.91521e-05
-2.90077e-05
-2.8864e-05
-2.87211e-05
-2.85788e-05
-2.84373e-05
-2.82965e-05
-2.81564e-05
-2.80169e-05
-2.78782e-05
-2.77402e-05
-2.76029e-05
-2.74662e-05
-2.73302e-05
-2.71949e-05
-2.70603e-05
-2.69264e-05
-2.67931e-05
-2.66605e-05
-2.65285e-05
-2.63972e-05
-2.62666e-05
-2.61366e-05
-2.60073e-05
-2.58786e-05
-2.57506e-05
-2.56232e-05
-2.54964e-05
-2.53703e-05
-2.52447e-05
-2.51199e-05
-2.49956e-05
-2.4872e-05
-2.4749e-05
-2.46266e-05
-2.45048e-05
-2.43836e-05
-2.4263e-05
-2.4143e-05
-2.40237e-05
-2.39049e-05
-2.37867e-05
-2.36691e-05
-2.35521e-05
-2.34357e-05
-2.33198e-05
-2.32045e-05
-2.30898e-05
-2.29757e-05
-2.28622e-05
-2.27492e-05
-2.26368e-05
-2.2525e-05
-2.24138e-05
-2.23032e-05
-2.21931e-05
-2.20836e-05
-2.19746e-05
-2.18661e-05
-2.17582e-05
-2.16508e-05
-2.1544e-05
-2.14377e-05
-2.13319e-05
-2.12267e-05
-2.1122e-05
-2.10178e-05
-2.09141e-05
-2.0811e-05
-2.07083e-05
-2.06062e-05
-2.05046e-05
-2.04035e-05
-2.03029e-05
-2.02028e-05
-2.01032e-05
-2.00041e-05
-1.99055e-05
-1.98074e-05
-1.97098e-05
-1.96126e-05
-1.9516e-05
-1.94198e-05
-1.93241e-05
-1.92289e-05
-1.91342e-05
-1.904e-05
-1.89462e-05
-1.88529e-05
-1.876e-05
-1.86676e-05
-1.85757e-05
-1.84842e-05
-1.83932e-05
-1.83027e-05
-1.82126e-05
-1.81229e-05
-1.80337e-05
-1.79449e-05
-1.78566e-05
-1.77688e-05
-1.76813e-05
-1.75943e-05
-1.75078e-05
-1.74216e-05
-1.73359e-05
-1.72507e-05
-1.71658e-05
-1.70814e-05
-1.69974e-05
-1.69138e-05
-1.68307e-05
-1.67479e-05
-1.66656e-05
-1.65837e-05
-1.65021e-05
-1.6421e-05
-1.63403e-05
-1.626e-05
-1.61802e-05
-1.61007e-05
-1.60216e-05
-1.59429e-05
-1.58645e-05
-1.57866e-05
-1.57091e-05
-1.56319e-05
-1.55552e-05
-1.54788e-05
-1.54028e-05
-1.53272e-05
-1.5252e-05
-1.51771e-05
-1.51026e-05
-1.50285e-05
-1.49548e-05
-1.48814e-05
-1.48084e-05
-1.47358e-05
-1.46635e-05
-1.45916e-05
-1.452e-05
-1.44488e-05
-1.43779e-05
-1.43075e-05
-1.42373e-05
-1.41675e-05
-1.41045e-05
-1.40299e-05
-1.39609e-05
-1.38927e-05
-1.38248e-05
-1.37571e-05
-1.36898e-05
-1.36227e-05
-1.3556e-05
-1.34895e-05
-1.34234e-05
-1.33575e-05
-1.3292e-05
-1.32269e-05
-1.31621e-05
-1.30976e-05
-1.30335e-05
-1.29697e-05
-1.29062e-05
-1.2843e-05
-1.27802e-05
-1.27176e-05
-1.26554e-05
-1.25935e-05
-1.2532e-05
-1.24707e-05
-1.24097e-05
-1.23491e-05
-1.22887e-05
-1.22286e-05
-1.21689e-05
-1.21094e-05
-1.20502e-05
-1.19914e-05
-1.19328e-05
-1.18745e-05
-1.18165e-05
-1.17588e-05
-1.17014e-05
-1.16443e-05
-1.15874e-05
-1.15309e-05
-1.14746e-05
-1.14186e-05
-1.13629e-05
-1.13074e-05
-1.12523e-05
-1.11974e-05
-1.11428e-05
-1.10885e-05
-1.10344e-05
-1.09806e-05
-1.09271e-05
-1.08738e-05
-1.08208e-05
-1.07681e-05
-1.07156e-05
-1.06634e-05
-1.06115e-05
-1.05598e-05
-1.05084e-05
-1.04572e-05
-1.04063e-05
-1.03556e-05
-1.03052e-05
-1.02551e-05
-1.02052e-05
-1.01555e-05
-1.01061e-05
-1.0057e-05
-1.00081e-05
-9.95939e-06
-9.91096e-06
-9.86278e-06
-9.81484e-06
-9.76714e-06
-9.71967e-06
