-0.846995
-0.826502
-0.807933
-0.791055
-0.775666
-0.761588
-0.748665
-0.736761
-0.725757
-0.715547
-0.706041
-0.697157
-0.688827
-0.680986
-0.673583
-0.666568
-0.659901
-0.653544
-0.647466
-0.641637
-0.636034
-0.630634
-0.625417
-0.620368
-0.61547
-0.610711
-0.606078
-0.601562
-0.597153
-0.592843
-0.588624
-0.584491
-0.580438
-0.576459
-0.572549
-0.568706
-0.564924
-0.561201
-0.557534
-0.553919
-0.550356
-0.54684
-0.543371
-0.539946
-0.536564
-0.533223
-0.529921
-0.526658
-0.523432
-0.520242
-0.517087
-0.513966
-0.510878
-0.507822
-0.504797
-0.501802
-0.498838
-0.495902
-0.492994
-0.490115
-0.487262
-0.484436
-0.481636
-0.478862
-0.476112
-0.473387
-0.470686
-0.468008
-0.465353
-0.462721
-0.460112
-0.457524
-0.454957
-0.452412
-0.449887
-0.447383
-0.444899
-0.442434
-0.439989
-0.437563
-0.435156
-0.432767
-0.430397
-0.428044
-0.425709
-0.423392
-0.421091
-0.418808
-0.416541
-0.41429
-0.412056
-0.409837
-0.407635
-0.405447
-0.403275
-0.401119
-0.398977
-0.396849
-0.394737
-0.392638
-0.390554
-0.388483
-0.386427
-0.384384
-0.382354
-0.380338
-0.378335
-0.376345
-0.374367
-0.372403
-0.37045
-0.368511
-0.366583
-0.364668
-0.362764
-0.360873
-0.358993
-0.357124
-0.355268
-0.353422
-0.351588
-0.349765
-0.347953
-0.346151
-0.344361
-0.342581
-0.340812
-0.339053
-0.337305
-0.335567
-0.333839
-0.332121
-0.330413
-0.328715
-0.327027
-0.325349
-0.32368
-0.322021
-0.320371
-0.318731
-0.3171
-0.315478
-0.313865
-0.312262
-0.310667
-0.309081
-0.307505
-0.305937
-0.304377
-0.302827
-0.301285
-0.299751
-0.298226
-0.296709
-0.295201
-0.2937
-0.292208
-0.290725
-0.289249
-0.287781
-0.286321
-0.284869
-0.283425
-0.281989
-0.28056
-0.279139
-0.277726
-0.27632
-0.274922
-0.273531
-0.272148
-0.270772
-0.269403
-0.268042
-0.266687
-0.26534
-0.264
-0.262667
-0.261342
-0.260023
-0.258711
-0.257406
-0.256108
-0.254816
-0.253531
-0.252254
-0.250982
-0.249718
-0.24846
-0.247208
-0.245963
-0.244725
-0.243493
-0.242267
-0.241048
-0.239835
-0.238628
-0.237427
-0.236233
-0.235045
-0.233863
-0.232687
-0.231517
-0.230353
-0.229196
-0.228044
-0.226898
-0.225758
-0.224623
-0.223495
-0.222372
-0.221255
-0.220144
-0.219039
-0.217939
-0.216845
-0.215756
-0.214673
-0.213596
-0.212524
-0.211457
-0.210396
-0.20934
-0.20829
-0.207245
-0.206205
-0.205171
-0.204142
-0.203118
-0.202099
-0.201085
-0.200077
-0.199074
-0.198076
-0.197082
-0.196094
-0.195111
-0.194133
-0.19316
-0.192192
-0.191229
-0.19027
-0.189317
-0.188368
-0.187424
-0.186485
-0.18555
-0.18462
-0.183695
-0.182775
-0.181859
-0.180948
-0.180042
-0.17914
-0.178242
-0.17735
-0.176461
-0.175577
-0.174698
-0.173823
-0.172952
-0.172086
-0.171224
-0.170367
-0.169514
-0.168665
-0.16782
-0.16698
-0.166144
-0.165312
-0.164484
-0.163661
-0.162841
-0.162026
-0.161215
-0.160408
-0.159605
-0.158806
-0.158011
-0.15722
-0.156433
-0.155649
-0.15487
-0.154095
-0.153324
-0.152556
-0.151793
-0.151033
-0.150277
-0.149525
-0.148776
-0.148032
-0.147291
-0.146554
-0.14582
-0.14509
-0.144364
-0.143642
-0.142923
-0.142208
-0.141496
-0.140788
-0.140083
-0.139382
-0.138685
-0.137991
-0.1373
-0.136613
-0.13593
-0.13525
-0.134573
-0.133899
-0.133229
-0.132563
-0.1319
-0.13124
-0.130583
-0.12993
-0.129279
-0.128633
-0.127989
-0.127349
-0.126711
-0.126077
-0.125447
-0.124819
-0.124195
-0.123573
-0.122955
-0.12234
-0.121728
-0.121119
-0.120513
-0.11991
-0.11931
-0.118713
-0.118119
-0.117528
-0.11694
-0.116355
-0.115773
-0.115194
-0.114618
-0.114044
-0.113474
-0.112906
-0.112341
-0.111779
-0.11122
-0.110664
-0.11011
-0.109559
-0.109011
-0.108466
-0.107923
-0.107383
-0.106846
-0.106312
-0.10578
-0.105251
-0.104724
-0.1042
-0.103679
-0.103161
-0.102644
-0.102131
-0.10162
-0.101112
-0.100606
-0.100103
-0.0996021
-0.0991038
-0.0986081
-0.0981148
-0.0976241
-0.0971357
-0.0966499
-0.0961664
-0.0956854
-0.0952068
-0.0947305
-0.0942567
-0.0937852
-0.0933161
-0.0928493
-0.0923849
-0.0919228
-0.091463
-0.0910055
-0.0905503
-0.0900974
-0.0896467
-0.0891983
-0.0887522
-0.0883083
-0.0878666
-0.0874271
-0.0869898
-0.0865547
-0.0861217
-0.085691
-0.0852624
-0.0848359
-0.0844116
-0.0839894
-0.0835693
-0.0831513
-0.0827354
-0.0823216
-0.0819098
-0.0815001
-0.0810925
-0.0806869
-0.0802833
-0.0798818
-0.0794822
-0.0790847
-0.0786891
-0.0782955
-0.0779039
-0.0775143
-0.0771266
-0.0767408
-0.076357
-0.0759751
-0.0755951
-0.075217
-0.0748408
-0.0744665
-0.074094
-0.0737235
-0.0733547
-0.0729878
-0.0726228
-0.0722596
-0.0718981
-0.0715386
-0.0711807
-0.0708247
-0.0704705
-0.0701181
-0.0697674
-0.0694184
-0.0690712
-0.0687258
-0.068382
-0.06804
-0.0676997
-0.0673611
-0.0670242
-0.066689
-0.0663555
-0.0660236
-0.0656934
-0.0653648
-0.0650379
-0.0647126
-0.064389
-0.0640669
-0.0637465
-0.0634277
-0.0631105
-0.0627948
-0.0624808
-0.0621683
-0.0618574
-0.061548
-0.0612402
-0.0609339
-0.0606291
-0.0603259
-0.0600242
-0.059724
-0.0594253
-0.0591281
-0.0588324
-0.0585381
-0.0582454
-0.0579541
-0.0576642
-0.0573758
-0.0570889
-0.0568034
-0.0565193
-0.0562366
-0.0559553
-0.0556755
-0.055397
-0.05512
-0.0548443
-0.05457
-0.0542971
-0.0540256
-0.0537554
-0.0534865
-0.053219
-0.0529529
-0.052688
-0.0524245
-0.0521623
-0.0519015
-0.0516419
-0.0513836
-0.0511267
-0.050871
-0.0506165
-0.0503634
-0.0501115
-0.0498609
-0.0496115
-0.0493634
-0.0491166
-0.0488709
-0.0486265
-0.0483833
-0.0481413
-0.0479006
-0.047661
-0.0474227
-0.0471855
-0.0469495
-0.0467147
-0.0464811
-0.0462486
-0.0460173
-0.0457872
-0.0455582
-0.0453304
-0.0451037
-0.0448781
-0.0446537
-0.0444303
-0.0442081
-0.0439871
-0.0437671
-0.0435482
-0.0433304
-0.0431137
-0.0428981
-0.0426836
-0.0424701
-0.0422577
-0.0420464
-0.0418361
-0.0416269
-0.0414187
-0.0412115
-0.0410054
-0.0408004
-0.0405963
-0.0403933
-0.0401913
-0.0399903
-0.0397903
-0.0395913
-0.0393933
-0.0391963
-0.0390003
-0.0388053
-0.0386112
-0.0384181
-0.038226
-0.0380348
-0.0378446
-0.0376553
-0.037467
-0.0372796
-0.0370932
-0.0369077
-0.0367231
-0.0365395
-0.0363567
-0.0361749
-0.035994
-0.035814
-0.0356349
-0.0354567
-0.0352794
-0.035103
-0.0349274
-0.0347527
-0.0345789
-0.034406
-0.0342339
-0.0340627
-0.0338924
-0.0337229
-0.0335543
-0.0333865
-0.0332195
-0.0330534
-0.0328881
-0.0327236
-0.03256
-0.0323971
-0.0322351
-0.0320739
-0.0319135
-0.0317539
-0.0315951
-0.0314371
-0.0312799
-0.0311235
-0.0309678
-0.030813
-0.0306589
-0.0305055
-0.030353
-0.0302012
-0.0300502
-0.0298999
-0.0297504
-0.0296016
-0.0294535
-0.0293063
-0.0291597
-0.0290139
-0.0288688
-0.0287244
-0.0285808
-0.0284378
-0.0282956
-0.0281541
-0.0280133
-0.0278732
-0.0277339
-0.0275952
-0.0274572
-0.0273199
-0.0271832
-0.0270473
-0.026912
-0.0267774
-0.0266435
-0.0265103
-0.0263777
-0.0262458
-0.0261146
-0.025984
-0.025854
-0.0257247
-0.0255961
-0.0254681
-0.0253407
-0.025214
-0.0250879
-0.0249625
-0.0248376
-0.0247134
-0.0245898
-0.0244669
-0.0243445
-0.0242228
-0.0241016
-0.0239811
-0.0238612
-0.0237419
-0.0236231
-0.023505
-0.0233875
-0.0232705
-0.0231541
-0.0230384
-0.0229231
-0.0228085
-0.0226944
-0.022581
-0.022468
-0.0223557
-0.0222439
-0.0221327
-0.022022
-0.0219118
-0.0218023
-0.0216932
-0.0215848
-0.0214768
-0.0213694
-0.0212626
-0.0211562
-0.0210504
-0.0209452
-0.0208404
-0.0207362
-0.0206325
-0.0205293
-0.0204267
-0.0203245
-0.0202229
-0.0201218
-0.0200211
-0.019921
-0.0198214
-0.0197223
-0.0196237
-0.0195255
-0.0194279
-0.0193307
-0.0192341
-0.0191379
-0.0190422
-0.018947
-0.0188522
-0.0187579
-0.0186641
-0.0185708
-0.0184779
-0.0183855
-0.0182936
-0.0182021
-0.0181111
-0.0180205
-0.0179304
-0.0178407
-0.0177515
-0.0176628
-0.0175744
-0.0174865
-0.0173991
-0.0173121
-0.0172255
-0.0171394
-0.0170537
-0.0169684
-0.0168835
-0.0167991
-0.0167151
-0.0166315
-0.0165484
-0.0164656
-0.0163833
-0.0163013
-0.0162198
-0.0161387
-0.016058
-0.0159777
-0.0158978
-0.0158183
-0.0157392
-0.0156605
-0.0155822
-0.0155043
-0.0154267
-0.0153496
-0.0152728
-0.0151965
-0.0151205
-0.0150449
-0.0149696
-0.0148948
-0.0148203
-0.0147462
-0.0146724
-0.0145991
-0.0145261
-0.0144534
-0.0143812
-0.0143092
-0.0142377
-0.0141665
-0.0140956
-0.0140252
-0.013955
-0.0138852
-0.0138158
-0.0137467
-0.013678
-0.0136096
-0.0135415
-0.0134738
-0.0134064
-0.0133394
-0.0132727
-0.0132063
-0.0131403
-0.0130746
-0.0130092
-0.0129441
-0.0128794
-0.012815
-0.0127509
-0.0126872
-0.0126237
-0.0125606
-0.0124978
-0.0124353
-0.0123731
-0.0123112
-0.0122497
-0.0121884
-0.0121275
-0.0120668
-0.0120065
-0.0119464
-0.0118867
-0.0118273
-0.0117681
-0.0117093
-0.0116507
-0.0115925
-0.0115345
-0.0114768
-0.0114194
-0.0113623
-0.0113055
-0.011249
-0.0111927
-0.0111368
-0.0110811
-0.0110257
-0.0109705
-0.0109157
-0.0108611
-0.0108068
-0.0107527
-0.010699
-0.0106455
-0.0105922
-0.0105393
-0.0104866
-0.0104341
-0.0103819
-0.01033
-0.0102784
-0.010227
-0.0101758
-0.010125
-0.0100743
-0.0100239
-0.00997382
-0.00992395
-0.00987432
-0.00982494
-0.00977582
-0.00972693
-0.00967829
-0.0096299
-0.00958174
-0.00953383
-0.00948616
-0.00943872
-0.00939152
-0.00934456
-0.00929783
-0.00925134
-0.00920508
-0.00915905
-0.00911325
-0.00906768
-0.00902234
-0.00897722
-0.00893233
-0.00888766
-0.00884322
-0.008799
-0.008755
-0.00871122
-0.00866766
-0.00862432
-0.0085812
-0.00853829
-0.00849559
-0.00845311
-0.00841084
-0.00836878
-0.00832693
-0.0082853
-0.00824387
-0.00820264
-0.00816163
-0.00812081
-0.00808021
-0.0080398
-0.0079996
-0.0079596
-0.0079198
-0.00788019
-0.00784079
-0.00780158
-0.00776257
-0.00772375
-0.00768513
-0.0076467
-0.00760847
-0.00757042
-0.00753257
-0.0074949
-0.00745742
-0.00742013
-0.00738303
-0.00734611
-0.00730938
-0.00727283
-0.00723646
-0.00720027
-0.00716427
-0.00712844
-0.0070928
-0.00705733
-0.00702204
-0.00698693
-0.00695199
-0.00691723
-0.00688264
-0.00684822
-0.00681398
-0.00677991
-0.00674601
-0.00671227
-0.00667871
-0.00664531
-0.00661208
-0.00657902
-0.00654612
-0.00651339
-0.00648082
-0.00644841
-0.00641617
-0.00638409
-0.00635216
-0.0063204
-0.0062888
-0.00625735
-0.00622606
-0.00619493
-0.00616395
-0.00613313
-0.00610246
-0.00607195
-0.00604158
-0.00601137
-0.00598131
-0.0059514
-0.00592165
-0.00589204
-0.00586257
-0.00583326
-0.00580409
-0.00577507
-0.00574619
-0.00571746
-0.00568887
-0.00566042
-0.00563212
-0.00560395
-0.00557593
-0.00554805
-0.00552031
-0.0054927
-0.00546524
-0.00543791
-0.00541072
-0.00538366
-0.00535674
-0.00532996
-0.00530331
-0.00527679
-0.0052504
-0.00522415
-0.00519802
-0.00517203
-0.00514617
-0.00512044
-0.00509483
-0.00506936
-0.00504401
-0.00501879
-0.00499369
-0.00496872
-0.00494388
-0.00491916
-0.00489456
-0.00487008
-0.00484573
-0.0048215
-0.00479739
-0.0047734
-0.00474953
-0.00472579
-0.00470216
-0.00467864
-0.00465525
-0.00463197
-0.00460881
-0.00458576
-0.00456283
-0.00454002
-0.00451732
-0.00449473
-0.00447225
-0.00444989
-0.00442764
-0.0044055
-0.00438347
-0.00436155
-0.00433974
-0.00431804
-0.00429645
-0.00427497
-0.00425359
-0.00423232
-0.00421116
-0.0041901
-0.00416915
-0.0041483
-0.00412756
-0.00410692
-0.00408638
-0.00406595
-0.00404562
-0.00402539
-0.00400526
-0.00398524
-0.00396531
-0.00394548
-0.00392575
-0.00390612
-0.00388659
-0.00386716
-0.00384782
-0.00382858
-0.00380943
-0.00379039
-0.00377143
-0.00375257
-0.00373381
-0.00371514
-0.00369656
-0.00367808
-0.00365969
-0.00364139
-0.00362318
-0.00360506
-0.00358704
-0.0035691
-0.00355125
-0.0035335
-0.00351583
-0.00349825
-0.00348076
-0.00346335
-0.00344603
-0.0034288
-0.00341166
-0.0033946
-0.00337762
-0.00336073
-0.00334393
-0.00332721
-0.00331057
-0.00329402
-0.00327755
-0.00326116
-0.00324485
-0.00322863
-0.00321249
-0.00319643
-0.00318044
-0.00316454
-0.00314871
-0.00313297
-0.0031173
-0.00310172
-0.00308621
-0.00307077
-0.00305542
-0.00304014
-0.00302494
-0.00300981
-0.00299476
-0.00297979
-0.00296489
-0.00295006
-0.00293531
-0.00292063
-0.00290603
-0.0028915
-0.00287704
-0.00286265
-0.00284834
-0.0028341
-0.00281993
-0.00280583
-0.0027918
-0.00277784
-0.00276395
-0.00275013
-0.00273638
-0.00272269
-0.00270908
-0.00269553
-0.00268205
-0.00266864
-0.0026553
-0.00264202
-0.00262881
-0.00261567
-0.00260259
-0.00258957
-0.00257663
-0.00256374
-0.00255092
-0.00253817
-0.00252548
-0.00251285
-0.00250028
-0.00248778
-0.00247534
-0.00246296
-0.00245065
-0.00243839
-0.0024262
-0.00241407
-0.002402
-0.00238999
-0.00237804
-0.00236615
-0.00235432
-0.00234254
-0.00233083
-0.00231918
-0.00230758
-0.00229604
-0.00228456
-0.00227314
-0.00226177
-0.00225046
-0.00223921
-0.00222801
-0.00221687
-0.00220579
-0.00219476
-0.00218378
-0.00217286
-0.002162
-0.00215119
-0.00214043
-0.00212973
-0.00211908
-0.00210848
-0.00209794
-0.00208745
-0.00207701
-0.00206663
-0.00205629
-0.00204601
-0.00203578
-0.0020256
-0.00201547
-0.0020054
-0.00199537
-0.00198539
-0.00197546
-0.00196559
-0.00195576
-0.00194598
-0.00193625
-0.00192657
-0.00191693
-0.00190735
-0.00189781
-0.00188832
-0.00187888
-0.00186948
-0.00186014
-0.00185084
-0.00184158
-0.00183237
-0.00182321
-0.00181409
-0.00180502
-0.001796
-0.00178702
-0.00177808
-0.00176919
-0.00176034
-0.00175154
-0.00174278
-0.00173407
-0.0017254
-0.00171677
-0.00170819
-0.00169965
-0.00169115
-0.00168269
-0.00167428
-0.00166591
-0.00165758
-0.00164929
-0.00164104
-0.00163284
-0.00162467
-0.00161655
-0.00160846
-0.00160042
-0.00159242
-0.00158446
-0.00157653
-0.00156865
-0.00156081
-0.001553
-0.00154524
-0.00153751
-0.00152982
-0.00152217
-0.00151456
-0.00150699
-0.00149945
-0.00149196
-0.0014845
-0.00147707
-0.00146969
-0.00146234
-0.00145503
-0.00144775
-0.00144051
-0.00143331
-0.00142614
-0.00141901
-0.00141192
-0.00140486
-0.00139783
-0.00139084
-0.00138389
-0.00137697
-0.00137008
-0.00136323
-0.00135642
-0.00134963
-0.00134289
-0.00133617
-0.00132949
-0.00132284
-0.00131623
-0.00130965
-0.0013031
-0.00129658
-0.0012901
-0.00128365
-0.00127723
-0.00127084
-0.00126449
-0.00125817
-0.00125188
-0.00124562
-0.00123939
-0.00123319
-0.00122702
-0.00122089
-0.00121478
-0.00120871
-0.00120267
-0.00119665
-0.00119067
-0.00118472
-0.00117879
-0.0011729
-0.00116703
-0.0011612
-0.0011554
-0.00114962
-0.00114387
-0.00113816
-0.00113247
-0.00112681
-0.00112118
-0.00111557
-0.00111
-0.00110445
-0.00109893
-0.00109344
-0.00108797
-0.00108254
-0.00107713
-0.00107174
-0.00106639
-0.00106106
-0.00105576
-0.00105048
-0.00104523
-0.00104
-0.00103481
-0.00102964
-0.00102449
-0.00101937
-0.00101428
-0.00100921
-0.00100416
-0.000999144
-0.000994151
-0.000989182
-0.000984239
-0.00097932
-0.000974426
-0.000969556
-0.00096471
-0.000959889
-0.000955092
-0.000950319
-0.00094557
-0.000940844
-0.000936142
-0.000931464
-0.000926809
-0.000922177
-0.000917569
-0.000912983
-0.00090842
-0.000903881
-0.000899363
-0.000894869
-0.000890397
-0.000885947
-0.00088152
-0.000877114
-0.000872731
-0.00086837
-0.00086403
-0.000859712
-0.000855416
-0.000851141
-0.000846888
-0.000842655
-0.000838444
-0.000834254
-0.000830085
-0.000825937
-0.00082181
-0.000817703
-0.000813617
-0.000809551
-0.000805505
-0.00080148
-0.000797475
-0.00079349
-0.000789525
-0.000785579
-0.000781653
-0.000777747
-0.000773861
-0.000769994
-0.000766146
-0.000762318
-0.000758508
-0.000754718
-0.000750946
-0.000747194
-0.00074346
-0.000739745
-0.000736048
-0.00073237
-0.000728711
-0.000725069
-0.000721446
-0.000717841
-0.000714254
-0.000710685
-0.000707134
-0.0007036
-0.000700084
-0.000696586
-0.000693105
-0.000689642
-0.000686196
-0.000682767
-0.000679355
-0.000675961
-0.000672583
-0.000669222
-0.000665878
-0.000662551
-0.000659241
-0.000655947
-0.000652669
-0.000649408
-0.000646163
-0.000642934
-0.000639722
-0.000636525
-0.000633345
-0.00063018
-0.000627031
-0.000623898
-0.000620781
-0.000617679
-0.000614593
-0.000611522
-0.000608466
-0.000605426
-0.000602401
-0.000599391
-0.000596396
-0.000593416
-0.000590451
-0.000587501
-0.000584566
-0.000581645
-0.000578739
-0.000575847
-0.00057297
-0.000570107
-0.000567259
-0.000564425
-0.000561605
-0.000558799
-0.000556007
-0.000553229
-0.000550465
-0.000547715
-0.000544978
-0.000542255
-0.000539546
-0.00053685
-0.000534168
-0.000531499
-0.000528844
-0.000526202
-0.000523573
-0.000520957
-0.000518354
-0.000515765
-0.000513188
-0.000510624
-0.000508073
-0.000505535
-0.000503009
-0.000500496
-0.000497995
-0.000495508
-0.000493032
-0.000490569
-0.000488118
-0.000485679
-0.000483253
-0.000480839
-0.000478437
-0.000476047
-0.000473668
-0.000471302
-0.000468948
-0.000466605
-0.000464274
-0.000461954
-0.000459647
-0.00045735
-0.000455066
-0.000452792
-0.00045053
-0.00044828
-0.00044604
-0.000443812
-0.000441595
-0.000439389
-0.000437194
-0.00043501
-0.000432837
-0.000430675
-0.000428524
-0.000426383
-0.000424253
-0.000422134
-0.000420025
-0.000417927
-0.000415839
-0.000413762
-0.000411695
-0.000409639
-0.000407593
-0.000405557
-0.000403531
-0.000401515
-0.000399509
-0.000397514
-0.000395528
-0.000393553
-0.000391587
-0.000389631
-0.000387685
-0.000385748
-0.000383821
-0.000381904
-0.000379997
-0.000378099
-0.00037621
-0.000374331
-0.000372461
-0.000370601
-0.00036875
-0.000366908
-0.000365076
-0.000363252
-0.000361438
-0.000359633
-0.000357836
-0.000356049
-0.000354271
-0.000352501
-0.000350741
-0.000348989
-0.000347246
-0.000345512
-0.000343786
-0.000342069
-0.000340361
-0.000338661
-0.000336969
-0.000335286
-0.000333612
-0.000331946
-0.000330288
-0.000328639
-0.000326997
-0.000325364
-0.000323739
-0.000322122
-0.000320514
-0.000318913
-0.00031732
-0.000315736
-0.000314159
-0.00031259
-0.000311029
-0.000309476
-0.00030793
-0.000306393
-0.000304863
-0.00030334
-0.000301825
-0.000300318
-0.000298818
-0.000297326
-0.000295842
-0.000294364
-0.000292894
-0.000291432
-0.000289976
-0.000288528
-0.000287088
-0.000285654
-0.000284228
-0.000282809
-0.000281396
-0.000279991
-0.000278593
-0.000277202
-0.000275818
-0.000274441
-0.00027307
-0.000271707
-0.00027035
-0.000269
-0.000267657
-0.000266321
-0.000264991
-0.000263668
-0.000262352
-0.000261042
-0.000259738
-0.000258442
-0.000257151
-0.000255867
-0.00025459
-0.000253319
-0.000252054
-0.000250796
-0.000249544
-0.000248298
-0.000247058
-0.000245825
-0.000244597
-0.000243376
-0.000242161
-0.000240952
-0.000239749
-0.000238552
-0.000237362
-0.000236177
-0.000234998
-0.000233824
-0.000232657
-0.000231496
-0.00023034
-0.00022919
-0.000228049
-0.00022691
-0.000225777
-0.00022465
-0.000223528
-0.000222412
-0.000221302
-0.000220197
-0.000219098
-0.000218004
-0.000216916
-0.000215833
-0.000214755
-0.000213683
-0.000212617
-0.000211555
-0.000210499
-0.000209449
-0.000208403
-0.000207363
-0.000206328
-0.000205298
-0.000204273
-0.000203254
-0.000202239
-0.00020123
-0.000200226
-0.000199226
-0.000198232
-0.000197243
-0.000196258
-0.000195279
-0.000194304
-0.000193335
-0.00019237
-0.00019141
-0.000190454
-0.000189504
-0.000188558
-0.000187617
-0.000186681
-0.000185749
-0.000184822
-0.0001839
-0.000182982
-0.000182069
-0.000181161
-0.000180257
-0.000179357
-0.000178462
-0.000177572
-0.000176686
-0.000175804
-0.000174927
-0.000174054
-0.000173185
-0.000172321
-0.000171461
-0.000170606
-0.000169755
-0.000168908
-0.000168065
-0.000167226
-0.000166392
-0.000165562
-0.000164736
-0.000163914
-0.000163096
-0.000162282
-0.000161473
-0.000160667
-0.000159866
-0.000159068
-0.000158275
-0.000157485
-0.000156699
-0.000155918
-0.00015514
-0.000154366
-0.000153596
-0.00015283
-0.000152067
-0.000151309
-0.000150554
-0.000149803
-0.000149056
-0.000148312
-0.000147572
-0.000146836
-0.000146104
-0.000145375
-0.00014465
-0.000143928
-0.000143211
-0.000142496
-0.000141786
-0.000141078
-0.000140375
-0.000139675
-0.000138978
-0.000138285
-0.000137595
-0.000136909
-0.000136226
-0.000135547
-0.000134871
-0.000134198
-0.000133529
-0.000132863
-0.000132201
-0.000131541
-0.000130885
-0.000130233
-0.000129583
-0.000128937
-0.000128294
-0.000127654
-0.000127018
-0.000126385
-0.000125754
-0.000125127
-0.000124503
-0.000123883
-0.000123265
-0.00012265
-0.000122039
-0.00012143
-0.000120825
-0.000120223
-0.000119623
-0.000119027
-0.000118433
-0.000117843
-0.000117255
-0.000116671
-0.000116089
-0.000115511
-0.000114935
-0.000114362
-0.000113792
-0.000113225
-0.00011266
-0.000112099
-0.00011154
-0.000110984
-0.000110431
-0.00010988
-0.000109332
-0.000108788
-0.000108245
-0.000107706
-0.000107169
-0.000106635
-0.000106103
-0.000105575
-0.000105048
-0.000104525
-0.000104004
-0.000103486
-0.00010297
-0.000102457
-0.000101946
-0.000101438
-0.000100933
-0.00010043
-9.99293e-05
-9.94313e-05
-9.89359e-05
-9.84429e-05
-9.79524e-05
-9.74643e-05
-9.69787e-05
-9.64955e-05
-9.60147e-05
-9.55364e-05
-9.50604e-05
-9.45868e-05
-9.41155e-05
-9.36466e-05
-9.31801e-05
-9.27159e-05
-9.2254e-05
-9.17944e-05
-9.13371e-05
-9.08821e-05
-9.04294e-05
-8.9979e-05
-8.95307e-05
-8.90848e-05
-8.8641e-05
-8.81995e-05
-8.77602e-05
-8.73231e-05
-8.68881e-05
-8.64554e-05
-8.60248e-05
-8.55963e-05
-8.517e-05
-8.47459e-05
-8.43238e-05
-8.39039e-05
-8.3486e-05
-8.30703e-05
-8.26566e-05
-8.2245e-05
-8.18354e-05
-8.14279e-05
-8.10225e-05
-8.0619e-05
-8.02176e-05
-7.98182e-05
-7.94207e-05
-7.90253e-05
-7.86318e-05
-7.82403e-05
-7.78508e-05
-7.74632e-05
-7.70776e-05
-7.66938e-05
-7.6312e-05
-7.59321e-05
-7.55541e-05
-7.5178e-05
-7.48038e-05
-7.44314e-05
-7.40609e-05
-7.36923e-05
-7.33255e-05
-7.29605e-05
-7.25973e-05
-7.2236e-05
-7.18765e-05
-7.15188e-05
-7.11628e-05
-7.08086e-05
-7.04563e-05
-7.01056e-05
-6.97567e-05
-6.94096e-05
-6.90642e-05
-6.87205e-05
-6.83786e-05
-6.80383e-05
-6.76998e-05
-6.73629e-05
-6.70277e-05
-6.66942e-05
-6.63624e-05
-6.60322e-05
-6.57037e-05
-6.53768e-05
-6.50516e-05
-6.4728e-05
-6.44059e-05
-6.40856e-05
-6.37668e-05
-6.34496e-05
-6.31339e-05
-6.28199e-05
-6.25074e-05
-6.21965e-05
-6.18872e-05
-6.15794e-05
-6.12731e-05
-6.09684e-05
-6.06651e-05
-6.03634e-05
-6.00633e-05
-5.97646e-05
-5.94674e-05
-5.91716e-05
-5.88774e-05
-5.85846e-05
-5.82933e-05
-5.80035e-05
-5.77151e-05
-5.74281e-05
-5.71426e-05
-5.68585e-05
-5.65758e-05
-5.62946e-05
-5.60147e-05
-5.57363e-05
-5.54592e-05
-5.51835e-05
-5.49092e-05
-5.46363e-05
-5.43647e-05
-5.40945e-05
-5.38256e-05
-5.35581e-05
-5.32919e-05
-5.30271e-05
-5.27635e-05
-5.25013e-05
-5.22404e-05
-5.19808e-05
-5.17225e-05
-5.14655e-05
-5.12098e-05
-5.09553e-05
-5.07021e-05
-5.04502e-05
-5.01996e-05
-4.99502e-05
-4.9702e-05
-4.94551e-05
-4.92094e-05
-4.8965e-05
-4.87217e-05
-4.84797e-05
-4.82389e-05
-4.79993e-05
-4.77609e-05
-4.75237e-05
-4.72877e-05
-4.70528e-05
-4.68191e-05
-4.65866e-05
-4.63553e-05
-4.61251e-05
-4.5896e-05
-4.56681e-05
-4.54414e-05
-4.52158e-05
-4.49913e-05
-4.47679e-05
-4.45456e-05
-4.43245e-05
-4.41044e-05
-4.38855e-05
-4.36676e-05
-4.34509e-05
-4.32352e-05
-4.30206e-05
-4.28071e-05
-4.25946e-05
-4.23832e-05
-4.21728e-05
-4.19635e-05
-4.17553e-05
-4.15481e-05
-4.13419e-05
-4.11368e-05
-4.09327e-05
-4.07296e-05
-4.05275e-05
-4.03264e-05
-4.01263e-05
-3.99273e-05
-3.97292e-05
-3.95321e-05
-3.9336e-05
-3.91409e-05
-3.89467e-05
-3.87536e-05
-3.85614e-05
-3.83701e-05
-3.81798e-05
-3.79905e-05
-3.78021e-05
-3.76146e-05
-3.74281e-05
-3.72425e-05
-3.70578e-05
-3.68741e-05
-3.66913e-05
-3.65094e-05
-3.63284e-05
-3.61483e-05
-3.59691e-05
-3.57908e-05
-3.56134e-05
-3.54369e-05
-3.52612e-05
-3.50864e-05
-3.49126e-05
-3.47395e-05
-3.45674e-05
-3.43961e-05
-3.42256e-05
-3.40561e-05
-3.38873e-05
-3.37194e-05
-3.35523e-05
-3.33861e-05
-3.32207e-05
-3.30562e-05
-3.28924e-05
-3.27294e-05
-3.25673e-05
-3.2406e-05
-3.22455e-05
-3.20858e-05
-3.19269e-05
-3.17688e-05
-3.16115e-05
-3.1455e-05
-3.12992e-05
-3.11443e-05
-3.09901e-05
-3.08367e-05
-3.0684e-05
-3.05321e-05
-3.0381e-05
-3.02306e-05
-3.00809e-05
-2.99321e-05
-2.97839e-05
-2.96365e-05
-2.94898e-05
-2.93439e-05
-2.91987e-05
-2.90542e-05
-2.89105e-05
-2.87674e-05
-2.86251e-05
-2.84835e-05
-2.83426e-05
-2.82024e-05
-2.80629e-05
-2.79241e-05
-2.7786e-05
-2.76485e-05
-2.75118e-05
-2.73757e-05
-2.72404e-05
-2.71057e-05
-2.69716e-05
-2.68383e-05
-2.67056e-05
-2.65736e-05
-2.64422e-05
-2.63115e-05
-2.61814e-05
-2.6052e-05
-2.59233e-05
-2.57951e-05
-2.56677e-05
-2.55408e-05
-2.54146e-05
-2.5289e-05
-2.51641e-05
-2.50397e-05
-2.4916e-05
-2.47929e-05
-2.46705e-05
-2.45486e-05
-2.44273e-05
-2.43067e-05
-2.41867e-05
-2.40672e-05
-2.39484e-05
-2.38301e-05
-2.37124e-05
-2.35953e-05
-2.34788e-05
-2.33629e-05
-2.32476e-05
-2.31328e-05
-2.30187e-05
-2.2905e-05
-2.2792e-05
-2.26795e-05
-2.25676e-05
-2.24562e-05
-2.23454e-05
-2.22352e-05
-2.21255e-05
-2.20163e-05
-2.19077e-05
-2.17996e-05
-2.16921e-05
-2.15851e-05
-2.14786e-05
-2.13727e-05
-2.12674e-05
-2.11626e-05
-2.10583e-05
-2.09546e-05
-2.08514e-05
-2.07487e-05
-2.06465e-05
-2.05448e-05
-2.04437e-05
-2.0343e-05
-2.02428e-05
-2.01432e-05
-2.0044e-05
-1.99454e-05
-1.98472e-05
-1.97495e-05
-1.96523e-05
-1.95556e-05
-1.94594e-05
-1.93637e-05
-1.92684e-05
-1.91736e-05
-1.90793e-05
-1.89855e-05
-1.88921e-05
-1.87992e-05
-1.87067e-05
-1.86148e-05
-1.85232e-05
-1.84322e-05
-1.83416e-05
-1.82514e-05
-1.81617e-05
-1.80725e-05
-1.79836e-05
-1.78953e-05
-1.78074e-05
-1.77199e-05
-1.76328e-05
-1.75462e-05
-1.746e-05
-1.73743e-05
-1.7289e-05
-1.72041e-05
-1.71196e-05
-1.70355e-05
-1.69519e-05
-1.68687e-05
-1.67859e-05
-1.67035e-05
-1.66216e-05
-1.654e-05
-1.64588e-05
-1.63781e-05
-1.62978e-05
-1.62178e-05
-1.61383e-05
-1.60591e-05
-1.59804e-05
-1.5902e-05
-1.58241e-05
-1.57465e-05
-1.56693e-05
-1.55925e-05
-1.55161e-05
-1.544e-05
-1.53644e-05
-1.52891e-05
-1.52142e-05
-1.51397e-05
-1.50655e-05
-1.49917e-05
-1.49183e-05
-1.48453e-05
-1.47726e-05
-1.47003e-05
-1.46283e-05
-1.45567e-05
-1.44855e-05
-1.44146e-05
-1.4344e-05
-1.42739e-05
-1.4204e-05
-1.41422e-05
-1.40667e-05
-1.39973e-05
-1.3929e-05
-1.38611e-05
-1.37934e-05
-1.3726e-05
-1.36589e-05
-1.35921e-05
-1.35256e-05
-1.34594e-05
-1.33936e-05
-1.3328e-05
-1.32628e-05
-1.3198e-05
-1.31335e-05
-1.30693e-05
-1.30055e-05
-1.29419e-05
-1.28787e-05
-1.28159e-05
-1.27533e-05
-1.26911e-05
-1.26291e-05
-1.25675e-05
-1.25062e-05
-1.24452e-05
-1.23845e-05
-1.23241e-05
-1.2264e-05
-1.22042e-05
-1.21447e-05
-1.20855e-05
-1.20266e-05
-1.1968e-05
-1.19097e-05
-1.18517e-05
-1.17939e-05
-1.17365e-05
-1.16793e-05
-1.16225e-05
-1.15659e-05
-1.15096e-05
-1.14535e-05
-1.13978e-05
-1.13423e-05
-1.12871e-05
-1.12322e-05
-1.11776e-05
-1.11232e-05
-1.10691e-05
-1.10153e-05
-1.09617e-05
-1.09084e-05
-1.08554e-05
-1.08026e-05
-1.07501e-05
-1.06979e-05
-1.06459e-05
-1.05942e-05
-1.05428e-05
-1.04916e-05
-1.04406e-05
-1.039e-05
-1.03395e-05
-1.02893e-05
-1.02394e-05
-1.01897e-05
-1.01403e-05
-1.00911e-05
-1.00422e-05
-9.99349e-06
