450.866
0.694681
0.682889
0.685206
0.675998
0.683479
0.685503
0.676827
0.674651
0.686208
0.675307
0.674682
0.673393
0.678233
0.681893
0.676829
0.68085
0.676694
0.68503
0.675757
0.674544
0.680882
0.695557
0.682818
0.677202
0.676848
0.676658
0.679631
0.680687
0.673693
0.672643
0.679277
0.682008
0.678095
0.68983
0.692642
0.680347
0.686114
0.683951
0.683669
0.679658
0.676233
0.673024
0.675386
0.674121
0.693357
0.695857
0.678522
0.676033
0.684082
0.685128
0.685651
0.682012
0.673486
0.677515
0.68146
0.680259
0.683603
0.67531
0.688508
0.72849
0.674204
0.683656
0.668281
0.678032
0.677775
0.677767
0.671114
0.682518
0.669394
0.677396
0.672703
0.682943
0.677491
0.677074
0.670782
0.674102
0.703038
0.676194
0.679902
0.676177
0.676229
0.673316
0.681518
0.677263
0.679386
0.681855
0.676717
0.674456
0.67242
0.679971
0.67474
0.681431
0.677878
0.688453
0.694709
0.683206
0.676488
0.677411
0.675407
0.677599
0.672835
0.6716
0.673237
0.677408
0.676345
0.67976
0.676063
0.677728
0.679525
0.680176
0.669966
0.675601
0.673826
0.678484
0.681117
0.675957
0.674829
0.677562
0.674847
0.678714
0.680347
0.676697
0.674981
0.677049
0.682305
0.678098
0.679977
0.674395
0.684757
0.682303
0.70027
0.67249
0.671718
0.677397
0.687513
0.672134
0.680385
0.675452
0.672195
0.678809
0.692856
0.676267
0.682976
0.675634
0.669168
0.675575
0.678554
0.679454
0.683423
0.671232
0.677793
0.677133
0.676042
0.680866
0.679529
0.670656
0.674843
0.686915
0.675997
0.674022
0.686034
0.67329
0.68339
0.680078
0.673187
0.678821
0.676343
0.670678
0.674532
0.675199
0.682572
0.669633
0.68285
0.682792
0.675911
0.680532
0.677101
0.669093
0.677126
0.678166
0.677791
0.672091
0.687736
0.673591
0.677067
0.676084
0.672501
0.673973
0.675024
0.684698
0.674911
0.678625
0.673498
0.680193
0.671845
0.666799
0.669169
0.674898
0.669399
0.675282
0.680081
0.696274
0.674075
0.676465
0.676353
0.679655
0.673533
0.681274
0.674748
0.679069
0.683058
0.673373
0.681501
0.673605
0.682838
0.677541
0.683003
0.672673
0.683747
0.686042
0.678343
0.673984
0.67316
0.67068
0.675126
0.676016
0.675897
0.676415
0.680796
0.681933
0.675814
0.677893
0.679287
0.678828
0.677551
0.682948
0.689115
0.678834
0.682104
0.674993
0.682238
0.677318
0.685312
0.69272
0.672146
0.680824
0.673155
0.690429
0.688341
0.675346
0.686206
0.681942
0.674062
0.673597
0.672718
0.677092
0.670188
0.676192
0.671037
0.675084
0.681073
0.678765
0.685551
0.679136
0.681173
0.679344
0.671619
0.682598
0.668893
0.686783
0.674549
0.675759
0.697388
0.672559
0.682348
0.673936
0.675821
0.67559
0.677898
0.6777
0.676077
0.679012
0.676887
0.677049
0.678257
0.693911
0.68387
0.67336
0.678067
0.685897
0.688766
0.671462
0.678647
0.678973
0.680109
0.675782
0.681675
0.671201
0.672829
0.675751
0.686388
0.673844
0.677248
0.677333
0.675897
0.669387
0.671946
0.693682
0.684824
0.679355
0.674068
0.672797
0.68056
0.673297
0.666524
0.684658
0.678448
0.680054
0.674414
0.685633
0.682752
0.67854
0.671049
0.682997
0.674885
0.679816
0.674191
0.678976
0.675671
0.67879
0.678922
0.6842
0.682774
0.680966
0.675746
0.680218
0.68102
0.683656
0.679195
0.681939
0.681711
0.679962
0.679504
0.685108
0.669135
0.678053
0.673343
0.677843
0.672568
0.673163
0.678303
0.6765
0.677267
0.673992
0.676065
0.678586
0.681268
0.673499
0.679906
0.677456
0.685087
0.692572
0.67786
0.683868
0.670962
0.67244
0.675904
0.679603
0.678101
0.679631
0.674177
0.683191
0.671486
0.67825
0.673066
0.67913
0.676307
0.676966
0.686899
0.674792
0.68138
0.675877
0.675354
0.678334
0.673234
0.686926
0.674676
0.686308
0.677894
0.682756
0.672345
0.683071
0.674345
0.682395
0.689225
0.678223
0.679097
0.675136
0.688708
0.667566
0.677688
0.675744
0.674223
0.677878
0.673428
0.681742
0.673
0.678376
0.675907
0.671119
0.67846
0.676606
0.678576
0.689033
0.692684
0.671687
0.68537
0.692752
0.693438
0.6842
0.671306
0.676052
0.682281
0.674742
0.674591
0.676116
0.671254
0.685956
0.681557
0.683009
0.67465
0.682737
0.700745
0.6732
0.679447
0.683017
0.672809
0.6802
0.68314
0.671135
0.684888
0.668359
0.670821
0.679954
0.677313
0.67869
0.673546
0.679399
0.670694
0.694451
0.674847
0.681159
0.6733
0.675549
0.681038
0.675242
0.678364
0.686454
0.682685
0.676299
0.678797
0.676577
0.679284
0.668906
0.677691
0.673909
0.683164
0.680801
0.679584
0.673746
0.675159
0.677178
0.681789
0.66839
0.673646
0.680929
0.670965
0.67015
0.669148
0.672884
0.676097
0.680067
0.684693
0.672984
0.679969
0.700043
0.677256
0.67804
0.679267
0.687256
0.684727
0.67654
0.67516
0.674416
0.672471
0.694162
0.69506
0.679171
0.676226
0.671974
0.672444
0.693765
0.690457
0.690155
0.66777
0.680667
0.67839
0.673232
0.676276
0.686252
0.675991
0.680734
0.676226
0.67904
0.673518
0.671742
0.67678
0.678485
0.672408
0.667802
0.687678
0.680507
0.682639
0.676004
0.678628
0.676618
0.675434
0.680764
0.682397
0.669292
0.67659
0.671792
0.669429
0.676473
0.671519
0.669303
0.676374
0.673057
0.670468
0.676854
0.672099
0.669256
0.677667
0.67167
0.669193
0.671315
0.665979
0.664316
0.670755
0.666461
0.658366
0.66548
0.661558
0.658657
0.666292
0.663354
0.679374
0.667155
0.661395
0.658605
0.665787
0.660857
0.658846
0.666017
0.660731
0.658629
0.665738
0.661377
0.658417
0.666314
0.661198
0.658571
0.66646
0.661215
0.668923
0.675299
0.660736
0.659081
0.665786
0.660643
0.658184
0.677799
0.681897
0.670276
0.665828
0.661051
0.6586
0.666316
0.660835
0.658822
0.665936
0.661104
0.670046
0.697476
0.689645
0.684203
0.694017
0.683075
0.685196
0.673045
0.682139
0.682562
0.672207
0.665831
0.679255
0.688162
0.667697
0.660185
0.669983
0.681699
0.675384
0.675349
0.66557
0.6597
0.670039
0.679856
0.661321
0.683023
0.668061
0.663611
0.666463
0.662372
0.660677
0.686945
0.660948
0.66163
0.682523
0.661351
0.669549
0.665609
0.662037
0.659961
0.666514
0.664863
0.676673
0.666342
0.662444
0.676942
0.666052
0.660947
0.667793
0.668436
0.661676
0.65874
0.666584
0.661459
0.658184
0.670286
0.679295
0.658527
0.665795
0.662566
0.677312
0.666197
0.661125
0.658601
0.675332
0.664266
0.658319
0.665797
0.661492
0.659179
0.666324
0.661129
0.658145
0.668926
0.680066
0.658608
0.666145
0.661136
0.658561
0.668898
0.678404
0.658399
0.665765
0.661286
0.661913
0.674363
0.661325
0.65861
0.666139
0.661085
0.659641
0.666357
0.661132
0.658678
0.665659
0.66166
0.658244
0.670235
0.679449
0.658463
0.666883
0.661276
0.658674
0.665892
0.663717
0.675755
0.665816
0.661231
0.658407
0.666066
0.661837
0.66333
0.672616
0.661803
0.658568
0.666428
0.661419
0.658479
0.666147
0.662072
0.659045
0.665667
0.660934
0.658578
0.665625
0.661254
0.658868
0.665784
0.665862
0.676577
0.666601
0.661125
0.658263
0.666097
0.661162
0.658898
0.665605
0.663882
0.675283
0.665906
0.661894
0.658449
0.66602
0.661395
0.658557
0.666083
0.666867
0.664161
0.666234
0.661245
0.659062
0.665934
0.661004
0.658613
0.665947
0.661326
0.660076
0.666126
0.661374
0.658765
0.66685
0.66112
0.658713
0.666163
0.661465
0.658929
0.665789
0.661052
0.665689
0.68631
0.697846
0.670251
0.666114
0.661098
0.658507
0.666471
0.660905
0.658643
0.665708
0.6612
0.669358
0.694552
0.710127
0.682319
0.694544
0.671155
0.698771
0.671586
0.676255
0.69066
0.675317
0.665999
0.678066
0.684771
0.672619
0.660159
0.670322
0.679486
0.661475
0.690941
0.6658
0.660127
0.666124
0.675123
0.668677
0.684409
0.664775
0.665985
0.666519
0.662721
0.658853
0.670195
0.678904
0.661139
0.682618
0.661463
0.668285
0.668535
0.661912
0.660048
0.666414
0.661117
0.671966
0.67505
0.660939
0.661917
0.682825
0.66117
0.665586
0.670774
0.661428
0.658751
0.666039
0.661316
0.658695
0.669228
0.681728
0.65869
0.665684
0.661173
0.66156
0.682745
0.660906
0.658286
0.673554
0.665758
0.658593
0.665961
0.661924
0.660048
0.666587
0.661147
0.658539
0.665968
0.66649
0.67555
0.666027
0.661313
0.658538
0.668586
0.678179
0.658361
0.66564
0.661407
0.658498
0.676246
0.663611
0.658516
0.665811
0.66094
0.659589
0.666195
0.660868
0.658744
0.666048
0.661365
0.65834
0.669869
0.679267
0.658581
0.666921
0.661209
0.658274
0.666323
0.662055
0.67715
0.66605
0.661154
0.658342
0.665744
0.66136
0.658637
0.677244
0.662009
0.658661
0.666056
0.661185
0.658267
0.665912
0.661313
0.659351
0.666065
0.661115
0.658224
0.665563
0.661415
0.658566
0.666485
0.665226
0.676827
0.666931
0.661167
0.658689
0.666087
0.660987
0.658939
0.665947
0.664036
0.675611
0.665874
0.661396
0.658829
0.666155
0.661407
0.658746
0.666092
0.663366
0.669975
0.666139
0.661101
0.658648
0.665851
0.661295
0.658716
0.666003
0.661191
0.659578
0.666659
0.661184
0.658687
0.666725
0.661046
0.65806
0.66589
0.661084
0.659021
0.665646
0.660997
0.662321
0.685037
0.695377
0.669422
0.666472
0.661337
0.658745
0.666528
0.660727
0.65851
0.666043
0.660789
0.666643
0.696955
0.707032
0.669264
0.711717
0.669714
0.684142
0.690932
0.665986
0.680214
0.695342
0.6627
0.670258
0.680538
0.687296
0.661878
0.668812
0.681181
0.662056
0.684763
0.672512
0.659313
0.667017
0.664999
0.67678
0.669898
0.677659
0.667565
0.668562
0.663442
0.658867
0.670387
0.679352
0.658407
0.675304
0.672216
0.66507
0.671118
0.660873
0.659441
0.666817
0.660796
0.662964
0.684337
0.660666
0.661775
0.682959
0.660964
0.662961
0.6734
0.661639
0.65877
0.666766
0.661539
0.658777
0.666748
0.66648
0.676799
0.66622
0.6611
0.661661
0.683298
0.66068
0.658744
0.67117
0.667885
0.658989
0.66638
0.661503
0.65999
0.666932
0.66124
0.658528
0.665923
0.664901
0.677043
0.666311
0.661248
0.658546
0.66736
0.679733
0.658741
0.666261
0.66143
0.658447
0.67467
0.664785
0.658645
0.666445
0.660853
0.658808
0.666864
0.66111
0.658352
0.666511
0.661322
0.658687
0.666935
0.668453
0.663407
0.661572
0.656657
0.653557
0.655219
0.649691
0.651033
0.672502
0.650458
0.647922
0.655114
0.650503
0.647672
0.663728
0.65469
0.64776
0.65588
0.650189
0.648315
0.655721
0.650772
0.64949
0.655838
0.650424
0.647604
0.655179
0.650604
0.647409
0.656022
0.650258
0.651765
0.673953
0.650425
0.647763
0.655686
0.649988
0.647667
0.65523
0.650603
0.650583
0.672329
0.650467
0.647977
0.655945
0.650599
0.647578
0.656028
0.650027
0.648697
0.6647
0.652937
0.647983
0.655121
0.650366
0.647468
0.655407
0.650621
0.647532
0.656212
0.650684
0.647746
0.655941
0.650308
0.647941
0.65558
0.649819
0.648159
0.655449
0.65063
0.647887
0.659273
0.682961
0.671733
0.667922
0.650381
0.647762
0.655732
0.649891
0.647534
0.655509
0.650148
0.647923
0.655304
0.668345
0.674896
0.701613
0.674265
0.674521
0.666447
0.690135
0.654278
0.669898
0.684054
0.654779
0.659387
0.668869
0.667371
0.665099
0.653924
0.651641
0.673893
0.653527
0.66847
0.663221
0.651302
0.648057
0.660061
0.668204
0.65117
0.672377
0.65919
0.650489
0.656434
0.650202
0.651344
0.6742
0.650754
0.650578
0.67282
0.655715
0.653795
0.655623
0.650877
0.648643
0.656451
0.653561
0.666252
0.655314
0.651885
0.666312
0.655429
0.650704
0.657476
0.658312
0.650291
0.648152
0.656491
0.64995
0.648012
0.659705
0.668273
0.647954
0.655291
0.650478
0.650614
0.671838
0.650622
0.647711
0.664164
0.654243
0.647296
0.656132
0.65067
0.649117
0.65524
0.64996
0.647789
0.655417
0.654632
0.665474
0.655619
0.650184
0.647781
0.657439
0.668969
0.647728
0.65586
0.650048
0.647925
0.663232
0.654102
0.647766
0.655488
0.65024
0.647499
0.656788
0.650642
0.647721
0.655785
0.650173
0.647794
0.655904
0.654254
0.666692
0.655501
0.650621
0.648128
0.655295
0.650756
0.650339
0.672349
0.650269
0.647774
0.656151
0.650094
0.647804
0.660395
0.656914
0.647936
0.655445
0.650388
0.647962
0.655173
0.650724
0.649511
0.655296
0.650561
0.647755
0.656125
0.650224
0.647893
0.655758
0.650276
0.652077
0.67364
0.650063
0.647873
0.655337
0.650631
0.647569
0.655428
0.650546
0.64939
0.67465
0.650408
0.647744
0.655905
0.649916
0.648068
0.655483
0.650015
0.649474
0.663646
0.654491
0.647509
0.655492
0.650977
0.647591
0.655803
0.650491
0.64725
0.6564
0.651503
0.64813
0.655648
0.650072
0.64794
0.655555
0.650434
0.647599
0.655696
0.65032
0.648021
0.656114
0.662257
0.661521
0.656161
0.650089
0.647822
0.655524
0.650171
0.648074
0.655515
0.650392
0.64763
0.655501
0.653483
0.664549
0.656277
0.650547
0.647724
0.655687
0.650254
0.648093
0.655133
0.649897
0.647974
0.656989
0.657564
0.652606
0.655718
0.650534
0.647925
0.655916
0.650568
0.647705
0.655991
0.650366
0.648454
0.65525
0.650598
0.649691
0.655439
0.650558
0.647685
0.655324
0.650649
0.647568
0.65659
0.650513
0.647699
0.656254
0.650429
0.647824
0.655681
0.649995
0.651713
0.673428
0.650567
0.64784
0.655521
0.650556
0.647818
0.656243
0.650318
0.648124
0.655849
0.650016
0.647985
0.655781
0.652777
0.648282
0.657672
0.669572
0.6477
0.655242
0.6507
0.648064
0.655701
0.650469
0.647538
0.656323
0.650201
0.648382
0.655782
0.650039
0.648299
0.655358
0.656284
0.653369
0.655315
0.650377
0.648049
0.655865
0.650394
0.648022
0.656217
0.649842
0.648051
0.65572
0.650405
0.647893
0.655165
0.650709
0.647961
0.656265
0.650489
0.64788
0.655843
0.650444
0.647946
0.65581
0.650363
0.64797
0.656039
0.649913
0.648142
0.655307
0.650597
0.647875
0.655283
0.650422
0.647798
0.656085
0.650436
0.651421
0.674096
0.650008
0.647982
0.65564
0.650412
0.648141
0.65527
0.650402
0.647674
0.655536
0.650609
0.647685
0.65576
0.650319
0.64813
0.655804
0.650298
0.648082
0.655601
0.649957
0.65112
0.672267
0.650971
0.647483
0.6551
0.650399
0.647828
0.656073
0.65089
0.647886
0.655819
0.650103
0.647953
0.655451
0.650013
0.648084
0.655293
0.650771
0.648
0.655717
0.654412
0.655416
0.65599
0.650096
0.648177
0.655941
0.650443
0.648382
0.655547
0.649932
0.648056
0.654999
0.650501
0.64763
0.655437
0.650514
0.647786
0.656124
0.650447
0.647353
0.656168
0.65033
0.64902
0.658111
0.650034
0.648068
0.65531
0.650497
0.647501
0.655308
0.650281
0.647561
0.65613
0.650308
0.648036
0.656083
0.650259
0.647882
0.656109
0.64972
0.648236
0.655391
0.650634
0.647671
0.655619
0.650642
0.647748
0.656097
0.650503
0.647686
0.655619
0.650162
0.647764
0.655367
0.650046
0.647882
0.655631
0.650643
0.651274
0.673529
0.650879
0.647619
0.656477
0.650327
0.647787
0.655725
0.650275
0.648062
0.655484
0.650049
0.647926
0.655161
0.650496
0.647537
0.655395
0.650352
0.647526
0.673498
0.652986
0.647578
0.655693
0.650053
0.647888
0.655392
0.649993
0.64784
0.655456
0.650736
0.647847
0.655295
0.650717
0.648349
0.655578
0.650331
0.647538
0.663414
0.654601
0.648024
0.655374
0.650081
0.648081
0.655089
0.650746
0.647561
0.655514
0.650391
0.647461
0.656032
0.650448
0.648052
0.656218
0.644678
0.642379
0.649942
0.646359
0.642668
0.644397
0.639795
0.63665
0.644726
0.639962
0.636732
0.645368
0.639449
0.637024
0.645395
0.639572
0.637318
0.644574
0.639313
0.636882
0.644716
0.643662
0.655193
0.644823
0.639419
0.637185
0.645511
0.639841
0.636641
0.645193
0.639256
0.637334
0.644826
0.639413
0.637198
0.644697
0.63961
0.636446
0.644783
0.639534
0.639828
0.662293
0.639366
0.637137
0.645255
0.639274
0.637284
0.645132
0.6393
0.637271
0.644753
0.639796
0.636774
0.644204
0.639945
0.636986
0.644748
0.639599
0.637065
0.654405
0.642062
0.637315
0.644728
0.639248
0.637465
0.644474
0.639408
0.63672
0.645099
0.639916
0.637002
0.644819
0.63947
0.637445
0.645376
0.639473
0.637443
0.644541
0.640675
0.637424
0.644715
0.639845
0.636676
0.644457
0.639648
0.636976
0.645318
0.639801
0.636779
0.645238
0.639356
0.637334
0.644786
0.63913
0.637565
0.644483
0.641621
0.659061
0.644479
0.639928
0.636559
0.645356
0.639557
0.637035
0.645103
0.639749
0.637501
0.644692
0.639264
0.637264
0.64436
0.639868
0.636752
0.644688
0.639407
0.639982
0.662017
0.639451
0.636955
0.645226
0.63987
0.637277
0.644642
0.638986
0.637496
0.644673
0.6397
0.636604
0.644822
0.640059
0.636952
0.645398
0.639623
0.637105
0.65275
0.64355
0.637698
0.644419
0.63895
0.637342
0.644611
0.639541
0.636812
0.644717
0.63978
0.636841
0.645115
0.639824
0.63675
0.645113
0.639338
0.637299
0.644332
0.640366
0.638155
0.644563
0.639742
0.636935
0.644396
0.639619
0.63703
0.645379
0.639659
0.637319
0.645314
0.639427
0.637316
0.646146
0.639309
0.637513
0.644526
0.639641
0.649153
0.655228
0.639693
0.637136
0.644917
0.639801
0.637188
0.645354
0.639163
0.637185
0.644916
0.63932
0.63738
0.64425
0.639246
0.636793
0.644492
0.639668
0.63943
0.662018
0.639544
0.636841
0.645387
0.639443
0.637223
0.644624
0.639261
0.637088
0.644747
0.63966
0.636956
0.644479
0.639678
0.637626
0.645394
0.639528
0.636923
0.652654
0.643481
0.63703
0.644473
0.639482
0.639335
0.644597
0.639766
0.636989
0.644714
0.639676
0.637228
0.645634
0.639377
0.637093
0.645234
0.63942
0.637386
0.644571
0.639442
0.638466
0.644107
0.639628
0.637088
0.644331
0.639731
0.636836
0.645251
0.639606
0.637188
0.645428
0.639158
0.63713
0.644577
0.639054
0.637335
0.644497
0.63946
0.641281
0.662339
0.639544
0.636977
0.645173
0.639678
0.637205
0.645407
0.639366
0.637367
0.644632
0.639011
0.637174
0.64458
0.641515
0.636661
0.645038
0.640021
0.637048
0.664812
0.639955
0.637189
0.645382
0.639182
0.637224
0.644641
0.639464
0.637016
0.644749
0.639791
0.637188
0.644295
0.639816
0.636907
0.645289
0.640076
0.637114
0.652276
0.646205
0.637473
0.64475
0.639173
0.636981
0.644399
0.639461
0.636532
0.645007
0.639796
0.637098
0.645026
0.639578
0.637092
0.645108
0.638975
0.637198
0.644548
0.639673
0.638136
0.644099
0.639908
0.636917
0.645101
0.639778
0.636962
0.645556
0.639533
0.636749
0.64533
0.639455
0.637444
0.644595
0.63917
0.637597
0.644609
0.639656
0.640968
0.663124
0.639754
0.637006
0.645051
0.639839
0.636962
0.645116
0.639673
0.637288
0.644696
0.639058
0.637531
0.644625
0.639623
0.636809
0.644492
0.639825
0.637074
0.648157
0.656106
0.63719
0.645048
0.639396
0.636903
0.644492
0.639095
0.637186
0.644813
0.639485
0.636839
0.644907
0.639962
0.637657
0.646164
0.639634
0.636854
0.646643
0.650258
0.637479
0.645162
0.639484
0.637473
0.644759
0.640129
0.637048
0.644473
0.640087
0.637046
0.645085
0.639498
0.636852
0.645073
0.639637
0.637158
0.644935
0.6396
0.638473
0.644189
0.639891
0.636806
0.644665
0.639928
0.636933
0.645449
0.639638
0.636717
0.645597
0.639125
0.637197
0.644817
0.639182
0.637576
0.644558
0.63986
0.640682
0.663019
0.639796
0.637254
0.645563
0.639521
0.637166
0.645039
0.63953
0.637427
0.644696
0.639377
0.637792
0.644808
0.639737
0.63689
0.644834
0.639826
0.637564
0.64809
0.656837
0.637088
0.645227
0.639313
0.63706
0.64473
0.639401
0.637082
0.645046
0.639473
0.636758
0.644451
0.640443
0.637189
0.64561
0.639489
0.63716
0.645348
0.650547
0.638077
0.644624
0.63887
0.637203
0.644761
0.63979
0.636563
0.644999
0.639767
0.637242
0.645285
0.639633
0.637287
0.645403
0.639272
0.637108
0.644913
0.639724
0.638839
0.64467
0.639441
0.636963
0.644942
0.640022
0.637154
0.645128
0.639973
0.636795
0.645419
0.639503
0.637389
0.644925
0.63948
0.637284
0.644967
0.63987
0.643621
0.662886
0.639484
0.63693
0.645257
0.639876
0.6373
0.645296
0.639224
0.636959
0.644817
0.639538
0.637051
0.644727
0.639728
0.637051
0.644714
0.639754
0.637086
0.647882
0.656434
0.637077
0.64524
0.639664
0.637493
0.644871
0.639021
0.637199
0.644897
0.63991
0.637139
0.645003
0.639649
0.637297
0.645375
0.639621
0.636848
0.644991
0.648852
0.639947
0.644765
0.63928
0.637274
0.644712
0.639764
0.637222
0.644771
0.640116
0.636974
0.645371
0.639703
0.637336
0.64564
0.639411
0.637136
0.6445
0.639155
0.638751
0.645082
0.63979
0.63715
0.64468
0.639873
0.637254
0.645156
0.639759
0.637038
0.645244
0.639232
0.637677
0.645042
0.639425
0.637606
0.644881
0.639677
0.640775
0.663182
0.639757
0.636808
0.645584
0.639441
0.636968
0.645528
0.639301
0.637445
0.645093
0.638852
0.631998
0.639698
0.63442
0.631476
0.639945
0.629056
0.626199
0.637015
0.645868
0.626279
0.634569
0.628352
0.626594
0.633884
0.628735
0.626471
0.634295
0.628909
0.626677
0.634477
0.629141
0.626275
0.634599
0.628902
0.62643
0.634829
0.634217
0.632802
0.634232
0.628358
0.626755
0.634306
0.629381
0.626345
0.63416
0.62895
0.626328
0.634276
0.62892
0.626042
0.634756
0.628385
0.626331
0.633907
0.628899
0.626522
0.636032
0.629141
0.626211
0.634456
0.629148
0.625935
0.634608
0.629215
0.626329
0.634788
0.628509
0.626591
0.63418
0.628515
0.626834
0.634488
0.629845
0.626284
0.634577
0.629263
0.626371
0.635003
0.629027
0.63459
0.653059
0.629043
0.626777
0.633784
0.628844
0.626669
0.633519
