0.560498
0.530152
0.529553
0.529329
0.522514
0.5302
0.530437
0.520714
0.521664
0.532861
0.522686
0.521329
0.520053
0.52503
0.528125
0.522403
0.527496
0.522983
0.531421
0.521955
0.520034
0.526888
0.541219
0.528322
0.521297
0.521605
0.522553
0.525175
0.525662
0.51949
0.518008
0.524774
0.527467
0.520598
0.534626
0.538101
0.525727
0.531527
0.527471
0.52758
0.524623
0.520871
0.518253
0.520745
0.519122
0.537547
0.540839
0.523599
0.520974
0.529556
0.530079
0.53088
0.526527
0.518782
0.52129
0.526249
0.525224
0.528526
0.520242
0.533361
0.522726
0.522151
0.53152
0.516169
0.525335
0.524064
0.525223
0.51902
0.530174
0.517152
0.525165
0.520696
0.530907
0.525299
0.524692
0.517277
0.521847
0.538058
0.517877
0.527238
0.523624
0.524094
0.519681
0.529089
0.524323
0.526935
0.529614
0.524551
0.52239
0.519918
0.526323
0.522198
0.529078
0.525346
0.536418
0.539735
0.530062
0.524156
0.525236
0.523659
0.525077
0.52055
0.5193
0.521075
0.525276
0.524168
0.526621
0.523175
0.5256
0.526848
0.527508
0.517322
0.522983
0.520813
0.526222
0.5289
0.523794
0.522295
0.525226
0.522803
0.525783
0.526331
0.524664
0.522435
0.524159
0.528862
0.525418
0.52778
0.521763
0.532294
0.529312
0.530106
0.519476
0.518993
0.524677
0.534996
0.518076
0.527999
0.522594
0.520437
0.526443
0.540379
0.523004
0.530425
0.523556
0.516931
0.523285
0.526377
0.5178
0.520183
0.518036
0.525427
0.524867
0.52205
0.528604
0.527215
0.518617
0.52227
0.534278
0.522416
0.521749
0.53226
0.520978
0.531201
0.528156
0.519198
0.522982
0.524562
0.517857
0.521837
0.523134
0.530242
0.51741
0.530607
0.530345
0.523503
0.528421
0.524858
0.516836
0.524559
0.525644
0.525422
0.52007
0.533991
0.520184
0.524668
0.5236
0.520167
0.521887
0.522691
0.532427
0.522408
0.526125
0.520973
0.527914
0.519502
0.514605
0.5165
0.522946
0.517182
0.522726
0.527275
0.524496
0.521915
0.524061
0.524225
0.528
0.521155
0.528366
0.522227
0.526673
0.529339
0.520764
0.527675
0.521541
0.530746
0.525248
0.527936
0.520108
0.531591
0.516689
0.52632
0.521938
0.521152
0.518222
0.522878
0.523778
0.523429
0.524177
0.528292
0.529752
0.523371
0.525425
0.527109
0.526516
0.524732
0.53058
0.530923
0.525686
0.530242
0.520812
0.529304
0.524172
0.532719
0.539374
0.519193
0.528767
0.520968
0.536937
0.535886
0.523122
0.533141
0.529297
0.521694
0.521193
0.519135
0.524652
0.517672
0.523972
0.518671
0.521413
0.528832
0.526594
0.532087
0.527085
0.527873
0.526853
0.519023
0.530084
0.516531
0.533422
0.522154
0.523328
0.526985
0.520451
0.530112
0.521464
0.523078
0.523232
0.525887
0.525212
0.523666
0.525646
0.523905
0.524916
0.525882
0.536926
0.531229
0.519805
0.525813
0.533188
0.519686
0.519453
0.526098
0.526731
0.526501
0.523594
0.529096
0.51865
0.520179
0.523208
0.533073
0.521394
0.525239
0.524937
0.523287
0.51662
0.51975
0.533698
0.532658
0.527031
0.521465
0.520787
0.528352
0.521143
0.514294
0.531772
0.526107
0.527608
0.522325
0.531669
0.530275
0.525891
0.51863
0.529128
0.522475
0.52729
0.522045
0.527023
0.523436
0.526752
0.52659
0.530389
0.530718
0.528681
0.523053
0.527905
0.526831
0.53082
0.526986
0.528641
0.529309
0.526105
0.527189
0.51457
0.51722
0.525799
0.519527
0.524146
0.519983
0.519193
0.524708
0.522505
0.525416
0.521801
0.523975
0.526516
0.528888
0.52077
0.527597
0.523557
0.532904
0.522918
0.525507
0.531583
0.518914
0.520389
0.523664
0.527273
0.525786
0.527393
0.521775
0.53059
0.518807
0.525617
0.520822
0.525762
0.52357
0.525068
0.528609
0.522519
0.529165
0.52304
0.522823
0.526008
0.520693
0.533225
0.522613
0.532679
0.52435
0.530273
0.51866
0.529207
0.521626
0.530068
0.536875
0.525931
0.525744
0.521499
0.536472
0.515062
0.525102
0.523142
0.522221
0.525241
0.521635
0.529088
0.520883
0.525846
0.523028
0.518374
0.525476
0.524539
0.526308
0.535235
0.521985
0.519062
0.531316
0.540509
0.541057
0.531512
0.519042
0.523487
0.530034
0.522124
0.522123
0.52406
0.519039
0.53306
0.529354
0.531077
0.522231
0.529783
0.53195
0.520856
0.526312
0.53101
0.52037
0.527032
0.531206
0.518596
0.532827
0.516265
0.518864
0.527773
0.525237
0.526288
0.521102
0.527282
0.518537
0.536592
0.522828
0.52912
0.520901
0.52174
0.528861
0.522241
0.526068
0.534425
0.529136
0.523666
0.525218
0.524167
0.526664
0.516419
0.525297
0.520939
0.530877
0.527751
0.525735
0.521079
0.521411
0.523465
0.52805
0.516526
0.521273
0.528829
0.518631
0.517671
0.517126
0.520158
0.524124
0.527809
0.532311
0.520819
0.527805
0.529196
0.524945
0.525859
0.526933
0.535414
0.53076
0.523758
0.522325
0.522105
0.518792
0.541901
0.543084
0.527077
0.523819
0.519812
0.519969
0.540554
0.537714
0.520345
0.515562
0.528039
0.525889
0.520896
0.523951
0.533974
0.522521
0.528035
0.522284
0.524701
0.520697
0.519276
0.523189
0.525927
0.519793
0.515342
0.529223
0.528178
0.529055
0.523487
0.526359
0.524182
0.52306
0.528657
0.530323
0.517422
0.524537
0.51973
0.517492
0.524541
0.519217
0.517359
0.524558
0.520835
0.51771
0.525063
0.52003
0.517322
0.525738
0.519466
0.517252
0.519269
0.513893
0.512404
0.518762
0.514235
0.506362
0.513739
0.50934
0.506717
0.514446
0.511284
0.508962
0.5152
0.509079
0.506603
0.513818
0.50868
0.506899
0.514139
0.50853
0.506708
0.513824
0.509182
0.506456
0.514336
0.50911
0.506514
0.514585
0.509106
0.508186
0.513716
0.508552
0.507108
0.513771
0.508487
0.506247
0.525941
0.511099
0.506239
0.513945
0.509167
0.506606
0.514563
0.508842
0.506784
0.51401
0.508985
0.514877
0.524249
0.516189
0.51273
0.521047
0.5129
0.513383
0.5183
0.512032
0.513783
0.517826
0.513315
0.509232
0.51929
0.512286
0.507442
0.518172
0.511565
0.506498
0.523687
0.511132
0.507
0.518194
0.509561
0.509419
0.514448
0.515987
0.509498
0.514597
0.509421
0.508751
0.516306
0.508949
0.509771
0.513776
0.509244
0.511888
0.513949
0.50985
0.507259
0.51463
0.51282
0.506801
0.514298
0.510292
0.508142
0.514091
0.508872
0.515922
0.514352
0.50954
0.506791
0.51403
0.509451
0.506377
0.518597
0.509141
0.50677
0.513952
0.510479
0.508386
0.514345
0.509003
0.506664
0.520524
0.509845
0.506427
0.51396
0.509452
0.506818
0.514615
0.50905
0.506377
0.517063
0.509801
0.506777
0.51436
0.508952
0.506723
0.517097
0.509487
0.506417
0.514151
0.509201
0.509972
0.518642
0.509154
0.506691
0.514191
0.508979
0.507737
0.514092
0.509027
0.506765
0.513881
0.50955
0.506368
0.518378
0.509252
0.506624
0.515138
0.509129
0.506794
0.514077
0.511584
0.506923
0.514103
0.509103
0.506498
0.514259
0.509683
0.511396
0.517293
0.509691
0.506699
0.514714
0.509364
0.506659
0.514339
0.50949
0.507104
0.513742
0.508919
0.506726
0.513837
0.509122
0.507012
0.514074
0.511177
0.506813
0.51488
0.508997
0.506437
0.514044
0.509022
0.506939
0.513869
0.511708
0.506527
0.514112
0.509769
0.506499
0.514289
0.509442
0.50651
0.514365
0.514254
0.509275
0.514301
0.509151
0.507132
0.514087
0.50885
0.506615
0.51417
0.509114
0.507117
0.514193
0.509332
0.506892
0.514965
0.509073
0.506752
0.514188
0.509292
0.507072
0.513797
0.508859
0.508586
0.519419
0.524777
0.506361
0.51435
0.509065
0.506659
0.5146
0.508873
0.506767
0.51396
0.509065
0.516265
0.520375
0.51757
0.511308
0.520596
0.514388
0.513927
0.516521
0.512554
0.512939
0.519837
0.513529
0.508079
0.515703
0.514399
0.50746
0.518117
0.509193
0.508139
0.522255
0.511442
0.507073
0.51447
0.511318
0.508077
0.515822
0.512613
0.510513
0.514623
0.509895
0.506899
0.5184
0.508856
0.509306
0.514021
0.509396
0.516404
0.51454
0.509877
0.507429
0.514703
0.509009
0.508356
0.514196
0.508825
0.5101
0.514141
0.509005
0.513562
0.516268
0.509339
0.506928
0.513874
0.509253
0.506784
0.517497
0.510753
0.506728
0.513677
0.509067
0.50975
0.514047
0.508911
0.506399
0.521849
0.511247
0.506761
0.514269
0.50993
0.507141
0.514781
0.50927
0.506602
0.514011
0.510937
0.506685
0.514099
0.509251
0.506579
0.516865
0.509277
0.506564
0.51396
0.509319
0.50647
0.52137
0.509356
0.506793
0.514019
0.50886
0.507754
0.513855
0.508805
0.50677
0.514323
0.509313
0.506484
0.518131
0.509149
0.506662
0.515195
0.509105
0.506414
0.514457
0.509921
0.508315
0.514213
0.509163
0.506562
0.514063
0.509245
0.506662
0.520238
0.509814
0.506734
0.51431
0.50903
0.506471
0.514019
0.508795
0.507072
0.514102
0.508975
0.506391
0.513731
0.509317
0.506704
0.514664
0.513226
0.50687
0.515158
0.509113
0.506812
0.514188
0.508791
0.507008
0.513922
0.511784
0.506832
0.514055
0.50925
0.506887
0.514305
0.509392
0.506781
0.514274
0.511111
0.512459
0.514053
0.50896
0.506699
0.513934
0.509037
0.506843
0.514248
0.509035
0.507648
0.514045
0.509108
0.506776
0.515006
0.508973
0.506208
0.513882
0.508898
0.506993
0.513793
0.50879
0.510366
0.51527
0.522643
0.505666
0.514742
0.509212
0.506823
0.514798
0.508565
0.506681
0.514003
0.508602
0.514595
0.523833
0.519779
0.512061
0.525413
0.514465
0.512807
0.518696
0.51355
0.508896
0.521488
0.509475
0.50833
0.517662
0.518257
0.507745
0.516007
0.510119
0.510065
0.516128
0.515352
0.507476
0.514357
0.512895
0.506783
0.518056
0.508656
0.512466
0.51437
0.510106
0.507123
0.51847
0.509066
0.506509
0.516072
0.509019
0.513246
0.516639
0.508779
0.506808
0.514976
0.508787
0.51095
0.514361
0.508468
0.509952
0.514157
0.508872
0.511028
0.51755
0.509405
0.506914
0.514216
0.509429
0.506813
0.51504
0.513557
0.506736
0.514259
0.508946
0.509916
0.514546
0.508468
0.506837
0.519439
0.51248
0.506951
0.514625
0.509495
0.507309
0.515023
0.509124
0.506719
0.514093
0.512859
0.506976
0.514422
0.509185
0.506511
0.51561
0.51063
0.506835
0.514544
0.509276
0.506596
0.52285
0.510486
0.506707
0.514444
0.508731
0.506869
0.514235
0.508947
0.506434
0.51474
0.509192
0.506813
0.515024
0.505692
0.501039
0.509897
0.504154
0.501644
0.503338
0.497698
0.499116
0.503604
0.498257
0.495882
0.503328
0.498312
0.495717
0.511882
0.500309
0.495727
0.504055
0.498134
0.496244
0.503771
0.498583
0.496816
0.503877
0.498228
0.495755
0.503445
0.498482
0.495472
0.504194
0.498189
0.499852
0.504085
0.498256
0.496003
0.503808
0.497916
0.4956
0.503303
0.498438
0.498635
0.503585
0.498325
0.495947
0.504133
0.498412
0.495648
0.504232
0.497932
0.496495
0.509806
0.498478
0.496095
0.503387
0.498271
0.495561
0.503687
0.498551
0.49562
0.504538
0.498157
0.495788
0.504088
0.498289
0.496126
0.503706
0.49772
0.496192
0.503369
0.498483
0.495906
0.507395
0.51242
0.497755
0.504269
0.498278
0.495812
0.503946
0.497709
0.495788
0.503541
0.497938
0.496016
0.503436
0.508911
0.502163
0.51385
0.503678
0.501003
0.508852
0.505881
0.498919
0.50769
0.50485
0.499907
0.506701
0.498504
0.497495
0.510502
0.499124
0.499325
0.504049
0.501412
0.499599
0.507466
0.499163
0.495678
0.508237
0.497957
0.49923
0.503473
0.507036
0.496261
0.503497
0.497993
0.499422
0.504247
0.498486
0.498784
0.504072
0.50362
0.498848
0.503718
0.49878
0.495964
0.504514
0.501445
0.496274
0.503435
0.499797
0.497502
0.503585
0.498604
0.50549
0.504137
0.498253
0.496101
0.503901
0.497992
0.496108
0.507691
0.497922
0.495982
0.503382
0.498288
0.497277
0.503166
0.498469
0.495638
0.512441
0.500036
0.495531
0.504279
0.498577
0.496393
0.50329
0.497868
0.495937
0.503403
0.502482
0.49562
0.503831
0.498125
0.495712
0.505602
0.499825
0.495732
0.503995
0.497923
0.496112
0.511418
0.499667
0.495952
0.503583
0.498063
0.495478
0.503797
0.498517
0.495774
0.503939
0.498015
0.496042
0.504076
0.5022
0.496628
0.503646
0.498441
0.496196
0.503337
0.498669
0.498523
0.503581
0.498277
0.495906
0.504348
0.498084
0.495997
0.508618
0.50162
0.49611
0.503395
0.498293
0.496139
0.503233
0.498441
0.496291
0.503564
0.49844
0.495753
0.504326
0.498165
0.496009
0.503919
0.498148
0.500157
0.503667
0.497993
0.495957
0.503397
0.498443
0.495522
0.503731
0.498394
0.49742
0.505854
0.498255
0.495753
0.504149
0.49794
0.49605
0.503462
0.497909
0.497496
0.511663
0.500087
0.495564
0.503643
0.4989
0.495593
0.504023
0.498372
0.495401
0.504685
0.498551
0.496151
0.503671
0.497859
0.496056
0.503623
0.49832
0.495735
0.503822
0.498243
0.496112
0.504333
0.500822
0.497755
0.504356
0.497907
0.49602
0.503684
0.498034
0.496214
0.503625
0.498291
0.495763
0.503774
0.501336
0.495728
0.504343
0.498439
0.495564
0.503867
0.498181
0.496132
0.50325
0.49773
0.496028
0.505122
0.505503
0.498394
0.503953
0.498464
0.495854
0.504065
0.498536
0.495704
0.504231
0.498195
0.496469
0.503354
0.498418
0.496843
0.503477
0.498348
0.495881
0.503472
0.498494
0.495605
0.504641
0.498441
0.495648
0.504276
0.498353
0.495923
0.503671
0.497813
0.499636
0.503313
0.498398
0.496085
0.503653
0.498349
0.496021
0.504266
0.498159
0.496069
0.504054
0.497889
0.496114
0.503767
0.500601
0.496368
0.505769
0.500589
0.495754
0.503451
0.498646
0.496128
0.503843
0.498286
0.495731
0.504545
0.498094
0.496388
0.503864
0.497869
0.496315
0.503366
0.50404
0.49857
0.503632
0.498308
0.49622
0.504156
0.498217
0.496187
0.504366
0.497678
0.496147
0.503788
0.49817
0.495922
0.503316
0.498539
0.496114
0.503785
0.498481
0.495932
0.503977
0.498313
0.495932
0.504013
0.498353
0.496
0.504062
0.497817
0.496159
0.503305
0.498455
0.495908
0.503482
0.498295
0.495807
0.504271
0.498389
0.499555
0.504272
0.497983
0.495961
0.503685
0.498295
0.496076
0.503307
0.498205
0.495703
0.503708
0.498509
0.49574
0.50396
0.498201
0.496117
0.504153
0.498306
0.496302
0.503649
0.497857
0.497682
0.503401
0.498663
0.495572
0.503392
0.498305
0.495822
0.504085
0.498803
0.496007
0.503991
0.497976
0.496014
0.503588
0.497869
0.496039
0.503284
0.498619
0.495881
0.503956
0.502196
0.499697
0.504111
0.498115
0.496281
0.504198
0.498296
0.496404
0.503634
0.497708
0.496057
0.503108
0.498258
0.495727
0.503705
0.498456
0.49587
0.504244
0.498379
0.495404
0.504302
0.498265
0.496348
0.505924
0.497944
0.496162
0.503377
0.498456
0.495618
0.503562
0.498172
0.495567
0.504389
0.498243
0.496021
0.504274
0.498191
0.495956
0.504205
0.497541
0.496361
0.503454
0.498495
0.495755
0.503818
0.498556
0.495809
0.504325
0.498386
0.495769
0.503883
0.498019
0.495921
0.503506
0.497897
0.496032
0.503612
0.498382
0.499348
0.503849
0.498738
0.495697
0.504775
0.498203
0.495886
0.503923
0.498216
0.496051
0.503596
0.497791
0.495957
0.50325
0.498482
0.495637
0.503625
0.49819
0.495571
0.505694
0.498485
0.495677
0.503921
0.497954
0.495963
0.503523
0.497913
0.496018
0.503562
0.498538
0.495943
0.503604
0.498651
0.496479
0.503812
0.498234
0.495614
0.511543
0.500217
0.496135
0.503544
0.497946
0.496112
0.503208
0.498622
0.495581
0.503671
0.498291
0.495481
0.504169
0.498388
0.496098
0.504384
0.49258
0.490432
0.497972
0.492909
0.490805
0.492455
0.487668
0.484793
0.492988
0.487908
0.484801
0.493398
0.487278
0.485037
0.493546
0.487401
0.485359
0.492642
0.487107
0.48496
0.492797
0.491575
0.484958
0.493017
0.48728
0.485157
0.493624
0.48743
0.484756
0.493388
0.487177
0.485397
0.49292
0.48716
0.485225
0.492678
0.487516
0.484641
0.492917
0.487455
0.487818
0.493557
0.487287
0.485282
0.493448
0.487145
0.485382
0.493215
0.487206
0.485294
0.492772
0.487578
0.48493
0.492382
0.487753
0.485042
0.492954
0.487578
0.485109
0.502553
0.48766
0.485327
0.492791
0.487152
0.485502
0.492533
0.487276
0.484798
0.493266
0.48778
0.485034
0.493054
0.487359
0.48563
0.493552
0.487421
0.485567
0.492571
0.487341
0.485571
0.49277
0.487694
0.484707
0.492596
0.487481
0.485063
0.493464
0.487698
0.484947
0.493389
0.487219
0.485299
0.492894
0.486995
0.485634
0.492481
0.489543
0.4886
0.492707
0.487823
0.48464
0.493515
0.487314
0.485194
0.493344
0.487619
0.485497
0.492674
0.487006
0.485374
0.492461
0.487741
0.484825
0.492828
0.487291
0.488035
0.493322
0.487415
0.485074
0.49338
0.487762
0.485473
0.492762
0.486914
0.485614
0.492803
0.487581
0.484677
0.492952
0.487933
0.48511
0.493508
0.487494
0.485203
0.501005
0.489104
0.485681
0.492523
0.486705
0.485484
0.492587
0.487381
0.484822
0.492897
0.487646
0.484978
0.493289
0.487711
0.48487
0.493321
0.487164
0.485301
0.49234
0.488216
0.485437
0.492653
0.48751
0.484983
0.492533
0.487429
0.485117
0.493588
0.487459
0.485424
0.493387
0.487264
0.485479
0.494201
0.487206
0.485553
0.492607
0.487388
0.48702
0.492584
0.487606
0.485146
0.493071
0.487678
0.485159
0.49362
0.487087
0.485203
0.492959
0.487267
0.485534
0.492358
0.487114
0.484841
0.492703
0.487584
0.487538
0.493296
0.487497
0.484919
0.493616
0.487318
0.485297
0.492751
0.487224
0.485267
0.492918
0.487478
0.485073
0.492737
0.48759
0.485676
0.493546
0.487442
0.484989
0.500617
0.489024
0.48516
0.492502
0.487246
0.487465
0.492685
0.487601
0.484895
0.492924
0.487628
0.485266
0.493768
0.487338
0.485
0.493406
0.487351
0.485548
0.492773
0.487423
0.485831
0.492275
0.487533
0.485108
0.492609
0.487536
0.484968
0.49348
0.487602
0.485177
0.493559
0.487248
0.4853
0.492514
0.48698
0.485447
0.49247
0.487436
0.486947
0.492695
0.487364
0.485104
0.493298
0.487579
0.485279
0.493569
0.487349
0.485376
0.492687
0.48685
0.485154
0.492606
0.48944
0.484734
0.493144
0.487893
0.485126
0.494932
0.487646
0.485226
0.493581
0.486923
0.485239
0.492912
0.487283
0.485085
0.49277
0.487569
0.485109
0.492506
0.487706
0.485016
0.493484
0.487919
0.485124
0.500391
0.490877
0.48547
0.492776
0.487025
0.485033
0.492496
0.487344
0.484555
0.49326
0.487686
0.48516
0.493268
0.487516
0.485097
0.493244
0.486944
0.485296
0.492773
0.487595
0.485472
0.492206
0.487756
0.484954
0.492968
0.48759
0.484971
0.493735
0.487433
0.484817
0.493406
0.48743
0.485521
0.492699
0.487034
0.485634
0.492622
0.487424
0.489031
0.493289
0.487615
0.485134
0.493302
0.487719
0.485093
0.493372
0.487483
0.48543
0.492805
0.486885
0.485628
0.492668
0.48757
0.484753
0.492761
0.487641
0.485198
0.495018
0.487107
0.485295
0.493157
0.487291
0.485046
0.492609
0.486803
0.485224
0.492899
0.487309
0.484943
0.493224
0.487728
0.485627
0.494317
0.487573
0.484902
0.494894
0.493208
0.485399
0.493143
0.487326
0.485537
0.492731
0.487941
0.485023
0.492682
0.487856
0.485108
0.493238
0.487433
0.484873
0.493289
0.487518
0.485252
0.49295
0.487431
0.485662
0.492241
0.487776
0.484913
0.492891
0.487825
0.485045
0.49364
0.487496
0.484822
0.493803
0.487151
0.485294
0.492882
0.48707
0.485556
0.492526
0.487678
0.488762
0.493255
0.48759
0.485199
0.493713
0.487416
0.485249
0.49327
0.487394
0.485504
0.492776
0.487299
0.485723
0.49296
0.4876
0.484911
0.49291
0.487731
0.485555
0.496358
0.4879
0.485077
0.493359
0.487155
0.485213
0.492882
0.487304
0.485283
0.493017
0.487336
0.484913
0.492762
0.488239
0.485292
0.493757
0.487434
0.48518
0.493504
0.49301
0.485667
0.492688
0.486876
0.485361
0.492952
0.487725
0.484703
0.493069
0.487704
0.485234
0.493463
0.487522
0.485379
0.49358
0.487223
0.485207
0.492924
0.48756
0.486174
0.492782
0.487349
0.48495
0.493229
0.487968
0.485162
0.493326
0.487832
0.484861
0.493565
0.48743
0.485401
0.492981
0.487294
0.485462
0.493078
0.487778
0.49164
0.493127
0.48733
0.484908
0.493437
0.487798
0.485275
0.4935
0.487196
0.485015
0.492805
0.487314
0.485293
0.492908
0.487585
0.485022
0.49294
0.487613
0.485149
0.496241
0.487319
0.485089
0.493467
0.487615
0.485456
0.49297
0.486877
0.485294
0.492903
0.487735
0.485215
0.493147
0.487517
0.48527
0.493537
0.487681
0.48495
0.493166
0.496812
0.48565
0.492852
0.487092
0.485313
0.49271
0.487615
0.485235
0.49311
0.487899
0.485001
0.4936
0.487624
0.485386
0.493828
0.487293
0.485236
0.492586
0.487037
0.485634
0.49323
0.487717
0.485231
0.492887
0.48771
0.485193
0.493485
0.487721
0.485076
0.493476
0.487185
0.485627
0.493035
0.487186
0.485745
0.493007
0.487498
0.488859
0.493319
0.487598
0.484899
0.49378
0.487469
0.485058
0.493765
0.487204
0.485498
0.49309
0.486798
0.48009
0.48782
0.482321
0.479636
0.488114
0.476988
0.474339
0.485305
0.476954
0.474538
0.482864
0.476229
0.474731
0.482063
0.476482
0.47447
0.48232
0.476778
0.474717
0.482657
0.477049
0.474358
0.482879
0.476809
0.474459
0.482968
0.482201
0.477865
0.48221
0.476186
0.474779
0.482367
0.477255
0.474354
0.482398
0.476781
0.474438
0.482546
0.476763
0.474163
0.482966
0.47635
0.47427
0.481946
0.476741
0.474632
0.483339
0.477041
0.474422
0.482681
0.477042
0.474095
0.482755
0.47705
0.474332
0.483034
0.476528
0.474663
0.482272
0.47643
0.474808
0.482605
0.477651
0.474363
0.482829
0.477196
0.474534
0.483246
0.477017
0.482757
0.482815
0.477116
0.474993
0.481926
0.476839
0.474676
0.481752
