1.00407
0.918889
0.835343
0.754219
0.676225
0.601947
0.535202
0.489659
0.461625
0.44656
0.433943
0.416353
0.394709
0.369887
0.342705
0.313913
-0.304683
-0.301046
-0.297546
-0.294173
-0.290914
-0.287762
-0.284708
-0.281746
-0.278869
-0.276071
-0.273347
-0.270693
-0.268105
-0.26558
-0.263113
-0.260702
-0.258344
-0.256037
-0.253779
-0.251566
-0.249398
-0.247272
-0.245187
-0.243141
-0.241132
-0.23916
-0.237224
-0.235321
-0.233451
-0.231612
-0.229804
-0.228026
-0.226276
-0.224555
-0.222861
-0.221192
-0.21955
-0.217932
-0.216339
-0.214768
-0.213221
-0.211696
-0.210193
-0.20871
-0.207248
-0.205807
-0.204384
-0.202981
-0.201596
-0.20023
-0.198881
-0.197549
-0.196234
-0.194935
-0.193653
-0.192386
-0.191134
-0.189897
-0.188675
-0.187468
-0.186274
-0.185093
-0.183927
-0.182773
-0.181632
-0.180503
-0.179387
-0.178282
-0.177189
-0.176108
-0.175038
-0.173979
-0.172931
-0.171893
-0.170865
-0.169848
-0.168841
-0.167843
-0.166855
-0.165876
-0.164907
-0.163946
-0.162995
-0.162052
-0.161117
-0.160191
-0.159273
-0.158363
-0.157461
-0.156567
-0.155681
-0.154802
-0.15393
-0.153066
-0.152208
-0.151358
-0.150515
-0.149678
-0.148848
-0.148025
-0.147208
-0.146398
-0.145593
-0.144795
-0.144003
-0.143217
-0.142437
-0.141663
-0.140894
-0.140131
-0.139373
-0.138621
-0.137875
-0.137134
-0.136398
-0.135667
-0.134941
-0.13422
-0.133504
-0.132793
-0.132087
-0.131386
-0.13069
-0.129998
-0.12931
-0.128628
-0.127949
-0.127276
-0.126606
-0.125941
-0.12528
-0.124623
-0.123971
-0.123323
-0.122678
-0.122038
-0.121402
-0.12077
-0.120141
-0.119517
-0.118896
-0.118279
-0.117666
-0.117057
-0.116451
-0.115849
-0.11525
-0.114655
-0.114064
-0.113476
-0.112892
-0.112311
-0.111733
-0.111159
-0.110588
-0.11002
-0.109456
-0.108894
-0.108337
-0.107782
-0.10723
-0.106682
-0.106137
-0.105594
-0.105055
-0.104519
-0.103986
-0.103456
-0.102928
-0.102404
-0.101883
-0.101364
-0.100848
-0.100336
-0.0998256
-0.0993184
-0.0988139
-0.0983123
-0.0978133
-0.0973171
-0.0968236
-0.0963327
-0.0958445
-0.0953589
-0.094876
-0.0943956
-0.0939178
-0.0934426
-0.0929699
-0.0924998
-0.0920321
-0.0915669
-0.0911043
-0.090644
-0.0901862
-0.0897309
-0.0892779
-0.0888274
-0.0883792
-0.0879333
-0.0874899
-0.0870487
-0.0866099
-0.0861733
-0.0857391
-0.0853071
-0.0848774
-0.0844499
-0.0840247
-0.0836016
-0.0831808
-0.0827621
-0.0823457
-0.0819314
-0.0815192
-0.0811092
-0.0807013
-0.0802955
-0.0798918
-0.0794901
-0.0790906
-0.0786931
-0.0782977
-0.0779043
-0.0775129
-0.0771235
-0.0767362
-0.0763508
-0.0759674
-0.0755859
-0.0752065
-0.0748289
-0.0744533
-0.0740796
-0.0737078
-0.073338
-0.07297
-0.0726039
-0.0722396
-0.0718773
-0.0715167
-0.071158
-0.0708011
-0.0704461
-0.0700928
-0.0697414
-0.0693917
-0.0690438
-0.0686977
-0.0683533
-0.0680107
-0.0676698
-0.0673307
-0.0669932
-0.0666575
-0.0663235
-0.0659912
-0.0656605
-0.0653316
-0.0650042
-0.0646786
-0.0643546
-0.0640322
-0.0637115
-0.0633924
-0.0630749
-0.062759
-0.0624447
-0.0621319
-0.0618208
-0.0615112
-0.0612032
-0.0608967
-0.0605918
-0.0602885
-0.0599866
-0.0596863
-0.0593875
-0.0590902
-0.0587944
-0.0585001
-0.0582072
-0.0579159
-0.057626
-0.0573375
-0.0570505
-0.056765
-0.0564809
-0.0561982
-0.0559169
-0.0556371
-0.0553587
-0.0550816
-0.054806
-0.0545317
-0.0542589
-0.0539873
-0.0537172
-0.0534484
-0.053181
-0.0529149
-0.0526501
-0.0523867
-0.0521246
-0.0518638
-0.0516043
-0.0513461
-0.0510892
-0.0508336
-0.0505793
-0.0503263
-0.0500745
-0.049824
-0.0495748
-0.0493268
-0.04908
-0.0488345
-0.0485902
-0.0483471
-0.0481053
-0.0478647
-0.0476252
-0.047387
-0.04715
-0.0469142
-0.0466795
-0.046446
-0.0462137
-0.0459825
-0.0457525
-0.0455237
-0.045296
-0.0450695
-0.044844
-0.0446198
-0.0443966
-0.0441745
-0.0439536
-0.0437338
-0.043515
-0.0432974
-0.0430809
-0.0428654
-0.042651
-0.0424377
-0.0422255
-0.0420143
-0.0418042
-0.0415951
-0.0413871
-0.0411801
-0.0409742
-0.0407693
-0.0405654
-0.0403625
-0.0401607
-0.0399598
-0.03976
-0.0395612
-0.0393633
-0.0391665
-0.0389706
-0.0387757
-0.0385818
-0.0383889
-0.0381969
-0.0380059
-0.0378159
-0.0376268
-0.0374386
-0.0372514
-0.0370651
-0.0368798
-0.0366953
-0.0365118
-0.0363293
-0.0361476
-0.0359668
-0.035787
-0.035608
-0.03543
-0.0352528
-0.0350765
-0.0349011
-0.0347266
-0.034553
-0.0343802
-0.0342083
-0.0340372
-0.033867
-0.0336977
-0.0335292
-0.0333615
-0.0331947
-0.0330287
-0.0328636
-0.0326992
-0.0325357
-0.032373
-0.0322112
-0.0320501
-0.0318899
-0.0317304
-0.0315717
-0.0314139
-0.0312568
-0.0311005
-0.030945
-0.0307903
-0.0306363
-0.0304831
-0.0303307
-0.0301791
-0.0300282
-0.029878
-0.0297286
-0.02958
-0.0294321
-0.0292849
-0.0291385
-0.0289928
-0.0288478
-0.0287036
-0.0285601
-0.0284173
-0.0282752
-0.0281338
-0.0279931
-0.0278531
-0.0277139
-0.0275753
-0.0274374
-0.0273002
-0.0271637
-0.0270279
-0.0268928
-0.0267583
-0.0266245
-0.0264914
-0.0263589
-0.0262271
-0.026096
-0.0259655
-0.0258357
-0.0257065
-0.025578
-0.0254501
-0.0253228
-0.0251962
-0.0250702
-0.0249449
-0.0248202
-0.0246961
-0.0245726
-0.0244497
-0.0243275
-0.0242058
-0.0240848
-0.0239644
-0.0238446
-0.0237253
-0.0236067
-0.0234887
-0.0233712
-0.0232544
-0.0231381
-0.0230224
-0.0229073
-0.0227928
-0.0226788
-0.0225654
-0.0224526
-0.0223403
-0.0222286
-0.0221175
-0.0220069
-0.0218968
-0.0217874
-0.0216784
-0.02157
-0.0214622
-0.0213549
-0.0212481
-0.0211419
-0.0210361
-0.020931
-0.0208263
-0.0207222
-0.0206186
-0.0205155
-0.0204129
-0.0203108
-0.0202093
-0.0201082
-0.0200077
-0.0199077
-0.0198081
-0.0197091
-0.0196105
-0.0195125
-0.0194149
-0.0193178
-0.0192213
-0.0191251
-0.0190295
-0.0189344
-0.0188397
-0.0187455
-0.0186518
-0.0185585
-0.0184657
-0.0183734
-0.0182815
-0.0181901
-0.0180992
-0.0180087
-0.0179186
-0.017829
-0.0177399
-0.0176512
-0.0175629
-0.0174751
-0.0173878
-0.0173008
-0.0172143
-0.0171282
-0.0170426
-0.0169574
-0.0168726
-0.0167882
-0.0167043
-0.0166208
-0.0165377
-0.016455
-0.0163727
-0.0162908
-0.0162094
-0.0161283
-0.0160477
-0.0159675
-0.0158876
-0.0158082
-0.0157292
-0.0156505
-0.0155723
-0.0154944
-0.0154169
-0.0153398
-0.0152631
-0.0151868
-0.0151109
-0.0150353
-0.0149602
-0.0148854
-0.0148109
-0.0147369
-0.0146632
-0.0145899
-0.0145169
-0.0144444
-0.0143721
-0.0143003
-0.0142288
-0.0141576
-0.0140868
-0.0140164
-0.0139463
-0.0138766
-0.0138072
-0.0137382
-0.0136695
-0.0136011
-0.0135331
-0.0134655
-0.0133981
-0.0133311
-0.0132645
-0.0131982
-0.0131322
-0.0130665
-0.0130012
-0.0129362
-0.0128715
-0.0128071
-0.0127431
-0.0126794
-0.012616
-0.0125529
-0.0124902
-0.0124277
-0.0123656
-0.0123037
-0.0122422
-0.012181
-0.0121201
-0.0120595
-0.0119992
-0.0119392
-0.0118795
-0.0118201
-0.011761
-0.0117022
-0.0116437
-0.0115855
-0.0115276
-0.0114699
-0.0114126
-0.0113555
-0.0112987
-0.0112422
-0.011186
-0.0111301
-0.0110745
-0.0110191
-0.010964
-0.0109092
-0.0108546
-0.0108004
-0.0107464
-0.0106926
-0.0106392
-0.010586
-0.010533
-0.0104804
-0.010428
-0.0103758
-0.010324
-0.0102723
-0.010221
-0.0101699
-0.010119
-0.0100684
-0.0100181
-0.00996799
-0.00991815
-0.00986856
-0.00981922
-0.00977013
-0.00972128
-0.00967267
-0.00962431
-0.00957619
-0.00952831
-0.00948067
-0.00943326
-0.0093861
-0.00933917
-0.00929247
-0.00924601
-0.00919978
-0.00915378
-0.00910801
-0.00906248
-0.00901716
-0.00897208
-0.00892722
-0.00888258
-0.00883817
-0.00879398
-0.00875001
-0.00870626
-0.00866273
-0.00861942
-0.00857632
-0.00853344
-0.00849077
-0.00844832
-0.00840608
-0.00836405
-0.00832223
-0.00828062
-0.00823922
-0.00819802
-0.00815703
-0.00811625
-0.00807567
-0.00803529
-0.00799511
-0.00795514
-0.00791537
-0.00787579
-0.00783641
-0.00779723
-0.00775824
-0.00771945
-0.00768086
-0.00764245
-0.00760424
-0.00756622
-0.00752839
-0.00749075
-0.0074533
-0.00741603
-0.00737895
-0.00734206
-0.00730535
-0.00726882
-0.00723248
-0.00719632
-0.00716033
-0.00712453
-0.00708891
-0.00705347
-0.0070182
-0.00698311
-0.0069482
-0.00691346
-0.00687889
-0.0068445
-0.00681027
-0.00677622
-0.00674234
-0.00670863
-0.00667509
-0.00664171
-0.00660851
-0.00657546
-0.00654259
-0.00650988
-0.00647733
-0.00644494
-0.00641272
-0.00638065
-0.00634875
-0.00631701
-0.00628542
-0.006254
-0.00622273
-0.00619161
-0.00616066
-0.00612986
-0.00609921
-0.00606871
-0.00603837
-0.00600818
-0.00597814
-0.00594825
-0.00591851
-0.00588891
-0.00585947
-0.00583017
-0.00580102
-0.00577202
-0.00574316
-0.00571444
-0.00568587
-0.00565744
-0.00562916
-0.00560101
-0.00557301
-0.00554514
-0.00551742
-0.00548983
-0.00546238
-0.00543507
-0.0054079
-0.00538086
-0.00535396
-0.00532719
-0.00530055
-0.00527405
-0.00524768
-0.00522144
-0.00519534
-0.00516936
-0.00514351
-0.0051178
-0.00509221
-0.00506675
-0.00504141
-0.00501621
-0.00499113
-0.00496617
-0.00494134
-0.00491664
-0.00489205
-0.00486759
-0.00484326
-0.00481904
-0.00479495
-0.00477097
-0.00474712
-0.00472338
-0.00469977
-0.00467627
-0.00465289
-0.00462962
-0.00460648
-0.00458345
-0.00456053
-0.00453773
-0.00451504
-0.00449246
-0.00447
-0.00444765
-0.00442542
-0.00440329
-0.00438127
-0.00435937
-0.00433757
-0.00431588
-0.00429431
-0.00427283
-0.00425147
-0.00423021
-0.00420906
-0.00418802
-0.00416708
-0.00414625
-0.00412551
-0.00410489
-0.00408436
-0.00406394
-0.00404362
-0.00402341
-0.00400329
-0.00398327
-0.00396336
-0.00394354
-0.00392383
-0.00390421
-0.00388469
-0.00386526
-0.00384594
-0.00382671
-0.00380758
-0.00378854
-0.0037696
-0.00375075
-0.003732
-0.00371334
-0.00369477
-0.0036763
-0.00365792
-0.00363963
-0.00362143
-0.00360332
-0.00358531
-0.00356738
-0.00354955
-0.0035318
-0.00351414
-0.00349657
-0.00347909
-0.00346169
-0.00344439
-0.00342716
-0.00341003
-0.00339298
-0.00337602
-0.00335914
-0.00334234
-0.00332563
-0.003309
-0.00329246
-0.003276
-0.00325962
-0.00324332
-0.0032271
-0.00321097
-0.00319491
-0.00317894
-0.00316305
-0.00314723
-0.0031315
-0.00311584
-0.00310026
-0.00308476
-0.00306934
-0.00305399
-0.00303872
-0.00302353
-0.00300841
-0.00299337
-0.0029784
-0.00296351
-0.0029487
-0.00293395
-0.00291928
-0.00290469
-0.00289017
-0.00287572
-0.00286134
-0.00284703
-0.0028328
-0.00281863
-0.00280454
-0.00279052
-0.00277657
-0.00276269
-0.00274887
-0.00273513
-0.00272145
-0.00270785
-0.00269431
-0.00268084
-0.00266743
-0.0026541
-0.00264083
-0.00262762
-0.00261449
-0.00260142
-0.00258841
-0.00257547
-0.00256259
-0.00254978
-0.00253703
-0.00252435
-0.00251172
-0.00249917
-0.00248667
-0.00247424
-0.00246187
-0.00244956
-0.00243731
-0.00242513
-0.002413
-0.00240094
-0.00238893
-0.00237699
-0.0023651
-0.00235328
-0.00234151
-0.00232981
-0.00231816
-0.00230657
-0.00229504
-0.00228356
-0.00227215
-0.00226078
-0.00224948
-0.00223823
-0.00222704
-0.00221591
-0.00220483
-0.00219381
-0.00218284
-0.00217193
-0.00216107
-0.00215026
-0.00213951
-0.00212881
-0.00211817
-0.00210758
-0.00209704
-0.00208656
-0.00207613
-0.00206575
-0.00205542
-0.00204514
-0.00203492
-0.00202474
-0.00201462
-0.00200455
-0.00199453
-0.00198455
-0.00197463
-0.00196476
-0.00195494
-0.00194516
-0.00193544
-0.00192576
-0.00191613
-0.00190655
-0.00189702
-0.00188754
-0.0018781
-0.00186871
-0.00185937
-0.00185007
-0.00184082
-0.00183162
-0.00182246
-0.00181335
-0.00180428
-0.00179526
-0.00178628
-0.00177735
-0.00176847
-0.00175963
-0.00175083
-0.00174208
-0.00173337
-0.0017247
-0.00171608
-0.0017075
-0.00169896
-0.00169047
-0.00168201
-0.0016736
-0.00166524
-0.00165691
-0.00164863
-0.00164039
-0.00163218
-0.00162402
-0.0016159
-0.00160783
-0.00159979
-0.00159179
-0.00158383
-0.00157591
-0.00156803
-0.00156019
-0.00155239
-0.00154463
-0.00153691
-0.00152923
-0.00152158
-0.00151397
-0.0015064
-0.00149887
-0.00149138
-0.00148392
-0.0014765
-0.00146912
-0.00146178
-0.00145447
-0.0014472
-0.00143996
-0.00143276
-0.0014256
-0.00141847
-0.00141138
-0.00140433
-0.0013973
-0.00139032
-0.00138337
-0.00137645
-0.00136957
-0.00136272
-0.00135591
-0.00134913
-0.00134239
-0.00133567
-0.001329
-0.00132235
-0.00131574
-0.00130916
-0.00130262
-0.00129611
-0.00128963
-0.00128318
-0.00127676
-0.00127038
-0.00126403
-0.00125771
-0.00125142
-0.00124516
-0.00123894
-0.00123274
-0.00122658
-0.00122045
-0.00121435
-0.00120828
-0.00120224
-0.00119622
-0.00119024
-0.00118429
-0.00117837
-0.00117248
-0.00116662
-0.00116079
-0.00115498
-0.00114921
-0.00114346
-0.00113775
-0.00113206
-0.0011264
-0.00112077
-0.00111517
-0.00110959
-0.00110404
-0.00109852
-0.00109303
-0.00108757
-0.00108213
-0.00107672
-0.00107134
-0.00106598
-0.00106065
-0.00105535
-0.00105007
-0.00104482
-0.0010396
-0.0010344
-0.00102923
-0.00102409
-0.00101897
-0.00101387
-0.0010088
-0.00100376
-0.000998741
-0.000993748
-0.00098878
-0.000983837
-0.000978919
-0.000974025
-0.000969155
-0.00096431
-0.000959489
-0.000954692
-0.00094992
-0.000945171
-0.000940445
-0.000935744
-0.000931066
-0.000926411
-0.00092178
-0.000917172
-0.000912586
-0.000908024
-0.000903485
-0.000898968
-0.000894474
-0.000890002
-0.000885553
-0.000881126
-0.000876721
-0.000872338
-0.000867977
-0.000863637
-0.00085932
-0.000855024
-0.000850749
-0.000846496
-0.000842264
-0.000838054
-0.000833864
-0.000829696
-0.000825548
-0.000821421
-0.000817314
-0.000813228
-0.000809163
-0.000805118
-0.000801093
-0.000797088
-0.000793103
-0.000789138
-0.000785193
-0.000781268
-0.000777362
-0.000773476
-0.000769609
-0.000765762
-0.000761934
-0.000758125
-0.000754335
-0.000750564
-0.000746811
-0.000743078
-0.000739363
-0.000735667
-0.000731989
-0.00072833
-0.000724689
-0.000721066
-0.000717462
-0.000713875
-0.000710306
-0.000706755
-0.000703222
-0.000699707
-0.000696209
-0.000692728
-0.000689265
-0.00068582
-0.000682391
-0.00067898
-0.000675586
-0.000672208
-0.000668848
-0.000665504
-0.000662178
-0.000658867
-0.000655574
-0.000652296
-0.000649036
-0.000645791
-0.000642563
-0.000639351
-0.000636154
-0.000632974
-0.00062981
-0.000626662
-0.000623529
-0.000620412
-0.000617311
-0.000614225
-0.000611154
-0.000608099
-0.000605059
-0.000602035
-0.000599025
-0.000596031
-0.000593051
-0.000590086
-0.000587137
-0.000584202
-0.000581281
-0.000578375
-0.000575484
-0.000572607
-0.000569745
-0.000566897
-0.000564063
-0.000561243
-0.000558438
-0.000555646
-0.000552869
-0.000550105
-0.000547355
-0.000544619
-0.000541897
-0.000539188
-0.000536492
-0.000533811
-0.000531142
-0.000528487
-0.000525845
-0.000523217
-0.000520601
-0.000517999
-0.00051541
-0.000512833
-0.00051027
-0.000507719
-0.000505181
-0.000502656
-0.000500143
-0.000497643
-0.000495155
-0.00049268
-0.000490218
-0.000487767
-0.000485329
-0.000482903
-0.000480489
-0.000478087
-0.000475697
-0.00047332
-0.000470954
-0.000468599
-0.000466257
-0.000463926
-0.000461607
-0.0004593
-0.000457004
-0.00045472
-0.000452447
-0.000450185
-0.000447935
-0.000445696
-0.000443468
-0.000441251
-0.000439046
-0.000436851
-0.000434668
-0.000432495
-0.000430333
-0.000428182
-0.000426042
-0.000423912
-0.000421793
-0.000419685
-0.000417587
-0.0004155
-0.000413423
-0.000411356
-0.0004093
-0.000407254
-0.000405219
-0.000403193
-0.000401178
-0.000399173
-0.000397178
-0.000395192
-0.000393217
-0.000391252
-0.000389296
-0.00038735
-0.000385414
-0.000383488
-0.000381571
-0.000379664
-0.000377766
-0.000375878
-0.000373999
-0.00037213
-0.00037027
-0.000368419
-0.000366577
-0.000364745
-0.000362922
-0.000361108
-0.000359303
-0.000357507
-0.00035572
-0.000353942
-0.000352173
-0.000350413
-0.000348662
-0.000346919
-0.000345185
-0.00034346
-0.000341743
-0.000340035
-0.000338335
-0.000336644
-0.000334962
-0.000333288
-0.000331622
-0.000329964
-0.000328315
-0.000326674
-0.000325042
-0.000323417
-0.000321801
-0.000320193
-0.000318593
-0.000317
-0.000315416
-0.000313839
-0.000312271
-0.00031071
-0.000309157
-0.000307612
-0.000306075
-0.000304545
-0.000303023
-0.000301509
-0.000300002
-0.000298503
-0.000297011
-0.000295526
-0.000294049
-0.00029258
-0.000291118
-0.000289663
-0.000288215
-0.000286774
-0.000285341
-0.000283915
-0.000282496
-0.000281084
-0.000279679
-0.000278281
-0.000276891
-0.000275507
-0.00027413
-0.00027276
-0.000271397
-0.00027004
-0.000268691
-0.000267348
-0.000266012
-0.000264682
-0.00026336
-0.000262043
-0.000260734
-0.000259431
-0.000258134
-0.000256844
-0.00025556
-0.000254283
-0.000253012
-0.000251748
-0.00025049
-0.000249238
-0.000247992
-0.000246753
-0.00024552
-0.000244293
-0.000243072
-0.000241857
-0.000240649
-0.000239446
-0.000238249
-0.000237059
-0.000235874
-0.000234695
-0.000233522
-0.000232355
-0.000231194
-0.000230039
-0.000228889
-0.000227746
-0.000226608
-0.000225475
-0.000224348
-0.000223227
-0.000222112
-0.000221002
-0.000219898
-0.000218799
-0.000217705
-0.000216617
-0.000215535
-0.000214458
-0.000213386
-0.00021232
-0.000211259
-0.000210203
-0.000209153
-0.000208108
-0.000207068
-0.000206033
-0.000205004
-0.000203979
-0.00020296
-0.000201946
-0.000200937
-0.000199933
-0.000198934
-0.00019794
-0.000196951
-0.000195967
-0.000194987
-0.000194013
-0.000193044
-0.000192079
-0.000191119
-0.000190164
-0.000189214
-0.000188269
-0.000187328
-0.000186392
-0.000185461
-0.000184534
-0.000183612
-0.000182694
-0.000181782
-0.000180873
-0.00017997
-0.00017907
-0.000178176
-0.000177285
-0.0001764
-0.000175518
-0.000174641
-0.000173769
-0.0001729
-0.000172037
-0.000171177
-0.000170322
-0.000169471
-0.000168624
-0.000167781
-0.000166943
-0.000166109
-0.000165279
-0.000164453
-0.000163632
-0.000162814
-0.000162001
-0.000161191
-0.000160386
-0.000159585
-0.000158787
-0.000157994
-0.000157205
-0.000156419
-0.000155638
-0.00015486
-0.000154087
-0.000153317
-0.000152551
-0.000151789
-0.000151031
-0.000150276
-0.000149525
-0.000148778
-0.000148035
-0.000147295
-0.00014656
-0.000145827
-0.000145099
-0.000144374
-0.000143653
-0.000142935
-0.000142221
-0.000141511
-0.000140804
-0.0001401
-0.0001394
-0.000138704
-0.000138011
-0.000137322
-0.000136636
-0.000135953
-0.000135274
-0.000134598
-0.000133926
-0.000133257
-0.000132591
-0.000131929
-0.00013127
-0.000130614
-0.000129962
-0.000129313
-0.000128667
-0.000128024
-0.000127384
-0.000126748
-0.000126115
-0.000125485
-0.000124858
-0.000124235
-0.000123614
-0.000122997
-0.000122382
-0.000121771
-0.000121163
-0.000120558
-0.000119955
-0.000119356
-0.00011876
-0.000118167
-0.000117577
-0.000116989
-0.000116405
-0.000115824
-0.000115245
-0.00011467
-0.000114097
-0.000113527
-0.00011296
-0.000112396
-0.000111835
-0.000111276
-0.00011072
-0.000110167
-0.000109617
-0.00010907
-0.000108525
-0.000107983
-0.000107444
-0.000106907
-0.000106373
-0.000105842
-0.000105313
-0.000104787
-0.000104264
-0.000103743
-0.000103225
-0.00010271
-0.000102197
-0.000101686
-0.000101179
-0.000100673
-0.000100171
-9.96704e-05
-9.91727e-05
-9.86774e-05
-9.81847e-05
-9.76944e-05
-9.72065e-05
-9.67211e-05
-9.62381e-05
-9.57576e-05
-9.52794e-05
-9.48036e-05
-9.43302e-05
-9.38592e-05
-9.33905e-05
-9.29242e-05
-9.24602e-05
-9.19985e-05
-9.15392e-05
-9.10821e-05
-9.06273e-05
-9.01748e-05
-8.97245e-05
-8.92765e-05
-8.88308e-05
-8.83872e-05
-8.79459e-05
-8.75068e-05
-8.70699e-05
-8.66352e-05
-8.62026e-05
-8.57722e-05
-8.5344e-05
-8.49179e-05
-8.44939e-05
-8.40721e-05
-8.36524e-05
-8.32347e-05
-8.28192e-05
-8.24057e-05
-8.19943e-05
-8.15849e-05
-8.11776e-05
-8.07724e-05
-8.03691e-05
-7.99679e-05
-7.95687e-05
-7.91715e-05
-7.87762e-05
-7.8383e-05
-7.79917e-05
-7.76023e-05
-7.7215e-05
-7.68295e-05
-7.6446e-05
-7.60644e-05
-7.56847e-05
-7.53069e-05
-7.4931e-05
-7.45569e-05
-7.41848e-05
-7.38145e-05
-7.3446e-05
-7.30794e-05
-7.27146e-05
-7.23517e-05
-7.19905e-05
-7.16312e-05
-7.12737e-05
-7.09179e-05
-7.0564e-05
-7.02118e-05
-6.98613e-05
-6.95126e-05
-6.91659e-05
-6.88208e-05
-6.84774e-05
-6.81357e-05
-6.77959e-05
-6.74577e-05
-6.71212e-05
-6.67863e-05
-6.64531e-05
-6.61215e-05
-6.57915e-05
-6.54632e-05
-6.51365e-05
-6.48114e-05
-6.44879e-05
-6.41661e-05
-6.38459e-05
-6.35272e-05
-6.32102e-05
-6.28947e-05
-6.25808e-05
-6.22684e-05
-6.19577e-05
-6.16484e-05
-6.13407e-05
-6.10346e-05
-6.073e-05
-6.0427e-05
-6.01254e-05
-5.98254e-05
-5.95268e-05
-5.92298e-05
-5.89342e-05
-5.86402e-05
-5.83476e-05
-5.80564e-05
-5.77668e-05
-5.74785e-05
-5.71918e-05
-5.69064e-05
-5.66226e-05
-5.63401e-05
-5.6059e-05
-5.57794e-05
-5.55011e-05
-5.52243e-05
-5.49488e-05
-5.46747e-05
-5.44019e-05
-5.41305e-05
-5.38605e-05
-5.35918e-05
-5.33245e-05
-5.30585e-05
-5.27938e-05
-5.25304e-05
-5.22683e-05
-5.20076e-05
-5.17482e-05
-5.149e-05
-5.12332e-05
-5.09776e-05
-5.07233e-05
-5.04703e-05
-5.02185e-05
-4.9968e-05
-4.97188e-05
-4.94708e-05
-4.9224e-05
-4.89785e-05
-4.87342e-05
-4.84911e-05
-4.82492e-05
-4.80086e-05
-4.77691e-05
-4.75309e-05
-4.72938e-05
-4.7058e-05
-4.68233e-05
-4.65897e-05
-4.63574e-05
-4.61262e-05
-4.58962e-05
-4.56673e-05
-4.54395e-05
-4.52129e-05
-4.49875e-05
-4.47631e-05
-4.45399e-05
-4.43178e-05
-4.40968e-05
-4.38769e-05
-4.36581e-05
-4.34405e-05
-4.32239e-05
-4.30083e-05
-4.27939e-05
-4.25805e-05
-4.23682e-05
-4.2157e-05
-4.19468e-05
-4.17377e-05
-4.15296e-05
-4.13226e-05
-4.11166e-05
-4.09116e-05
-4.07076e-05
-4.05047e-05
-4.03028e-05
-4.01019e-05
-3.9902e-05
-3.97031e-05
-3.95052e-05
-3.93083e-05
-3.91123e-05
-3.89174e-05
-3.87234e-05
-3.85304e-05
-3.83384e-05
-3.81473e-05
-3.79572e-05
-3.7768e-05
-3.75798e-05
-3.73925e-05
-3.72062e-05
-3.70207e-05
-3.68362e-05
-3.66527e-05
-3.647e-05
-3.62883e-05
-3.61075e-05
-3.59276e-05
-3.57485e-05
-3.55704e-05
-3.53932e-05
-3.52168e-05
-3.50414e-05
-3.48668e-05
-3.4693e-05
-3.45202e-05
-3.43482e-05
-3.41771e-05
-3.40068e-05
-3.38374e-05
-3.36688e-05
-3.35011e-05
-3.33342e-05
-3.31682e-05
-3.30029e-05
-3.28385e-05
-3.2675e-05
-3.25122e-05
-3.23503e-05
-3.21891e-05
-3.20288e-05
-3.18693e-05
-3.17105e-05
-3.15526e-05
-3.13955e-05
-3.12391e-05
-3.10835e-05
-3.09287e-05
-3.07747e-05
-3.06214e-05
-3.04689e-05
-3.03172e-05
-3.01662e-05
-3.0016e-05
-2.98666e-05
-2.97178e-05
-2.95699e-05
-2.94226e-05
-2.92761e-05
-2.91304e-05
-2.89853e-05
-2.8841e-05
-2.86974e-05
-2.85546e-05
-2.84124e-05
-2.8271e-05
-2.81302e-05
-2.79902e-05
-2.78508e-05
-2.77122e-05
-2.75743e-05
-2.7437e-05
-2.73004e-05
-2.71645e-05
-2.70293e-05
-2.68948e-05
-2.67609e-05
-2.66278e-05
-2.64952e-05
-2.63634e-05
-2.62322e-05
-2.61016e-05
-2.59717e-05
-2.58425e-05
-2.57139e-05
-2.55859e-05
-2.54586e-05
-2.53319e-05
-2.52059e-05
-2.50805e-05
-2.49557e-05
-2.48315e-05
-2.4708e-05
-2.4585e-05
-2.44627e-05
-2.4341e-05
-2.42199e-05
-2.40995e-05
-2.39796e-05
-2.38603e-05
-2.37416e-05
-2.36235e-05
-2.3506e-05
-2.33891e-05
-2.32727e-05
-2.3157e-05
-2.30418e-05
-2.29272e-05
-2.28132e-05
-2.26997e-05
-2.25869e-05
-2.24745e-05
-2.23628e-05
-2.22516e-05
-2.21409e-05
-2.20308e-05
-2.19213e-05
-2.18123e-05
-2.17039e-05
-2.15959e-05
-2.14886e-05
-2.13817e-05
-2.12755e-05
-2.11697e-05
-2.10644e-05
-2.09597e-05
-2.08555e-05
-2.07519e-05
-2.06487e-05
-2.05461e-05
-2.0444e-05
-2.03424e-05
-2.02413e-05
-2.01407e-05
-2.00406e-05
-1.9941e-05
-1.98419e-05
-1.97433e-05
-1.96452e-05
-1.95476e-05
-1.94505e-05
-1.93538e-05
-1.92577e-05
-1.9162e-05
-1.90668e-05
-1.89721e-05
-1.88778e-05
-1.8784e-05
-1.86907e-05
-1.85979e-05
-1.85055e-05
-1.84136e-05
-1.83221e-05
-1.82311e-05
-1.81406e-05
-1.80505e-05
-1.79608e-05
-1.78716e-05
-1.77829e-05
-1.76946e-05
-1.76067e-05
-1.75193e-05
-1.74323e-05
-1.73458e-05
-1.72596e-05
-1.7174e-05
-1.70887e-05
-1.70039e-05
-1.69194e-05
-1.68355e-05
-1.67519e-05
-1.66687e-05
-1.6586e-05
-1.65037e-05
-1.64218e-05
-1.63403e-05
-1.62592e-05
-1.61785e-05
-1.60982e-05
-1.60183e-05
-1.59388e-05
-1.58598e-05
-1.57811e-05
-1.57028e-05
-1.56249e-05
-1.55474e-05
-1.54702e-05
-1.53935e-05
-1.53171e-05
-1.52411e-05
-1.51655e-05
-1.50903e-05
-1.50155e-05
-1.49422e-05
-1.48681e-05
-1.47945e-05
-1.47215e-05
-1.46489e-05
-1.45766e-05
-1.45045e-05
-1.44326e-05
-1.4361e-05
-1.42896e-05
-1.42186e-05
-1.41478e-05
-1.40774e-05
-1.40073e-05
-1.39376e-05
-1.38682e-05
-1.37992e-05
-1.37306e-05
-1.36624e-05
-1.35945e-05
-1.3527e-05
-1.34599e-05
-1.33931e-05
-1.33267e-05
-1.32606e-05
-1.31949e-05
-1.31296e-05
-1.30645e-05
-1.29998e-05
-1.29355e-05
-1.28714e-05
-1.28077e-05
-1.27442e-05
-1.26811e-05
-1.26183e-05
-1.25559e-05
-1.24937e-05
-1.24319e-05
-1.23704e-05
-1.23091e-05
-1.22482e-05
-1.21876e-05
-1.21273e-05
-1.20673e-05
-1.20076e-05
-1.19482e-05
-1.18891e-05
-1.18303e-05
-1.17718e-05
-1.17136e-05
-1.16556e-05
-1.1598e-05
-1.15406e-05
-1.14835e-05
-1.14267e-05
-1.13702e-05
-1.13139e-05
-1.1258e-05
-1.12023e-05
-1.11469e-05
-1.10918e-05
-1.1037e-05
-1.09824e-05
-1.09281e-05
-1.08741e-05
-1.08203e-05
-1.07668e-05
-1.07136e-05
-1.06606e-05
-1.06079e-05
-1.05555e-05
-1.05033e-05
-1.04514e-05
-1.03997e-05
-1.03484e-05
-1.02972e-05
-1.02463e-05
-1.01957e-05
-1.01453e-05
-1.00952e-05
-1.00454e-05
-9.99574e-06
-9.94637e-06
-9.89725e-06
-9.84837e-06
-9.79974e-06
-9.75135e-06
-9.7032e-06
-9.6553e-06
-9.60763e-06
-9.56021e-06
-9.51302e-06
-9.46606e-06
-9.41935e-06
-9.37286e-06
-9.32661e-06
-9.28059e-06
-9.2348e-06
-9.18923e-06
-9.1439e-06
-9.09879e-06
-9.05391e-06
-9.00925e-06
-8.96482e-06
-8.9206e-06
-8.87661e-06
-8.83284e-06
-8.78928e-06
-8.74595e-06
-8.70283e-06
-8.65992e-06
-8.61723e-06
-8.57475e-06
-8.53249e-06
-8.49043e-06
-8.44859e-06
-8.40695e-06
-8.36552e-06
-8.3243e-06
-8.28329e-06
-8.24248e-06
-8.20187e-06
-8.16147e-06
-8.12126e-06
-8.08126e-06
-8.04146e-06
-8.00186e-06
-7.96245e-06
-7.92324e-06
-7.88423e-06
-7.84541e-06
-7.80679e-06
-7.76836e-06
-7.73012e-06
-7.69207e-06
-7.65421e-06
-7.61655e-06
