1.0824
0.848371
-0.790849
-0.77024
-0.750573
-0.731728
-0.713619
-0.696187
-0.679391
-0.663205
-0.64761
-0.632592
-0.618142
-0.604248
-0.590901
-0.578089
-0.566009
-0.557332
-0.55159
-0.546208
-0.540251
-0.533833
-0.527051
-0.519997
-0.512749
-0.505377
-0.49794
-0.490491
-0.483071
-0.475718
-0.46846
-0.461322
-0.454321
-0.447472
-0.440786
-0.434268
-0.427924
-0.421755
-0.415762
-0.409944
-0.404297
-0.398818
-0.393504
-0.388349
-0.383349
-0.378498
-0.373791
-0.369222
-0.364786
-0.360478
-0.356292
-0.352223
-0.348266
-0.344417
-0.340671
-0.337022
-0.333468
-0.330004
-0.326627
-0.323331
-0.320115
-0.316975
-0.313907
-0.310909
-0.307977
-0.305109
-0.302303
-0.299556
-0.296865
-0.294229
-0.291645
-0.289112
-0.286627
-0.284188
-0.281795
-0.279445
-0.277137
-0.274869
-0.27264
-0.270448
-0.268293
-0.266172
-0.264086
-0.262032
-0.26001
-0.258019
-0.256057
-0.254125
-0.25222
-0.250342
-0.248491
-0.246665
-0.244864
-0.243087
-0.241333
-0.239603
-0.237894
-0.236207
-0.234541
-0.232895
-0.231269
-0.229663
-0.228075
-0.226506
-0.224955
-0.223422
-0.221906
-0.220407
-0.218924
-0.217457
-0.216006
-0.21457
-0.21315
-0.211744
-0.210353
-0.208975
-0.207612
-0.206262
-0.204926
-0.203603
-0.202292
-0.200995
-0.199709
-0.198436
-0.197175
-0.195926
-0.194688
-0.193462
-0.192247
-0.191043
-0.18985
-0.188668
-0.187496
-0.186334
-0.185183
-0.184042
-0.182911
-0.181789
-0.180678
-0.179575
-0.178483
-0.177399
-0.176325
-0.17526
-0.174204
-0.173156
-0.172117
-0.171087
-0.170066
-0.169052
-0.168048
-0.167051
-0.166062
-0.165082
-0.164109
-0.163144
-0.162187
-0.161238
-0.160296
-0.159362
-0.158435
-0.157515
-0.156603
-0.155698
-0.1548
-0.153908
-0.153024
-0.152147
-0.151277
-0.150413
-0.149556
-0.148705
-0.147861
-0.147024
-0.146193
-0.145368
-0.144549
-0.143736
-0.14293
-0.14213
-0.141335
-0.140547
-0.139764
-0.138987
-0.138216
-0.137451
-0.136691
-0.135937
-0.135188
-0.134444
-0.133706
-0.132974
-0.132246
-0.131524
-0.130807
-0.130094
-0.129387
-0.128685
-0.127988
-0.127296
-0.126608
-0.125925
-0.125247
-0.124574
-0.123905
-0.12324
-0.122581
-0.121925
-0.121274
-0.120628
-0.119985
-0.119347
-0.118714
-0.118084
-0.117459
-0.116837
-0.11622
-0.115606
-0.114997
-0.114391
-0.11379
-0.113192
-0.112598
-0.112008
-0.111421
-0.110839
-0.110259
-0.109684
-0.109112
-0.108543
-0.107978
-0.107417
-0.106859
-0.106304
-0.105753
-0.105205
-0.10466
-0.104119
-0.10358
-0.103045
-0.102514
-0.101985
-0.101459
-0.100937
-0.100418
-0.0999013
-0.0993879
-0.0988776
-0.0983701
-0.0978657
-0.0973641
-0.0968653
-0.0963695
-0.0958764
-0.0953862
-0.0948988
-0.0944141
-0.0939321
-0.0934528
-0.0929763
-0.0925024
-0.0920311
-0.0915625
-0.0910964
-0.090633
-0.0901721
-0.0897137
-0.0892579
-0.0888046
-0.0883537
-0.0879053
-0.0874594
-0.0870159
-0.0865748
-0.0861361
-0.0856997
-0.0852658
-0.0848341
-0.0844048
-0.0839778
-0.0835531
-0.0831306
-0.0827105
-0.0822925
-0.0818768
-0.0814633
-0.081052
-0.0806428
-0.0802359
-0.0798311
-0.0794284
-0.0790278
-0.0786294
-0.078233
-0.0778388
-0.0774466
-0.0770564
-0.0766683
-0.0762823
-0.0758982
-0.0755162
-0.0751361
-0.074758
-0.0743819
-0.0740077
-0.0736355
-0.0732652
-0.0728969
-0.0725304
-0.0721658
-0.0718031
-0.0714423
-0.0710834
-0.0707263
-0.070371
-0.0700176
-0.0696659
-0.0693161
-0.0689681
-0.0686219
-0.0682774
-0.0679347
-0.0675938
-0.0672546
-0.0669171
-0.0665814
-0.0662474
-0.0659151
-0.0655845
-0.0652555
-0.0649283
-0.0646027
-0.0642788
-0.0639565
-0.0636358
-0.0633168
-0.0629994
-0.0626837
-0.0623695
-0.0620569
-0.0617459
-0.0614365
-0.0611287
-0.0608224
-0.0605176
-0.0602144
-0.0599128
-0.0596127
-0.0593141
-0.059017
-0.0587214
-0.0584273
-0.0581346
-0.0578435
-0.0575538
-0.0572656
-0.0569789
-0.0566936
-0.0564097
-0.0561273
-0.0558463
-0.0555667
-0.0552885
-0.0550117
-0.0547363
-0.0544624
-0.0541897
-0.0539185
-0.0536486
-0.0533801
-0.0531129
-0.0528471
-0.0525826
-0.0523195
-0.0520576
-0.0517971
-0.0515379
-0.05128
-0.0510234
-0.0507681
-0.050514
-0.0502613
-0.0500098
-0.0497596
-0.0495106
-0.0492629
-0.0490164
-0.0487712
-0.0485272
-0.0482844
-0.0480428
-0.0478025
-0.0475633
-0.0473254
-0.0470886
-0.0468531
-0.0466187
-0.0463855
-0.0461535
-0.0459226
-0.0456929
-0.0454643
-0.0452369
-0.0450106
-0.0447855
-0.0445615
-0.0443386
-0.0441168
-0.0438961
-0.0436766
-0.0434581
-0.0432408
-0.0430245
-0.0428093
-0.0425952
-0.0423822
-0.0421702
-0.0419593
-0.0417494
-0.0415406
-0.0413329
-0.0411261
-0.0409205
-0.0407158
-0.0405122
-0.0403096
-0.040108
-0.0399074
-0.0397078
-0.0395093
-0.0393117
-0.0391151
-0.0389195
-0.0387248
-0.0385312
-0.0383385
-0.0381468
-0.037956
-0.0377662
-0.0375773
-0.0373894
-0.0372024
-0.0370164
-0.0368313
-0.0366471
-0.0364639
-0.0362815
-0.0361001
-0.0359196
-0.0357399
-0.0355612
-0.0353834
-0.0352065
-0.0350304
-0.0348552
-0.034681
-0.0345075
-0.034335
-0.0341633
-0.0339925
-0.0338225
-0.0336534
-0.0334851
-0.0333177
-0.0331511
-0.0329853
-0.0328204
-0.0326563
-0.032493
-0.0323305
-0.0321688
-0.032008
-0.0318479
-0.0316887
-0.0315302
-0.0313726
-0.0312157
-0.0310596
-0.0309043
-0.0307498
-0.030596
-0.0304431
-0.0302908
-0.0301394
-0.0299887
-0.0298387
-0.0296895
-0.0295411
-0.0293934
-0.0292464
-0.0291002
-0.0289547
-0.0288099
-0.0286658
-0.0285225
-0.0283799
-0.028238
-0.0280968
-0.0279563
-0.0278165
-0.0276774
-0.027539
-0.0274013
-0.0272643
-0.027128
-0.0269924
-0.0268574
-0.0267231
-0.0265895
-0.0264565
-0.0263243
-0.0261926
-0.0260617
-0.0259314
-0.0258017
-0.0256727
-0.0255443
-0.0254166
-0.0252895
-0.0251631
-0.0250373
-0.0249121
-0.0247875
-0.0246636
-0.0245403
-0.0244176
-0.0242955
-0.024174
-0.0240531
-0.0239329
-0.0238132
-0.0236941
-0.0235757
-0.0234578
-0.0233405
-0.0232238
-0.0231077
-0.0229921
-0.0228772
-0.0227628
-0.022649
-0.0225357
-0.022423
-0.0223109
-0.0221994
-0.0220884
-0.0219779
-0.021868
-0.0217587
-0.0216499
-0.0215417
-0.0214339
-0.0213268
-0.0212201
-0.021114
-0.0210085
-0.0209034
-0.0207989
-0.0206949
-0.0205914
-0.0204885
-0.020386
-0.0202841
-0.0201827
-0.0200818
-0.0199814
-0.0198815
-0.0197821
-0.0196832
-0.0195847
-0.0194868
-0.0193894
-0.0192924
-0.019196
-0.0191
-0.0190045
-0.0189095
-0.0188149
-0.0187208
-0.0186272
-0.0185341
-0.0184414
-0.0183492
-0.0182575
-0.0181662
-0.0180754
-0.017985
-0.0178951
-0.0178056
-0.0177166
-0.017628
-0.0175398
-0.0174521
-0.0173649
-0.0172781
-0.0171917
-0.0171057
-0.0170202
-0.0169351
-0.0168504
-0.0167662
-0.0166823
-0.0165989
-0.0165159
-0.0164333
-0.0163512
-0.0162694
-0.0161881
-0.0161071
-0.0160266
-0.0159465
-0.0158667
-0.0157874
-0.0157085
-0.0156299
-0.0155518
-0.015474
-0.0153967
-0.0153197
-0.0152431
-0.0151669
-0.015091
-0.0150156
-0.0149405
-0.0148658
-0.0147915
-0.0147175
-0.0146439
-0.0145707
-0.0144978
-0.0144254
-0.0143532
-0.0142815
-0.0142101
-0.014139
-0.0140683
-0.013998
-0.013928
-0.0138583
-0.0137891
-0.0137201
-0.0136515
-0.0135833
-0.0135153
-0.0134478
-0.0133805
-0.0133136
-0.0132471
-0.0131808
-0.0131149
-0.0130493
-0.0129841
-0.0129192
-0.0128546
-0.0127903
-0.0127264
-0.0126627
-0.0125994
-0.0125364
-0.0124737
-0.0124114
-0.0123493
-0.0122876
-0.0122261
-0.012165
-0.0121042
-0.0120437
-0.0119834
-0.0119235
-0.0118639
-0.0118046
-0.0117456
-0.0116868
-0.0116284
-0.0115703
-0.0115124
-0.0114548
-0.0113976
-0.0113406
-0.0112839
-0.0112275
-0.0111713
-0.0111155
-0.0110599
-0.0110046
-0.0109496
-0.0108948
-0.0108404
-0.0107862
-0.0107322
-0.0106786
-0.0106252
-0.010572
-0.0105192
-0.0104666
-0.0104143
-0.0103622
-0.0103104
-0.0102588
-0.0102075
-0.0101565
-0.0101057
-0.0100552
-0.0100049
-0.00995489
-0.00990512
-0.00985559
-0.00980631
-0.00975728
-0.0097085
-0.00965995
-0.00961166
-0.0095636
-0.00951578
-0.0094682
-0.00942086
-0.00937376
-0.00932689
-0.00928026
-0.00923386
-0.00918769
-0.00914175
-0.00909604
-0.00905056
-0.00900531
-0.00896028
-0.00891548
-0.00887091
-0.00882655
-0.00878242
-0.00873851
-0.00869482
-0.00865134
-0.00860809
-0.00856505
-0.00852222
-0.00847961
-0.00843722
-0.00839503
-0.00835306
-0.00831129
-0.00826974
-0.00822839
-0.00818725
-0.00814631
-0.00810558
-0.00806505
-0.00802473
-0.00798461
-0.00794468
-0.00790496
-0.00786544
-0.00782611
-0.00778698
-0.00774805
-0.00770931
-0.00767076
-0.00763241
-0.00759425
-0.00755628
-0.0075185
-0.0074809
-0.0074435
-0.00740628
-0.00736925
-0.00733241
-0.00729575
-0.00725927
-0.00722297
-0.00718686
-0.00715092
-0.00711517
-0.0070796
-0.0070442
-0.00700898
-0.00697393
-0.00693906
-0.00690437
-0.00686985
-0.0068355
-0.00680132
-0.00676732
-0.00673348
-0.00669981
-0.00666632
-0.00663299
-0.00659982
-0.00656682
-0.00653399
-0.00650132
-0.00646881
-0.00643647
-0.00640429
-0.00637227
-0.00634041
-0.00630871
-0.00627716
-0.00624578
-0.00621455
-0.00618348
-0.00615256
-0.0061218
-0.00609119
-0.00606074
-0.00603043
-0.00600028
-0.00597028
-0.00594043
-0.00591073
-0.00588118
-0.00585177
-0.00582251
-0.0057934
-0.00576443
-0.00573561
-0.00570694
-0.0056784
-0.00565001
-0.00562176
-0.00559365
-0.00556569
-0.00553786
-0.00551017
-0.00548262
-0.00545521
-0.00542793
-0.00540079
-0.00537379
-0.00534692
-0.00532019
-0.00529359
-0.00526712
-0.00524078
-0.00521458
-0.00518851
-0.00516257
-0.00513676
-0.00511107
-0.00508552
-0.00506009
-0.00503479
-0.00500962
-0.00498457
-0.00495965
-0.00493485
-0.00491018
-0.00488563
-0.0048612
-0.00483689
-0.00481271
-0.00478865
-0.00476471
-0.00474088
-0.00471718
-0.00469359
-0.00467013
-0.00464678
-0.00462354
-0.00460043
-0.00457742
-0.00455454
-0.00453177
-0.00450911
-0.00448656
-0.00446413
-0.00444181
-0.0044196
-0.00439751
-0.00437552
-0.00435364
-0.00433187
-0.00431022
-0.00428867
-0.00426722
-0.00424589
-0.00422466
-0.00420354
-0.00418252
-0.00416161
-0.0041408
-0.0041201
-0.0040995
-0.004079
-0.00405861
-0.00403831
-0.00401812
-0.00399803
-0.00397804
-0.00395815
-0.00393836
-0.00391867
-0.00389908
-0.00387958
-0.00386019
-0.00384089
-0.00382168
-0.00380258
-0.00378356
-0.00376465
-0.00374582
-0.0037271
-0.00370846
-0.00368992
-0.00367147
-0.00365311
-0.00363485
-0.00361668
-0.00359859
-0.0035806
-0.0035627
-0.00354488
-0.00352716
-0.00350953
-0.00349198
-0.00347452
-0.00345715
-0.00343986
-0.00342266
-0.00340555
-0.00338852
-0.00337158
-0.00335473
-0.00333795
-0.00332126
-0.00330466
-0.00328814
-0.0032717
-0.00325534
-0.00323906
-0.00322287
-0.00320675
-0.00319072
-0.00317477
-0.00315889
-0.0031431
-0.00312739
-0.00311175
-0.00309619
-0.00308071
-0.00306531
-0.00304998
-0.00303473
-0.00301956
-0.00300446
-0.00298944
-0.0029745
-0.00295962
-0.00294483
-0.0029301
-0.00291545
-0.00290088
-0.00288637
-0.00287194
-0.00285758
-0.0028433
-0.00282908
-0.00281493
-0.00280086
-0.00278686
-0.00277292
-0.00275906
-0.00274526
-0.00273154
-0.00271788
-0.00270429
-0.00269077
-0.00267732
-0.00266393
-0.00265061
-0.00263736
-0.00262418
-0.00261106
-0.002598
-0.00258501
-0.00257209
-0.00255923
-0.00254643
-0.0025337
-0.00252103
-0.00250843
-0.00249589
-0.00248341
-0.00247099
-0.00245864
-0.00244635
-0.00243411
-0.00242194
-0.00240984
-0.00239779
-0.0023858
-0.00237387
-0.002362
-0.00235019
-0.00233844
-0.00232675
-0.00231512
-0.00230354
-0.00229203
-0.00228057
-0.00226916
-0.00225782
-0.00224653
-0.0022353
-0.00222412
-0.002213
-0.00220194
-0.00219093
-0.00217998
-0.00216908
-0.00215823
-0.00214744
-0.00213671
-0.00212602
-0.00211539
-0.00210482
-0.00209429
-0.00208382
-0.0020734
-0.00206304
-0.00205272
-0.00204246
-0.00203225
-0.00202209
-0.00201198
-0.00200192
-0.00199191
-0.00198195
-0.00197204
-0.00196218
-0.00195237
-0.00194261
-0.0019329
-0.00192324
-0.00191362
-0.00190405
-0.00189453
-0.00188506
-0.00187564
-0.00186626
-0.00185693
-0.00184764
-0.00183841
-0.00182922
-0.00182007
-0.00181097
-0.00180192
-0.00179291
-0.00178394
-0.00177502
-0.00176615
-0.00175732
-0.00174853
-0.00173979
-0.00173109
-0.00172244
-0.00171383
-0.00170526
-0.00169673
-0.00168825
-0.00167981
-0.00167141
-0.00166306
-0.00165474
-0.00164647
-0.00163824
-0.00163005
-0.0016219
-0.00161379
-0.00160572
-0.00159769
-0.0015897
-0.00158176
-0.00157385
-0.00156598
-0.00155815
-0.00155036
-0.00154261
-0.0015349
-0.00152722
-0.00151959
-0.00151199
-0.00150443
-0.00149691
-0.00148943
-0.00148198
-0.00147457
-0.0014672
-0.00145986
-0.00145256
-0.0014453
-0.00143808
-0.00143089
-0.00142373
-0.00141662
-0.00140953
-0.00140249
-0.00139547
-0.0013885
-0.00138156
-0.00137465
-0.00136778
-0.00136094
-0.00135413
-0.00134736
-0.00134063
-0.00133393
-0.00132726
-0.00132062
-0.00131402
-0.00130745
-0.00130091
-0.00129441
-0.00128794
-0.0012815
-0.00127509
-0.00126872
-0.00126237
-0.00125606
-0.00124978
-0.00124353
-0.00123732
-0.00123113
-0.00122498
-0.00121885
-0.00121276
-0.00120669
-0.00120066
-0.00119466
-0.00118869
-0.00118274
-0.00117683
-0.00117095
-0.00116509
-0.00115927
-0.00115347
-0.00114771
-0.00114197
-0.00113626
-0.00113058
-0.00112493
-0.0011193
-0.00111371
-0.00110814
-0.0011026
-0.00109709
-0.0010916
-0.00108614
-0.00108071
-0.00107531
-0.00106994
-0.00106459
-0.00105926
-0.00105397
-0.0010487
-0.00104346
-0.00103824
-0.00103305
-0.00102789
-0.00102275
-0.00101763
-0.00101255
-0.00100748
-0.00100245
-0.000997436
-0.000992449
-0.000987488
-0.000982551
-0.000977639
-0.000972752
-0.000967888
-0.00096305
-0.000958235
-0.000953445
-0.000948678
-0.000943936
-0.000939217
-0.000934521
-0.000929849
-0.000925201
-0.000920575
-0.000915973
-0.000911394
-0.000906838
-0.000902304
-0.000897793
-0.000893305
-0.000888839
-0.000884396
-0.000879975
-0.000875575
-0.000871198
-0.000866843
-0.000862509
-0.000858198
-0.000853907
-0.000849638
-0.000845391
-0.000841165
-0.00083696
-0.000832775
-0.000828612
-0.00082447
-0.000820348
-0.000816247
-0.000812167
-0.000808107
-0.000804067
-0.000800047
-0.000796047
-0.000792068
-0.000788108
-0.000784168
-0.000780248
-0.000776348
-0.000772467
-0.000768605
-0.000764763
-0.00076094
-0.000757136
-0.000753351
-0.000749584
-0.000745837
-0.000742109
-0.000738399
-0.000734708
-0.000731035
-0.00072738
-0.000723744
-0.000720126
-0.000716526
-0.000712944
-0.00070938
-0.000705834
-0.000702305
-0.000698794
-0.000695301
-0.000691825
-0.000688367
-0.000684926
-0.000681502
-0.000678095
-0.000674705
-0.000671332
-0.000667976
-0.000664637
-0.000661315
-0.000658009
-0.000654719
-0.000651447
-0.00064819
-0.00064495
-0.000641726
-0.000638518
-0.000635326
-0.00063215
-0.00062899
-0.000625845
-0.000622717
-0.000619604
-0.000616507
-0.000613425
-0.000610358
-0.000607307
-0.000604271
-0.000601251
-0.000598245
-0.000595255
-0.000592279
-0.000589318
-0.000586372
-0.000583441
-0.000580525
-0.000577623
-0.000574735
-0.000571862
-0.000569004
-0.00056616
-0.000563329
-0.000560513
-0.000557711
-0.000554924
-0.00055215
-0.00054939
-0.000546643
-0.000543911
-0.000541192
-0.000538487
-0.000535795
-0.000533117
-0.000530452
-0.0005278
-0.000525162
-0.000522537
-0.000519925
-0.000517326
-0.00051474
-0.000512167
-0.000509607
-0.000507059
-0.000504525
-0.000502003
-0.000499493
-0.000496996
-0.000494512
-0.00049204
-0.000489581
-0.000487134
-0.000484699
-0.000482276
-0.000479865
-0.000477466
-0.00047508
-0.000472705
-0.000470342
-0.000467991
-0.000465652
-0.000463324
-0.000461008
-0.000458704
-0.000456411
-0.00045413
-0.00045186
-0.000449601
-0.000447354
-0.000445118
-0.000442893
-0.000440679
-0.000438476
-0.000436285
-0.000434104
-0.000431934
-0.000429775
-0.000427627
-0.000425489
-0.000423363
-0.000421246
-0.000419141
-0.000417046
-0.000414961
-0.000412887
-0.000410823
-0.00040877
-0.000406727
-0.000404694
-0.000402671
-0.000400658
-0.000398656
-0.000396663
-0.000394681
-0.000392708
-0.000390745
-0.000388792
-0.000386849
-0.000384915
-0.000382991
-0.000381077
-0.000379172
-0.000377277
-0.000375391
-0.000373515
-0.000371648
-0.00036979
-0.000367942
-0.000366103
-0.000364273
-0.000362453
-0.000360641
-0.000358839
-0.000357045
-0.00035526
-0.000353485
-0.000351718
-0.00034996
-0.000348211
-0.000346471
-0.000344739
-0.000343016
-0.000341302
-0.000339596
-0.000337898
-0.00033621
-0.000334529
-0.000332857
-0.000331194
-0.000329538
-0.000327891
-0.000326253
-0.000324622
-0.000323
-0.000321386
-0.00031978
-0.000318181
-0.000316591
-0.000315009
-0.000313435
-0.000311868
-0.000310309
-0.000308758
-0.000307215
-0.00030568
-0.000304152
-0.000302633
-0.00030112
-0.000299615
-0.000298118
-0.000296628
-0.000295146
-0.000293671
-0.000292203
-0.000290743
-0.00028929
-0.000287844
-0.000286405
-0.000284974
-0.000283549
-0.000282132
-0.000280722
-0.000279319
-0.000277923
-0.000276534
-0.000275152
-0.000273777
-0.000272409
-0.000271048
-0.000269693
-0.000268345
-0.000267004
-0.00026567
-0.000264342
-0.000263021
-0.000261707
-0.000260399
-0.000259097
-0.000257803
-0.000256514
-0.000255232
-0.000253957
-0.000252688
-0.000251425
-0.000250168
-0.000248918
-0.000247674
-0.000246436
-0.000245205
-0.000243979
-0.00024276
-0.000241547
-0.00024034
-0.000239139
-0.000237944
-0.000236755
-0.000235572
-0.000234395
-0.000233223
-0.000232058
-0.000230898
-0.000229744
-0.000228596
-0.000227454
-0.000226317
-0.000225187
-0.000224061
-0.000222942
-0.000221828
-0.000220719
-0.000219616
-0.000218519
-0.000217427
-0.00021634
-0.000215259
-0.000214184
-0.000213114
-0.000212049
-0.000210989
-0.000209935
-0.000208886
-0.000207842
-0.000206804
-0.00020577
-0.000204742
-0.000203719
-0.000202701
-0.000201688
-0.000200681
-0.000199678
-0.00019868
-0.000197687
-0.0001967
-0.000195717
-0.000194739
-0.000193766
-0.000192798
-0.000191834
-0.000190876
-0.000189922
-0.000188973
-0.000188029
-0.000187089
-0.000186155
-0.000185225
-0.000184299
-0.000183378
-0.000182462
-0.00018155
-0.000180643
-0.000179741
-0.000178843
-0.000177949
-0.00017706
-0.000176175
-0.000175295
-0.000174419
-0.000173548
-0.000172681
-0.000171818
-0.00017096
-0.000170106
-0.000169256
-0.00016841
-0.000167569
-0.000166732
-0.000165899
-0.00016507
-0.000164245
-0.000163424
-0.000162608
-0.000161796
-0.000160987
-0.000160183
-0.000159383
-0.000158587
-0.000157794
-0.000157006
-0.000156222
-0.000155441
-0.000154665
-0.000153892
-0.000153123
-0.000152358
-0.000151597
-0.00015084
-0.000150086
-0.000149337
-0.00014859
-0.000147848
-0.00014711
-0.000146375
-0.000145644
-0.000144916
-0.000144192
-0.000143472
-0.000142755
-0.000142042
-0.000141332
-0.000140626
-0.000139924
-0.000139225
-0.00013853
-0.000137838
-0.000137149
-0.000136464
-0.000135782
-0.000135104
-0.000134429
-0.000133758
-0.00013309
-0.000132425
-0.000131763
-0.000131105
-0.00013045
-0.000129799
-0.00012915
-0.000128505
-0.000127863
-0.000127225
-0.000126589
-0.000125957
-0.000125328
-0.000124702
-0.000124079
-0.000123459
-0.000122843
-0.000122229
-0.000121619
-0.000121011
-0.000120407
-0.000119806
-0.000119207
-0.000118612
-0.000118019
-0.00011743
-0.000116844
-0.00011626
-0.000115679
-0.000115102
-0.000114527
-0.000113955
-0.000113386
-0.000112819
-0.000112256
-0.000111695
-0.000111138
-0.000110583
-0.00011003
-0.000109481
-0.000108934
-0.00010839
-0.000107849
-0.00010731
-0.000106774
-0.000106241
-0.000105711
-0.000105183
-0.000104657
-0.000104135
-0.000103615
-0.000103097
-0.000102583
-0.00010207
-0.000101561
-0.000101053
-0.000100549
-0.000100047
-9.95472e-05
-9.90501e-05
-9.85555e-05
-9.80634e-05
-9.75737e-05
-9.70865e-05
-9.66018e-05
-9.61194e-05
-9.56395e-05
-9.5162e-05
-9.46868e-05
-9.4214e-05
-9.37436e-05
-9.32756e-05
-9.28099e-05
-9.23465e-05
-9.18854e-05
-9.14266e-05
-9.09702e-05
-9.0516e-05
-9.0064e-05
-8.96144e-05
-8.9167e-05
-8.87218e-05
-8.82789e-05
-8.78381e-05
-8.73996e-05
-8.69633e-05
-8.65291e-05
-8.60971e-05
-8.56673e-05
-8.52396e-05
-8.48141e-05
-8.43907e-05
-8.39694e-05
-8.35502e-05
-8.31331e-05
-8.27181e-05
-8.23052e-05
-8.18943e-05
-8.14855e-05
-8.10787e-05
-8.0674e-05
-8.02713e-05
-7.98706e-05
-7.94719e-05
-7.90752e-05
-7.86805e-05
-7.82877e-05
-7.7897e-05
-7.75081e-05
-7.71213e-05
-7.67363e-05
-7.63533e-05
-7.59722e-05
-7.5593e-05
-7.52157e-05
-7.48403e-05
-7.44667e-05
-7.4095e-05
-7.37252e-05
-7.33573e-05
-7.29911e-05
-7.26268e-05
-7.22644e-05
-7.19037e-05
-7.15448e-05
-7.11878e-05
-7.08325e-05
-7.0479e-05
-7.01273e-05
-6.97773e-05
-6.94292e-05
-6.90829e-05
-6.87383e-05
-6.83952e-05
-6.80542e-05
-6.77148e-05
-6.7377e-05
-6.70409e-05
-6.67064e-05
-6.63736e-05
-6.60424e-05
-6.57128e-05
-6.53849e-05
-6.50586e-05
-6.4734e-05
-6.44109e-05
-6.40895e-05
-6.37697e-05
-6.34515e-05
-6.31348e-05
-6.28197e-05
-6.25062e-05
-6.21943e-05
-6.18839e-05
-6.15751e-05
-6.12678e-05
-6.09621e-05
-6.0658e-05
-6.03553e-05
-6.00541e-05
-5.97545e-05
-5.94563e-05
-5.91597e-05
-5.88645e-05
-5.85708e-05
-5.82786e-05
-5.79879e-05
-5.76986e-05
-5.74108e-05
-5.71244e-05
-5.68394e-05
-5.65559e-05
-5.62738e-05
-5.59931e-05
-5.57139e-05
-5.5436e-05
-5.51595e-05
-5.48843e-05
-5.46106e-05
-5.43382e-05
-5.40672e-05
-5.37975e-05
-5.35291e-05
-5.32621e-05
-5.29965e-05
-5.27321e-05
-5.24691e-05
-5.22074e-05
-5.1947e-05
-5.16879e-05
-5.14301e-05
-5.11736e-05
-5.09183e-05
-5.06644e-05
-5.04117e-05
-5.01603e-05
-4.99101e-05
-4.96612e-05
-4.94135e-05
-4.9167e-05
-4.89218e-05
-4.86779e-05
-4.84351e-05
-4.81936e-05
-4.79532e-05
-4.77141e-05
-4.74762e-05
-4.72394e-05
-4.70038e-05
-4.67695e-05
-4.65362e-05
-4.63042e-05
-4.60733e-05
-4.58436e-05
-4.5615e-05
-4.53876e-05
-4.51612e-05
-4.49361e-05
-4.4712e-05
-4.44891e-05
-4.42673e-05
-4.40466e-05
-4.3827e-05
-4.36085e-05
-4.33911e-05
-4.31748e-05
-4.29596e-05
-4.27454e-05
-4.25323e-05
-4.23203e-05
-4.21093e-05
-4.18994e-05
-4.16906e-05
-4.14828e-05
-4.1276e-05
-4.10703e-05
-4.08656e-05
-4.06619e-05
-4.04592e-05
-4.02576e-05
-4.00569e-05
-3.98573e-05
-3.96587e-05
-3.9461e-05
-3.92644e-05
-3.90687e-05
-3.8874e-05
-3.86803e-05
-3.84875e-05
-3.82957e-05
-3.81049e-05
-3.7915e-05
-3.77261e-05
-3.75381e-05
-3.73511e-05
-3.7165e-05
-3.69798e-05
-3.67956e-05
-3.66123e-05
-3.64298e-05
-3.62484e-05
-3.60678e-05
-3.58881e-05
-3.57093e-05
-3.55314e-05
-3.53544e-05
-3.51783e-05
-3.5003e-05
-3.48287e-05
-3.46552e-05
-3.44826e-05
-3.43108e-05
-3.41399e-05
-3.39699e-05
-3.38007e-05
-3.36323e-05
-3.34648e-05
-3.32981e-05
-3.31323e-05
-3.29673e-05
-3.28031e-05
-3.26398e-05
-3.24772e-05
-3.23155e-05
-3.21546e-05
-3.19944e-05
-3.18351e-05
-3.16766e-05
-3.15189e-05
-3.13619e-05
-3.12058e-05
-3.10504e-05
-3.08958e-05
-3.0742e-05
-3.05889e-05
-3.04366e-05
-3.02851e-05
-3.01343e-05
-2.99843e-05
-2.9835e-05
-2.96865e-05
-2.95387e-05
-2.93917e-05
-2.92454e-05
-2.90998e-05
-2.8955e-05
-2.88108e-05
-2.86674e-05
-2.85248e-05
-2.83828e-05
-2.82415e-05
-2.8101e-05
-2.79611e-05
-2.7822e-05
-2.76835e-05
-2.75457e-05
-2.74087e-05
-2.72723e-05
-2.71366e-05
-2.70015e-05
-2.68672e-05
-2.67335e-05
-2.66005e-05
-2.64681e-05
-2.63364e-05
-2.62054e-05
-2.6075e-05
-2.59453e-05
-2.58162e-05
-2.56878e-05
-2.556e-05
-2.54329e-05
-2.53064e-05
-2.51805e-05
-2.50552e-05
-2.49306e-05
-2.48066e-05
-2.46832e-05
-2.45604e-05
-2.44383e-05
-2.43168e-05
-2.41958e-05
-2.40755e-05
-2.39558e-05
-2.38366e-05
-2.37181e-05
-2.36002e-05
-2.34828e-05
-2.3366e-05
-2.32499e-05
-2.31343e-05
-2.30192e-05
-2.29048e-05
-2.27909e-05
-2.26776e-05
-2.25649e-05
-2.24527e-05
-2.23411e-05
-2.223e-05
-2.21195e-05
-2.20096e-05
-2.19002e-05
-2.17913e-05
-2.1683e-05
-2.15753e-05
-2.1468e-05
-2.13613e-05
-2.12552e-05
-2.11496e-05
-2.10445e-05
-2.09399e-05
-2.08358e-05
-2.07323e-05
-2.06293e-05
-2.05268e-05
-2.04248e-05
-2.03233e-05
-2.02224e-05
-2.01219e-05
-2.00219e-05
-1.99225e-05
-1.98235e-05
-1.9725e-05
-1.96271e-05
-1.95296e-05
-1.94326e-05
-1.93361e-05
-1.924e-05
-1.91445e-05
-1.90494e-05
-1.89548e-05
-1.88607e-05
-1.8767e-05
-1.86738e-05
-1.85811e-05
-1.84889e-05
-1.83971e-05
-1.83057e-05
-1.82148e-05
-1.81244e-05
-1.80344e-05
-1.79449e-05
-1.78558e-05
-1.77672e-05
-1.7679e-05
-1.75913e-05
-1.7504e-05
-1.74171e-05
-1.73306e-05
-1.72446e-05
-1.71591e-05
-1.70739e-05
-1.69892e-05
-1.69049e-05
-1.6821e-05
-1.67376e-05
-1.66545e-05
-1.65719e-05
-1.64897e-05
-1.64079e-05
-1.63265e-05
-1.62455e-05
-1.61649e-05
-1.60847e-05
-1.6005e-05
-1.59256e-05
-1.58466e-05
-1.5768e-05
-1.56898e-05
-1.5612e-05
-1.55346e-05
-1.54576e-05
-1.53809e-05
-1.53047e-05
-1.52288e-05
-1.51533e-05
-1.50782e-05
-1.50034e-05
-1.49302e-05
-1.48562e-05
-1.47827e-05
-1.47098e-05
-1.46373e-05
-1.45651e-05
-1.44931e-05
-1.44213e-05
-1.43498e-05
-1.42785e-05
-1.42075e-05
-1.41369e-05
-1.40665e-05
-1.39966e-05
-1.39269e-05
-1.38576e-05
-1.37888e-05
-1.37202e-05
-1.36521e-05
-1.35843e-05
-1.35169e-05
-1.34499e-05
-1.33832e-05
-1.33168e-05
-1.32508e-05
-1.31852e-05
-1.312e-05
-1.3055e-05
-1.29904e-05
-1.29261e-05
-1.28621e-05
-1.27985e-05
-1.27351e-05
-1.26721e-05
-1.26094e-05
-1.2547e-05
-1.24849e-05
-1.24232e-05
-1.23617e-05
-1.23006e-05
-1.22398e-05
-1.21793e-05
-1.2119e-05
-1.20591e-05
-1.19995e-05
-1.19402e-05
-1.18811e-05
-1.18224e-05
-1.1764e-05
-1.17058e-05
-1.16479e-05
-1.15904e-05
-1.15331e-05
-1.1476e-05
-1.14193e-05
-1.13629e-05
-1.13067e-05
-1.12508e-05
-1.11952e-05
-1.11399e-05
-1.10849e-05
-1.10301e-05
-1.09756e-05
-1.09214e-05
-1.08674e-05
-1.08137e-05
-1.07603e-05
-1.07071e-05
-1.06542e-05
-1.06016e-05
-1.05492e-05
-1.04971e-05
-1.04453e-05
-1.03937e-05
-1.03424e-05
-1.02913e-05
-1.02405e-05
-1.01899e-05
-1.01396e-05
-1.00896e-05
-1.00398e-05
-9.99023e-06
