0.594869
0.584892
0.582578
0.58509
0.575486
0.582394
0.577788
0.572684
0.572452
0.585646
0.577639
0.572623
0.574481
0.578835
0.580491
0.575061
0.580331
0.576811
0.583964
0.574631
0.573523
0.580292
0.59483
0.581484
0.574114
0.573163
0.575452
0.576556
0.580578
0.573816
0.571079
0.578301
0.579738
0.569734
0.586242
0.592819
0.577453
0.58361
0.581072
0.582176
0.578077
0.577621
0.573953
0.575252
0.570874
0.590835
0.59134
0.577383
0.574736
0.583042
0.581551
0.579286
0.580214
0.573787
0.575269
0.579553
0.579494
0.579846
0.57571
0.576676
0.580425
0.580683
0.587141
0.573533
0.58158
0.578963
0.581691
0.576856
0.587224
0.574798
0.583004
0.57666
0.587971
0.584653
0.57972
0.574233
0.578891
0.590885
0.573657
0.58517
0.579639
0.578793
0.575589
0.586091
0.579678
0.584339
0.586164
0.580657
0.579513
0.577554
0.582988
0.576856
0.58816
0.582149
0.590657
0.59181
0.588604
0.581572
0.581698
0.581342
0.580446
0.577108
0.574157
0.576818
0.582099
0.581899
0.583391
0.579205
0.582081
0.583897
0.584501
0.57546
0.578671
0.574926
0.582811
0.584638
0.580233
0.57894
0.578817
0.579706
0.583326
0.585152
0.581445
0.581065
0.583898
0.585983
0.582663
0.582479
0.579146
0.588001
0.578983
0.586296
0.576163
0.575949
0.581596
0.591859
0.574655
0.584503
0.579731
0.577622
0.584195
0.596006
0.581751
0.584991
0.581075
0.570947
0.578733
0.581822
0.572163
0.577441
0.576387
0.579178
0.576454
0.572118
0.579694
0.578395
0.569672
0.573625
0.587654
0.572717
0.571436
0.584108
0.569689
0.583054
0.579098
0.566382
0.567549
0.576089
0.569848
0.575089
0.572534
0.580727
0.567784
0.58204
0.581276
0.574212
0.579953
0.575074
0.566163
0.575254
0.575607
0.575907
0.570793
0.583432
0.570607
0.575432
0.574099
0.573986
0.571516
0.572198
0.583782
0.573741
0.578861
0.570031
0.579481
0.57029
0.565631
0.565162
0.57323
0.567156
0.575383
0.575255
0.57591
0.5754
0.572771
0.574657
0.580812
0.572142
0.573015
0.570036
0.573534
0.575563
0.567082
0.574013
0.568431
0.574979
0.568044
0.573758
0.56714
0.575599
0.560785
0.573735
0.565913
0.566382
0.564882
0.57029
0.572348
0.567919
0.566964
0.574761
0.574336
0.570109
0.572124
0.571023
0.571249
0.570459
0.574195
0.57101
0.57117
0.575948
0.568345
0.578071
0.570674
0.578885
0.587137
0.565509
0.575649
0.566683
0.58135
0.582193
0.57693
0.581326
0.574167
0.567509
0.567661
0.564196
0.569633
0.56516
0.568479
0.563768
0.566316
0.571946
0.571065
0.578593
0.573182
0.574025
0.573681
0.566208
0.575063
0.562531
0.581779
0.567637
0.56514
0.575949
0.566575
0.575397
0.567756
0.56754
0.570812
0.571127
0.570206
0.56933
0.571708
0.569201
0.570439
0.571666
0.582897
0.576157
0.564918
0.572435
0.577187
0.564164
0.567527
0.573114
0.571608
0.572549
0.569897
0.575264
0.567324
0.565222
0.570639
0.579605
0.568061
0.571349
0.569637
0.569235
0.562228
0.566342
0.576542
0.578358
0.573432
0.565762
0.566174
0.574646
0.56865
0.559341
0.576555
0.56886
0.57296
0.56595
0.574965
0.573841
0.571027
0.562001
0.574496
0.565123
0.570843
0.566393
0.570729
0.568059
0.571043
0.571208
0.57348
0.574594
0.571033
0.568003
0.57402
0.57107
0.57407
0.572542
0.572738
0.573405
0.573289
0.564856
0.557874
0.560696
0.569154
0.563608
0.567449
0.563337
0.564919
0.567924
0.569045
0.569291
0.566986
0.567068
0.570372
0.573229
0.563971
0.572478
0.568329
0.573815
0.567131
0.569948
0.576339
0.562508
0.566105
0.566047
0.571097
0.57023
0.569466
0.565772
0.57527
0.563147
0.569134
0.565811
0.568256
0.57254
0.57456
0.562982
0.56779
0.572593
0.568235
0.566267
0.569424
0.563204
0.578454
0.567601
0.576977
0.569227
0.575259
0.562655
0.574623
0.565978
0.574151
0.580698
0.570884
0.569394
0.56939
0.579503
0.558466
0.569366
0.568566
0.566903
0.56981
0.563202
0.572226
0.567012
0.570411
0.566997
0.562237
0.570628
0.569663
0.572584
0.573167
0.567338
0.563174
0.576456
0.582602
0.585084
0.574974
0.563286
0.56761
0.574277
0.566558
0.564123
0.570605
0.565013
0.576407
0.574706
0.574888
0.566616
0.571207
0.57579
0.564656
0.570537
0.575739
0.564801
0.571007
0.575506
0.558284
0.578846
0.556387
0.558119
0.567503
0.563649
0.565347
0.55951
0.566446
0.555896
0.570405
0.562261
0.567092
0.561445
0.558753
0.568426
0.561767
0.567239
0.574314
0.569144
0.561744
0.56799
0.564255
0.565456
0.556462
0.562004
0.557525
0.569848
0.566538
0.564548
0.559516
0.562255
0.561412
0.565579
0.55618
0.558396
0.568055
0.558015
0.556697
0.556375
0.560578
0.564209
0.567021
0.570651
0.560006
0.561646
0.569071
0.5652
0.565803
0.567092
0.574989
0.567897
0.561114
0.561238
0.560106
0.552811
0.576596
0.58073
0.561086
0.557178
0.554099
0.550905
0.576861
0.567083
0.553073
0.556455
0.560739
0.558973
0.554912
0.5587
0.567451
0.557628
0.560472
0.553958
0.557389
0.553958
0.553216
0.557051
0.558446
0.554624
0.547959
0.554756
0.561362
0.56276
0.556505
0.559876
0.557023
0.558421
0.561212
0.563949
0.549375
0.556589
0.554
0.550021
0.556189
0.554117
0.550069
0.557027
0.554261
0.549743
0.556151
0.553743
0.549467
0.556004
0.553679
0.54984
0.557318
0.554342
0.550078
0.55643
0.554505
0.549408
0.556363
0.554264
0.549685
0.555954
0.554355
0.549728
0.556363
0.553756
0.549125
0.556092
0.554015
0.549666
0.556118
0.553978
0.549314
0.556883
0.554471
0.549647
0.563802
0.554621
0.549821
0.555952
0.554105
0.549582
0.555842
0.554071
0.550878
0.555967
0.553644
0.549344
0.556225
0.554553
0.549683
0.55629
0.554107
0.549682
0.556381
0.554186
0.549568
0.556397
0.554503
0.549954
0.556061
0.553793
0.54962
0.556322
0.554104
0.549805
0.556089
0.5544
0.549285
0.556533
0.554104
0.54946
0.556421
0.553882
0.549689
0.556081
0.554435
0.549504
0.556038
0.554049
0.549198
0.555991
0.554086
0.549585
0.556328
0.555616
0.549695
0.55668
0.554288
0.5499
0.55647
0.554181
0.550707
0.556051
0.554643
0.549558
0.556104
0.555595
0.551831
0.556509
0.553951
0.555538
0.557265
0.554358
0.549791
0.556367
0.55484
0.549177
0.556417
0.554918
0.549745
0.556587
0.554301
0.549786
0.556256
0.553886
0.549262
0.556654
0.553937
0.549664
0.555681
0.553576
0.549119
0.556039
0.553947
0.550244
0.556124
0.553886
0.549281
0.555944
0.554043
0.549439
0.55532
0.553458
0.549164
0.555595
0.553123
0.548624
0.556381
0.553831
0.549669
0.556147
0.554045
0.549376
0.556078
0.553689
0.549188
0.555821
0.553757
0.54948
0.555822
0.553551
0.548746
0.555757
0.553365
0.549263
0.555492
0.553958
0.549025
0.556334
0.553862
0.549218
0.555825
0.553728
0.549226
0.555347
0.55857
0.552753
0.556071
0.554208
0.549121
0.555586
0.553387
0.549004
0.556222
0.553816
0.549183
0.556367
0.553689
0.549748
0.55575
0.553633
0.549737
0.556177
0.553919
0.549041
0.555723
0.554107
0.54904
0.555927
0.553473
0.548988
0.555988
0.55378
0.549364
0.556466
0.553838
0.549106
0.556485
0.55417
0.549119
0.556167
0.553915
0.54915
0.555682
0.553276
0.549008
0.555821
0.55325
0.543952
0.550572
0.548057
0.543859
0.550802
0.548639
0.544057
0.550458
0.54857
0.543787
0.550319
0.54843
0.543984
0.55022
0.547988
0.543732
0.55024
0.547455
0.543491
0.55132
0.548511
0.543717
0.550814
0.54817
0.54367
0.550575
0.548262
0.543885
0.550385
0.548633
0.544228
0.55031
0.548161
0.543998
0.550328
0.554549
0.543692
0.550802
0.548206
0.546376
0.550767
0.548223
0.54387
0.550507
0.548214
0.544214
0.550667
0.548451
0.543648
0.552731
0.54853
0.543647
0.550318
0.548473
0.544077
0.545526
0.542798
0.538302
0.545348
0.543229
0.539096
0.545045
0.542894
0.538437
0.545185
0.543257
0.538217
0.545334
0.542747
0.538546
0.545072
0.542599
0.53792
0.545298
0.543296
0.538513
0.54546
0.543036
0.538391
0.545275
0.545379
0.539704
0.544854
0.543066
0.538439
0.545258
0.542386
0.537928
0.54583
0.542569
0.53869
0.544914
0.54305
0.538233
0.545382
0.543247
0.538283
0.545021
0.542966
0.538485
0.545166
0.543079
0.538242
0.544901
0.542815
0.538534
0.545152
0.542564
0.538211
0.545169
0.543158
0.538531
0.545331
0.542898
0.538821
0.545484
0.543262
0.538292
0.544912
0.542741
0.538683
0.545718
0.546926
0.538263
0.544966
0.543101
0.538431
0.545031
0.543255
0.538565
0.545828
0.543224
0.538208
0.545252
0.54318
0.538659
0.544828
0.542872
0.538693
0.545134
0.543428
0.53843
0.545102
0.542505
0.538433
0.545666
0.542805
0.53847
0.545201
0.542894
0.539591
0.545223
0.542946
0.53841
0.545054
0.543218
0.538607
0.544711
0.542882
0.538247
0.544959
0.542567
0.538291
0.545246
0.542839
0.538475
0.545154
0.543
0.538541
0.545532
0.543411
0.538527
0.54478
0.543013
0.537919
0.545291
0.542733
0.5383
0.54506
0.542693
0.538654
0.54516
0.542889
0.538362
0.546883
0.5433
0.538322
0.545045
0.54298
0.538422
0.545105
0.543347
0.538192
0.545194
0.542767
0.538384
0.544745
0.542529
0.53793
0.545267
0.548464
0.54085
0.545274
0.542936
0.542239
0.545435
0.543385
0.538085
0.545171
0.543244
0.538687
0.544768
0.54283
0.537969
0.544913
0.543
0.539676
0.545303
0.543126
0.538555
0.545684
0.543285
0.538459
0.545386
0.542999
0.538525
0.544725
0.542587
0.538425
0.545188
0.54295
0.538119
0.544649
0.542648
0.538098
0.545423
0.542826
0.538434
0.545534
0.543003
0.538491
0.54529
0.543084
0.538292
0.545208
0.544977
0.539483
0.545007
0.542843
0.538207
0.544991
0.542333
0.53827
0.545232
0.54366
0.538622
0.545342
0.543169
0.538502
0.545259
0.543735
0.538316
0.544938
0.543327
0.538375
0.54522
0.542763
0.537958
0.544998
0.542541
0.538371
0.544957
0.542999
0.538371
0.54637
0.543362
0.538607
0.545167
0.543166
0.53841
0.545226
0.543917
0.53892
0.545263
0.542663
0.538504
0.546011
0.548048
0.540485
0.544928
0.537587
0.53272
0.540414
0.537706
0.533056
0.540273
0.5377
0.533152
0.539443
0.537598
0.533419
0.539594
0.537437
0.53274
0.539644
0.537297
0.533115
0.54016
0.537708
0.532659
0.540451
0.537242
0.533231
0.539511
0.537722
0.53364
0.539454
0.537748
0.532661
0.539482
0.537642
0.532612
0.540234
0.537011
0.532739
0.540215
0.537471
0.533312
0.540879
0.538172
0.533573
0.53988
0.537679
0.533071
0.539891
0.537925
0.532845
0.539853
0.537357
0.532389
0.540089
0.537004
0.533334
0.539675
0.53229
0.528233
0.535202
0.532522
0.527503
0.534325
0.532733
0.527374
0.534421
0.532215
0.527493
0.534248
0.531907
0.527622
0.534458
0.531858
0.527417
0.53458
0.532263
0.527354
0.535354
0.532323
0.530782
0.537075
0.532545
0.527662
0.536101
0.53254
0.527467
0.534057
0.531943
0.527785
0.534442
0.532127
0.527402
0.534393
0.532373
0.527452
0.536567
0.532342
0.527324
0.534745
0.53228
0.52841
0.534161
0.532293
0.528013
0.534245
0.532609
0.527415
0.534193
0.532188
0.527094
0.534576
0.532153
0.527846
0.535241
0.532073
0.528136
0.534841
0.532355
0.528274
0.535722
0.53273
0.527529
0.534064
0.532408
0.527388
0.534476
0.533271
0.52724
0.534426
0.532172
0.527994
0.534824
0.531942
0.529483
0.534309
0.532566
0.527573
0.533964
0.532635
0.527276
0.535717
0.53189
0.527568
0.534592
0.531645
0.527838
0.534365
0.532503
0.527526
0.534923
0.53251
0.527093
0.534689
0.532371
0.527813
0.534791
0.532498
0.527375
0.534391
0.531886
0.528646
0.534316
0.532088
0.531443
0.537122
0.532797
0.527478
0.537428
0.532364
0.5276
0.534568
0.532447
0.527217
0.534305
0.532267
0.527977
0.534583
0.532013
0.527641
0.534235
0.532058
0.527096
0.534479
0.532512
0.527893
0.534517
0.53252
0.527683
0.534658
0.532091
0.528101
0.533961
0.532257
0.527978
0.533861
0.532012
0.527459
0.534056
0.531983
0.527422
0.534676
0.532396
0.527471
0.535132
0.532398
0.528381
0.534229
0.532239
0.527768
0.534126
0.532473
0.527377
0.534098
0.532492
0.527041
0.534555
0.531779
0.527309
0.534588
0.532399
0.527879
0.534414
0.53251
0.527922
0.534244
0.532649
0.527928
0.533926
0.532382
0.527777
0.534604
0.531783
0.527146
0.534156
0.531818
0.527951
0.534078
0.532301
0.52764
0.534519
0.532447
0.527513
0.534237
0.532228
0.527367
0.534472
0.532464
0.533299
0.535654
0.531927
0.528564
0.53416
0.531667
0.527656
0.534437
0.532747
0.527562
0.534682
0.53264
0.527596
0.534706
0.532205
0.528618
0.53428
0.532115
0.528003
0.534662
0.531877
0.528194
0.53446
0.532084
0.527145
0.534054
0.532643
0.527443
0.53458
0.53229
0.527862
0.534774
0.532149
0.528003
0.534232
0.532368
0.52813
0.534148
0.532156
0.527084
0.534317
0.532075
0.52735
0.534761
0.5323
0.528546
0.535422
0.532085
0.528393
0.534421
0.532331
0.527876
0.534154
0.532425
0.52755
0.534107
0.531909
0.522157
0.528852
0.526215
0.521848
0.529394
0.526635
0.522659
0.529033
0.526555
0.522953
0.52888
0.527012
0.521805
0.52859
0.527106
0.522048
0.528712
0.526528
0.523191
0.529094
0.526406
0.522567
0.52897
0.526728
0.522756
0.529562
0.526998
0.525097
0.531287
0.527328
0.522246
0.529148
0.527066
0.522169
0.529134
0.526294
0.522466
0.528778
0.526279
0.522393
0.529105
0.527019
0.521869
0.529703
0.526923
0.522268
0.529292
0.526734
0.52232
0.528925
0.526803
0.522593
0.52882
0.526671
0.522739
0.523631
0.521266
0.516243
0.523914
0.521456
0.516857
0.523882
0.521408
0.516674
0.52414
0.52136
0.517106
0.523229
0.521508
0.516802
0.523368
0.520997
0.51634
0.525719
0.521138
0.516587
0.523716
0.521472
0.516335
0.524163
0.521448
0.517169
0.524055
0.52121
0.517369
0.523526
0.521466
0.516594
0.523305
0.521371
0.516437
0.523735
0.521268
0.516507
0.523946
0.521152
0.517672
0.524027
0.521231
0.517214
0.523548
0.521512
0.516823
0.523374
0.52139
0.516292
0.523901
0.521278
0.516637
0.523782
0.520996
0.51685
0.528089
0.523496
0.51759
0.525026
0.522184
0.517038
0.523297
0.521775
0.516924
0.523851
0.521505
0.516627
0.523834
0.520856
0.516784
0.523462
0.522006
0.516682
0.523733
0.521845
0.516715
0.523915
0.521835
0.516913
0.52421
0.521519
0.51723
0.523712
0.521426
0.517224
0.523568
0.521264
0.516975
0.523691
0.521336
0.516548
0.523498
0.521856
0.516658
0.523949
0.521422
0.517682
0.524148
0.52168
0.517361
0.523879
0.522145
0.517138
0.523227
0.521648
0.516782
0.523537
0.521702
0.516588
0.523742
0.52165
0.516877
0.524084
0.521321
0.517329
0.523919
0.521631
0.517265
0.523848
0.521884
0.516804
0.523651
0.52137
0.516358
0.524006
0.521212
0.516435
0.523913
0.521408
0.517407
0.5238
0.521616
0.517704
0.523802
0.52165
0.516923
0.523483
0.521669
0.516828
0.523856
0.521411
0.516449
0.523664
0.520947
0.517026
0.5317
0.521738
0.516809
0.523758
0.521659
0.516694
0.523482
0.521775
0.516736
0.523669
0.521454
0.516538
0.523778
0.521241
0.516832
0.5233
0.520987
0.517496
0.523862
0.521819
0.516791
0.523951
0.522131
0.516766
0.524203
0.521518
0.516813
0.52347
0.521761
0.517673
0.523343
0.521029
0.517155
0.523573
0.521378
0.516047
0.52402
0.521501
0.516825
0.52376
0.521851
0.51879
0.523728
0.521413
0.517161
0.523343
0.521757
0.517194
0.523496
0.521282
0.516802
0.52378
0.521282
0.516494
0.523876
0.521576
0.516494
0.52451
0.521425
0.51719
0.524042
0.521507
0.517388
0.523527
0.522108
0.516698
0.523453
0.521151
0.522879
0.524933
0.52132
0.516876
0.524346
0.521354
0.517228
0.523971
0.521322
0.517265
0.523544
0.52178
0.516784
0.523473
0.521575
0.516772
0.524532
0.521712
0.516028
0.52341
0.520727
0.516987
0.523531
0.521645
0.517157
0.523836
0.521754
0.516502
0.525261
0.521734
0.516992
0.523769
0.521822
0.516501
0.523871
0.521185
0.51716
0.518025
0.51551
0.511826
0.518165
0.516163
0.511266
0.518098
0.51634
0.511569
0.519011
0.515961
0.511379
0.518171
0.516107
0.512026
0.518026
0.515952
0.5117
0.518021
0.51564
0.511512
0.519019
0.516112
0.511768
0.518807
0.516322
0.511446
0.518469
0.515731
0.512163
0.518293
0.519002
0.515032
0.517974
0.515878
0.510812
0.518114
0.516017
0.511571
0.518731
0.516124
0.511403
0.518641
0.516096
0.511867
0.519756
0.516057
0.51172
0.517956
0.516147
0.511307
0.51818
0.515692
0.510789
0.513162
0.510392
0.505601
0.51294
0.510231
0.506579
0.513563
0.510611
0.506211
0.513091
0.511777
0.506584
0.512778
0.511167
0.505642
0.512868
0.510623
0.505728
0.513124
0.510004
0.506304
0.512966
0.510642
0.506434
0.513056
0.510924
0.505856
0.513581
0.511035
0.505961
0.512992
0.510807
0.506204
0.51304
0.511715
0.506329
0.512602
0.510144
0.506331
0.512814
0.510702
0.507057
0.513012
0.510905
0.505889
0.513322
0.512258
0.510055
0.512976
0.510906
0.506392
0.512773
0.510666
0.506296
0.512668
0.510511
0.505978
0.512865
0.511025
0.505942
0.513085
0.510838
0.505752
0.513582
0.511232
0.506408
0.512642
0.510627
0.506537
0.512914
0.510711
0.505627
0.512317
0.510659
0.505783
0.513314
0.510608
0.506086
0.513345
0.510428
0.506416
0.512906
0.510863
0.506464
0.512576
0.511211
0.506061
0.512597
0.510748
0.505682
0.513118
0.510414
0.506906
0.513412
0.510762
0.506542
0.513315
0.513269
0.506742
0.513149
0.510879
0.505658
0.512607
0.510762
0.50598
0.512929
0.510495
0.505556
0.513105
0.512696
0.508798
0.51309
0.510667
0.506853
0.513061
0.51086
0.511268
0.513491
0.510953
0.506039
0.51294
0.511166
0.505896
0.513077
0.510958
0.506593
0.512947
0.510763
0.506719
0.513199
0.511096
0.506398
0.51369
0.511644
0.506825
0.513447
0.51106
0.506324
0.51337
0.51113
0.50728
0.513088
0.51104
0.50659
0.513117
0.511069
0.506216
0.513391
0.511273
0.506386
0.51396
0.51109
0.506315
0.513584
0.511408
0.50681
0.512845
0.51113
0.506632
0.513427
0.51091
0.506022
0.513122
0.511249
0.506359
0.513562
0.511269
0.506485
0.513768
0.51108
0.506752
0.513437
0.511098
0.506544
0.512833
0.511543
0.506077
0.512967
0.510904
0.506206
0.512968
0.510911
0.506332
0.515925
0.51084
0.51361
0.513794
0.511168
0.506817
0.513431
0.511177
0.506364
0.513015
0.511221
0.506607
0.513703
0.510841
0.505874
0.513168
0.510536
0.507261
0.513028
0.511316
0.506844
0.513552
0.511405
0.506316
0.51348
0.511131
0.506202
0.513464
0.511223
0.505885
0.513472
0.510551
0.506202
0.512789
0.510971
0.506707
0.513287
0.511123
0.506172
0.513555
0.511114
0.506227
0.513372
0.512506
0.506417
0.513429
0.511512
0.507016
0.513118
0.510546
0.506617
0.513355
0.510827
0.506493
0.515097
0.511367
0.506294
0.51416
0.511196
0.50652
0.513335
0.510887
0.507076
0.513256
0.51099
0.506606
0.513134
0.510792
0.506089
0.513327
0.510942
0.506614
0.509058
0.505766
0.500778
0.508365
0.505772
0.501553
0.508237
0.505501
0.501489
0.507908
0.507166
0.500749
0.507857
0.505439
0.500649
0.510216
0.505776
0.500754
0.508162
0.505658
0.501266
0.507867
0.505492
0.501434
0.508049
0.506002
0.505629
0.507817
0.50566
0.50085
0.507931
0.505232
0.500694
0.507738
0.505335
0.501133
0.508242
0.505536
0.501109
0.508586
0.505861
0.500647
0.508016
0.505774
0.500963
0.508077
0.505673
0.500672
0.508293
0.505211
0.501096
0.507888
0.504912
0.50256
0.502574
0.500473
0.495316
0.502472
0.501811
0.495679
0.502805
0.500417
0.495415
0.502431
0.500465
0.495889
0.502421
0.500145
0.49594
0.510406
0.500274
0.49506
0.50219
0.500536
0.495685
0.503238
0.500043
0.495269
0.502937
0.500119
0.495932
0.50189
0.500378
0.495562
0.502192
0.500415
0.495357
0.501956
0.500237
0.495358
0.503131
0.500342
0.495413
0.503024
0.500602
0.496233
0.502467
0.500324
0.495905
0.50226
0.500591
0.495538
0.504357
0.500334
0.495463
0.502558
0.500077
0.495314
0.502865
0.500323
0.495389
0.502806
0.500241
0.495661
0.502672
0.500599
0.495548
0.502019
0.500642
0.495506
0.502536
0.500126
0.495423
0.502362
0.499893
0.495461
0.50253
0.500223
0.495349
0.503335
0.500785
0.495327
0.502364
0.500441
0.496099
0.502295
