2823.83
0.767507
0.765563
0.768667
0.758541
0.765129
0.76067
0.755799
0.755025
0.768279
0.760274
0.755351
0.75729
0.761409
0.763902
0.759136
0.763108
0.759559
0.766592
0.757533
0.756379
0.7629
0.777978
0.764128
0.757126
0.756598
0.758551
0.759843
0.764069
0.757251
0.754825
0.761888
0.763508
0.75527
0.770347
0.776571
0.761201
0.767435
0.765772
0.767735
0.761976
0.76215
0.759146
0.759316
0.755224
0.775643
0.775479
0.761611
0.759251
0.76734
0.766085
0.76374
0.764826
0.758109
0.761158
0.764318
0.764001
0.764499
0.760254
0.762936
0.765975
0.766245
0.773821
0.759448
0.767831
0.766523
0.768011
0.762798
0.773358
0.760647
0.76874
0.762609
0.774079
0.77056
0.766017
0.761782
0.764832
0.777037
0.759667
0.771823
0.765922
0.764906
0.763007
0.772422
0.766122
0.770429
0.772068
0.766636
0.765835
0.763867
0.770206
0.763468
0.774574
0.768706
0.776903
0.777796
0.774976
0.767621
0.767886
0.767356
0.767036
0.764007
0.760445
0.762997
0.768178
0.76798
0.770323
0.766009
0.768227
0.770175
0.770584
0.761513
0.764985
0.761068
0.768804
0.7705
0.766168
0.765028
0.764873
0.765678
0.769447
0.77302
0.767255
0.767215
0.77242
0.77432
0.769163
0.768647
0.765118
0.774316
0.76538
0.772334
0.763178
0.761881
0.767912
0.777853
0.762449
0.770438
0.76656
0.763685
0.771315
0.782282
0.768671
0.771363
0.767136
0.756867
0.764783
0.76807
0.759843
0.763438
0.763732
0.765241
0.762651
0.759973
0.765766
0.764482
0.755727
0.760182
0.774109
0.760052
0.757669
0.771578
0.755772
0.769616
0.764911
0.754279
0.753008
0.762022
0.756547
0.761044
0.758656
0.766864
0.754152
0.768095
0.767591
0.760638
0.765708
0.761497
0.752247
0.761705
0.761755
0.762067
0.757041
0.770725
0.757006
0.761971
0.760231
0.76211
0.757597
0.758311
0.770014
0.75985
0.764705
0.756416
0.76591
0.756541
0.751739
0.751246
0.759307
0.753243
0.761554
0.762062
0.763458
0.762204
0.758785
0.760519
0.766812
0.758526
0.760982
0.756011
0.759662
0.76327
0.753477
0.761755
0.75427
0.761049
0.754072
0.761711
0.753302
0.762373
0.746692
0.759673
0.751744
0.752271
0.750613
0.756485
0.758494
0.754282
0.753185
0.760927
0.760267
0.756212
0.758195
0.757002
0.757367
0.756926
0.760371
0.756852
0.757566
0.761814
0.756291
0.764196
0.757664
0.765245
0.774656
0.751933
0.761754
0.752905
0.769017
0.768439
0.762884
0.76862
0.760432
0.753526
0.753664
0.750345
0.756057
0.751455
0.754253
0.749782
0.754105
0.758307
0.757248
0.765572
0.759373
0.760916
0.761182
0.752658
0.761468
0.748786
0.769257
0.753898
0.751267
0.761767
0.752421
0.761747
0.753845
0.753947
0.756672
0.75743
0.756158
0.755551
0.759207
0.756127
0.756778
0.758049
0.773517
0.762609
0.752431
0.758845
0.76365
0.749995
0.753729
0.759147
0.757494
0.760013
0.755708
0.761134
0.753583
0.751148
0.75718
0.767004
0.754431
0.75706
0.756059
0.755264
0.74858
0.752385
0.763849
0.764401
0.759319
0.751754
0.7514
0.759809
0.755898
0.744844
0.762448
0.753897
0.758728
0.751137
0.76173
0.759317
0.7568
0.747527
0.761169
0.75027
0.756056
0.751544
0.755886
0.753542
0.756907
0.75656
0.760179
0.759796
0.756177
0.753727
0.759184
0.758053
0.759736
0.758068
0.758855
0.758728
0.760141
0.750257
0.743158
0.745767
0.754703
0.750462
0.754215
0.748624
0.751538
0.754705
0.756127
0.75474
0.752356
0.752115
0.755557
0.758559
0.749964
0.758082
0.755072
0.758921
0.752531
0.755509
0.76185
0.747927
0.751228
0.75182
0.756524
0.755453
0.754636
0.751062
0.760751
0.749001
0.754426
0.75126
0.754487
0.758056
0.760344
0.748313
0.753372
0.758106
0.754093
0.751394
0.7548
0.748509
0.765278
0.752848
0.76412
0.755763
0.760666
0.749552
0.761443
0.751888
0.760378
0.766149
0.756196
0.75472
0.756029
0.764613
0.744293
0.755024
0.754312
0.752251
0.755289
0.748736
0.75754
0.752157
0.75558
0.752559
0.748194
0.75676
0.755281
0.757853
0.760027
0.752992
0.749094
0.763507
0.768346
0.770349
0.76054
0.748532
0.753096
0.759723
0.752299
0.749685
0.755764
0.750227
0.761976
0.760008
0.760189
0.752094
0.757221
0.761139
0.749957
0.756881
0.760997
0.750269
0.757186
0.760878
0.743622
0.766002
0.742307
0.743371
0.752734
0.749064
0.751046
0.744647
0.751828
0.741225
0.755653
0.747577
0.752354
0.746853
0.745625
0.753709
0.747837
0.752674
0.76035
0.755669
0.74761
0.754619
0.749535
0.750755
0.742261
0.747398
0.743505
0.755326
0.751908
0.75177
0.745005
0.749148
0.748381
0.752531
0.741651
0.744156
0.753582
0.743654
0.742023
0.741698
0.746168
0.74996
0.752063
0.75611
0.7455
0.746885
0.755106
0.750595
0.751147
0.752666
0.760271
0.755356
0.746689
0.746596
0.745552
0.73991
0.761767
0.76601
0.746333
0.742488
0.739239
0.736231
0.763464
0.752721
0.738598
0.741834
0.747843
0.744278
0.740389
0.744009
0.752889
0.744472
0.745967
0.741008
0.744345
0.739935
0.738684
0.743924
0.744063
0.740339
0.733319
0.740337
0.747492
0.749793
0.741974
0.745437
0.742652
0.744133
0.746373
0.749261
0.734241
0.742009
0.739237
0.735077
0.74137
0.739441
0.735037
0.742269
0.739666
0.734778
0.741439
0.739061
0.734462
0.74127
0.738782
0.734819
0.742818
0.739797
0.735059
0.741513
0.739815
0.734463
0.741607
0.739446
0.735042
0.741135
0.739599
0.734969
0.741582
0.739074
0.734134
0.741278
0.739268
0.734515
0.741425
0.73934
0.734357
0.742151
0.739778
0.73465
0.749201
0.740445
0.734869
0.741134
0.7394
0.73456
0.741156
0.739391
0.735818
0.741538
0.738988
0.734419
0.741567
0.739896
0.734671
0.741558
0.739783
0.735618
0.741696
0.739522
0.73447
0.741801
0.739805
0.734929
0.741237
0.739185
0.734867
0.741498
0.739468
0.734767
0.741281
0.739628
0.734204
0.741886
0.739335
0.734545
0.741627
0.739117
0.73455
0.741429
0.739747
0.734464
0.741201
0.739437
0.73418
0.741097
0.739303
0.734603
0.741437
0.741049
0.7348
0.742044
0.739739
0.734955
0.741763
0.739345
0.73571
0.741262
0.739904
0.734651
0.741325
0.7409
0.73789
0.741633
0.739235
0.740556
0.743185
0.739808
0.734858
0.74167
0.740206
0.734189
0.741693
0.740293
0.73488
0.741787
0.739523
0.73508
0.741334
0.73928
0.734348
0.741904
0.739843
0.734181
0.74044
0.73849
0.733726
0.740726
0.738703
0.734823
0.741
0.738778
0.733931
0.740713
0.738746
0.733977
0.74007
0.738371
0.733895
0.740561
0.738139
0.733215
0.741232
0.738782
0.73441
0.740933
0.738731
0.734014
0.740842
0.738476
0.733664
0.740862
0.73857
0.734015
0.740714
0.738535
0.733425
0.740588
0.738326
0.733806
0.740368
0.738616
0.733746
0.741038
0.738707
0.733851
0.740623
0.738601
0.733771
0.740109
0.743473
0.738931
0.740987
0.739072
0.733677
0.740353
0.738332
0.733595
0.741077
0.738639
0.733891
0.741301
0.738571
0.734308
0.740518
0.738365
0.734411
0.74172
0.738831
0.733705
0.740521
0.738904
0.733832
0.740739
0.738375
0.733454
0.740757
0.738641
0.734028
0.741267
0.738659
0.733726
0.741248
0.73887
0.733869
0.740959
0.738877
0.73378
0.740613
0.738102
0.733648
0.741163
0.738341
0.72846
0.73538
0.733078
0.728547
0.735574
0.733571
0.728715
0.73529
0.733317
0.728457
0.735078
0.733325
0.728516
0.735091
0.732749
0.728553
0.735044
0.732315
0.728226
0.736001
0.733411
0.72836
0.735629
0.732998
0.728192
0.735336
0.733091
0.728301
0.735202
0.733602
0.728779
0.73511
0.733129
0.72869
0.735245
0.739473
0.728926
0.73562
0.733061
0.731504
0.735633
0.733104
0.728351
0.735299
0.733151
0.728671
0.735532
0.733403
0.728294
0.737489
0.73333
0.728413
0.735131
0.733252
0.728639
0.730449
0.728271
0.722792
0.73012
0.728046
0.723713
0.729758
0.727824
0.723192
0.729949
0.728253
0.722807
0.730207
0.727572
0.723113
0.729887
0.727428
0.722391
0.730203
0.728214
0.72302
0.730172
0.727946
0.723012
0.730071
0.730369
0.724348
0.729501
0.727894
0.723061
0.730072
0.727178
0.722427
0.7306
0.727743
0.723315
0.729628
0.727886
0.72294
0.730178
0.728046
0.72294
0.729839
0.727816
0.723105
0.729989
0.728009
0.723176
0.729836
0.727656
0.723069
0.730165
0.727505
0.722926
0.729816
0.727939
0.723214
0.729925
0.727735
0.723454
0.730329
0.728126
0.722909
0.729823
0.727658
0.72328
0.73047
0.735192
0.722927
0.729793
0.72803
0.723115
0.7298
0.728041
0.723437
0.730828
0.728009
0.72282
0.730067
0.728119
0.723152
0.729706
0.727829
0.723278
0.730686
0.728487
0.723123
0.729981
0.727276
0.723185
0.730393
0.727618
0.723016
0.729805
0.727736
0.724186
0.730013
0.727793
0.723133
0.729867
0.728075
0.723303
0.729621
0.727552
0.722936
0.729895
0.727272
0.7228
0.73038
0.728025
0.723019
0.729982
0.727928
0.723207
0.730357
0.728316
0.723169
0.729613
0.728028
0.722666
0.729894
0.727702
0.722769
0.72986
0.727516
0.723299
0.729918
0.727729
0.722977
0.73174
0.728162
0.722875
0.729738
0.727621
0.723074
0.729984
0.728197
0.722549
0.730114
0.727631
0.722918
0.729515
0.727536
0.72257
0.729941
0.733282
0.726052
0.729921
0.727721
0.726706
0.730106
0.728351
0.722552
0.729921
0.72806
0.723182
0.729423
0.72786
0.722567
0.729673
0.72785
0.724439
0.730766
0.727959
0.723474
0.730365
0.728086
0.723811
0.730204
0.727967
0.723091
0.72973
0.72751
0.723093
0.729908
0.7279
0.722832
0.729412
0.727598
0.722754
0.730175
0.72765
0.722818
0.730509
0.727946
0.722902
0.730126
0.727908
0.722958
0.729971
0.729763
0.724077
0.729887
0.727791
0.722965
0.729805
0.727175
0.722837
0.729921
0.728439
0.723239
0.730232
0.728033
0.7232
0.729914
0.728593
0.723026
0.729705
0.728172
0.723076
0.730032
0.727625
0.722458
0.729869
0.727274
0.722815
0.730076
0.727913
0.723114
0.73114
0.728152
0.723214
0.72998
0.727944
0.723087
0.729947
0.728641
0.723434
0.730018
0.727384
0.7231
0.73082
0.732948
0.7258
0.729694
0.722538
0.717377
0.725285
0.722453
0.717567
0.725201
0.722579
0.717724
0.724228
0.72235
0.717927
0.724405
0.722332
0.717356
0.725649
0.72206
0.71782
0.724958
0.722503
0.717287
0.725349
0.722087
0.717817
0.724457
0.722701
0.718188
0.724226
0.722673
0.717218
0.724263
0.722462
0.717279
0.725174
0.721811
0.717323
0.725159
0.722283
0.718015
0.725741
0.722992
0.717937
0.724764
0.72248
0.71786
0.724848
0.722884
0.717468
0.724692
0.722214
0.717031
0.724772
0.721773
0.717747
0.724384
0.717287
0.712896
0.720144
0.717373
0.712106
0.719006
0.717565
0.712112
0.719263
0.717048
0.712167
0.719106
0.716648
0.712224
0.719248
0.716836
0.712116
0.719464
0.717195
0.712015
0.720139
0.717208
0.715508
0.723732
0.717309
0.712144
0.720915
0.717351
0.712024
0.718911
0.716881
0.71224
0.71928
0.717022
0.711983
0.719213
0.717292
0.712127
0.721275
0.717223
0.712041
0.719646
0.717126
0.712893
0.719641
0.717124
0.712362
0.719098
0.717626
0.71203
0.718834
0.717041
0.711803
0.719498
0.717011
0.712443
0.720073
0.716824
0.712818
0.719702
0.717239
0.712843
0.720607
0.717625
0.712213
0.71904
0.717359
0.71212
0.719338
0.718136
0.711939
0.719255
0.717023
0.712441
0.719602
0.716915
0.71391
0.719096
0.717447
0.712232
0.718863
0.717553
0.711803
0.720522
0.716675
0.712295
0.719701
0.716544
0.712408
0.71909
0.717487
0.711851
0.719597
0.717398
0.711845
0.7195
0.717152
0.712558
0.719688
0.717277
0.712082
0.719051
0.716792
0.713115
0.719104
0.716973
0.716062
0.723675
0.717776
0.712066
0.72348
0.71717
0.712186
0.719351
0.717267
0.711875
0.719077
0.717138
0.712515
0.71947
0.716842
0.712182
0.719085
0.716908
0.711716
0.719223
0.717303
0.712653
0.719884
0.717185
0.712382
0.719367
0.716881
0.712749
0.718929
0.717183
0.712584
0.718707
0.716961
0.712066
0.718981
0.716885
0.711908
0.71963
0.717245
0.71229
0.719808
0.717316
0.712954
0.719218
0.717164
0.712362
0.719301
0.717274
0.71181
0.71886
0.717382
0.711704
0.719315
0.716472
0.712004
0.719636
0.71722
0.712577
0.719362
0.717323
0.712323
0.719024
0.717599
0.712415
0.718827
0.717372
0.712407
0.719488
0.716613
0.711689
0.718769
0.716722
0.712457
0.718767
0.717183
0.712235
0.719293
0.717386
0.712214
0.718919
0.716991
0.711919
0.719309
0.717429
0.717932
0.721068
0.716908
0.713108
0.718939
0.716684
0.712175
0.719288
0.717606
0.712214
0.719451
0.71772
0.712115
0.71941
0.717123
0.713305
0.719232
0.717008
0.712533
0.719363
0.716863
0.712882
0.719923
0.717082
0.711989
0.718763
0.717622
0.712108
0.71951
0.71699
0.712539
0.719596
0.716906
0.712611
0.719079
0.717263
0.712678
0.718899
0.717047
0.711911
0.719133
0.716761
0.7119
0.719728
0.717124
0.713172
0.720701
0.716947
0.712915
0.719248
0.717235
0.712549
0.719107
0.717341
0.712206
0.719008
0.716945
0.706731
0.713587
0.71101
0.706451
0.714128
0.711469
0.70719
0.713962
0.711543
0.707394
0.713794
0.711776
0.70645
0.713325
0.712056
0.706666
0.713483
0.711377
0.707806
0.713843
0.711344
0.707213
0.713964
0.711721
0.70736
0.714292
0.711959
0.709819
0.717798
0.7123
0.70692
0.714232
0.712066
0.706687
0.713903
0.71118
0.707004
0.713622
0.711343
0.706877
0.713922
0.711966
0.706462
0.714657
0.71181
0.706783
0.714017
0.71155
0.706889
0.714255
0.711818
0.707263
0.713558
0.711559
0.707234
0.708599
0.706163
0.700893
0.708599
0.70626
0.701592
0.708662
0.706183
0.70114
0.708951
0.706186
0.701761
0.708008
0.706578
0.701361
0.708224
0.706065
0.701073
0.710496
0.706034
0.701769
0.708454
0.706407
0.701033
0.708968
0.706298
0.701809
0.708793
0.706205
0.702053
0.708333
0.706425
0.701274
0.708131
0.706352
0.701026
0.708514
0.706325
0.701288
0.708773
0.706016
0.702216
0.708727
0.706348
0.701678
0.708475
0.706351
0.701452
0.708221
0.706452
0.700975
0.708745
0.70601
0.701304
0.708526
0.705898
0.701345
0.712929
0.709474
0.70204
0.709825
0.707045
0.701695
0.708034
0.706632
0.701515
0.708705
0.706278
0.701329
0.708565
0.705751
0.701231
0.708315
0.706862
0.701321
0.70853
0.706728
0.701318
0.708763
0.707939
0.701483
0.709073
0.706442
0.70191
0.708731
0.706368
0.701691
0.708339
0.70618
0.701573
0.708463
0.706335
0.701018
0.708309
0.706809
0.701142
0.708929
0.706194
0.702304
0.708892
0.706489
0.70193
0.708855
0.706897
0.701696
0.708157
0.706531
0.701362
0.708301
0.706609
0.701193
0.70864
0.706703
0.70158
0.709209
0.706179
0.701857
0.708901
0.706499
0.701822
0.708589
0.706903
0.701422
0.708468
0.706282
0.700964
0.708741
0.706076
0.701091
0.708779
0.706269
0.701972
0.708582
0.706401
0.702211
0.708771
0.706543
0.701508
0.708286
0.70664
0.701396
0.708634
0.706246
0.70106
0.708492
0.705819
0.702276
0.716471
0.707068
0.701281
0.708523
0.706625
0.701435
0.708263
0.706638
0.701661
0.708503
0.706393
0.701242
0.708527
0.706102
0.701291
0.708169
0.705808
0.701984
0.709398
0.706756
0.701396
0.70862
0.70713
0.70151
0.709089
0.706337
0.701454
0.708194
0.706644
0.702117
0.708084
0.705984
0.701755
0.708303
0.706215
0.700929
0.708883
0.706415
0.701509
0.708608
0.706681
0.703529
0.708718
0.706202
0.701785
0.708145
0.706687
0.701729
0.708347
0.7062
0.701363
0.708614
0.706265
0.701146
0.708571
0.706463
0.701176
0.70936
0.706342
0.701814
0.708823
0.706488
0.701747
0.7085
0.706966
0.701342
0.708309
0.706078
0.707688
0.710586
0.706078
0.701336
0.708972
0.706292
0.701843
0.708837
0.706211
0.701862
0.708366
0.706912
0.701404
0.708382
0.706451
0.701273
0.709656
0.706601
0.701276
0.708073
0.705539
0.701658
0.708331
0.706757
0.701789
0.708682
0.706658
0.701213
0.710072
0.706741
0.701586
0.708533
0.70674
0.701159
0.708725
0.706223
0.701821
0.702875
0.70039
0.696338
0.703004
0.701162
0.695978
0.702898
0.701145
0.696235
0.703758
0.700737
0.696049
0.702882
0.701037
0.696589
0.702898
0.700758
0.696335
0.702843
0.70042
0.696202
0.70387
0.701027
0.696249
0.703597
0.701149
0.696044
0.703203
0.700645
0.696767
0.703014
0.704133
0.701024
0.702831
0.700724
0.695416
0.702974
0.700747
0.696184
0.703545
0.700919
0.696017
0.703473
0.700934
0.696421
0.704624
0.700912
0.696166
0.702896
0.702221
0.69598
0.703037
0.700622
0.695385
0.698056
0.695234
0.690188
0.69764
0.695188
0.691071
0.698379
0.695553
0.69071
0.697945
0.696733
0.691569
0.697614
0.696271
0.690322
0.697857
0.695339
0.690477
0.697922
0.694713
0.690872
0.697939
0.695581
0.690937
0.697929
0.695815
0.69053
0.698461
0.69593
0.690586
0.698074
0.695576
0.690904
0.697887
0.696549
0.691046
0.697461
0.695162
0.690857
0.697666
0.695553
0.691652
0.697751
0.695776
0.690538
0.698289
0.697042
0.696432
0.697793
0.695923
0.690964
0.697543
0.695504
0.690873
0.698288
0.695327
0.690588
0.697655
0.695992
0.690623
0.697927
0.695764
0.690458
0.698212
0.696008
0.691735
0.697544
0.695505
0.691025
0.697821
0.695635
0.690309
0.697014
0.69574
0.690489
0.698101
0.695565
0.690675
0.698061
0.695258
0.690788
0.697832
0.696052
0.691102
0.697433
0.696231
0.690672
0.697477
0.695593
0.690278
0.697934
0.695144
0.691519
0.698262
0.695562
0.691029
0.698217
0.698245
0.691229
0.69829
0.695817
0.690326
0.69733
0.695583
0.690626
0.697781
0.695306
0.690133
0.697927
0.697627
0.693851
0.697851
0.695601
0.69137
0.697813
0.695732
0.69744
0.698751
0.695867
0.69072
0.697767
0.696618
0.690932
0.698345
0.696179
0.691555
0.698291
0.696172
0.691741
0.698404
0.696359
0.691406
0.698798
0.696856
0.692712
0.698725
0.696302
0.691358
0.698701
0.69647
0.692337
0.698377
0.696284
0.691543
0.698354
0.6963
0.691321
0.698524
0.696572
0.691478
0.69929
0.696592
0.691374
0.698807
0.696632
0.691825
0.698115
0.696439
0.691536
0.698651
0.696249
0.69105
0.698314
0.696589
0.691457
0.698872
0.696545
0.691467
0.699203
0.696327
0.691638
0.698743
0.696388
0.691603
0.698269
0.69688
0.691186
0.6983
0.696173
0.691252
0.698252
0.696111
0.691279
0.701147
0.696108
0.698742
0.69965
0.69651
0.691827
0.698619
0.696448
0.691422
0.698264
0.696535
0.691696
0.698939
0.696171
0.690873
0.698502
0.695765
0.692186
0.698361
0.696813
0.69261
0.698779
0.696504
0.691347
0.69856
0.696499
0.691328
0.69865
0.696426
0.69098
0.698705
0.695935
0.691119
0.698136
0.696348
0.691748
0.698558
0.696602
0.691172
0.698838
0.696298
0.691238
0.698637
0.69774
0.691582
0.698771
0.696697
0.692049
0.698295
0.695877
0.691653
0.698719
0.696105
0.691424
0.70049
0.696825
0.691151
0.699445
0.696476
0.691568
0.698511
0.696007
0.691953
0.698454
0.696326
0.69146
0.698461
0.696132
0.691131
0.698589
0.696136
0.691633
0.694921
0.691139
0.685799
0.693965
0.691099
0.686558
0.693387
0.690887
0.686475
0.693025
0.692434
0.685771
0.693026
0.690701
0.685714
0.696111
0.690958
0.686602
0.693406
0.690905
0.686079
0.693091
0.690823
0.686436
0.693407
0.691421
0.691447
0.693008
0.691076
0.685873
0.692965
0.690449
0.686037
0.69296
0.690551
0.686489
0.693462
0.690885
0.686067
0.693914
0.691145
0.685691
0.69328
0.691308
0.686078
0.693421
0.690988
0.685786
0.693449
0.690595
0.68605
0.693247
0.690163
0.687562
0.687821
0.685865
0.680495
0.687783
0.687151
0.680666
0.68807
0.685908
0.680405
0.687548
0.685757
0.680753
0.68758
0.685422
0.680955
0.695671
0.686256
0.680069
0.687423
0.685832
0.680629
0.688592
0.68533
0.680242
0.688128
0.685435
0.680798
0.687119
0.685641
0.680917
0.687549
0.685734
0.680411
0.687897
0.685511
0.680396
0.688473
0.685562
0.680423
0.688248
0.685962
0.681081
0.687683
0.685521
0.681024
0.687548
0.685869
0.68048
0.68954
0.685534
0.680418
0.688058
0.68537
0.680434
0.688133
0.685743
0.680379
0.687985
0.6855
0.680607
0.687785
0.686091
0.680449
0.687243
0.685982
0.680612
0.687746
0.685463
0.680426
0.687504
0.685008
0.680354
0.687705
0.685564
0.680224
0.688562
0.686025
0.680402
0.687591
0.685889
0.681246
0.687266
