23
23
23
23
23
24
24
24
24
24
24
24
24
24
24
24
24
24
24
24
24
24
24
24
24
24
24
24
24
24
24
24
25
25
25
25
27
27
28
30
31
32
34
35
41
45
47
56
66
64
41
46
48
35
36
38
39
39
41
43
44
45
50
51
60
53
36
37
36
65
37
37
37
37
37
38
37
68
38
38
38
38
38
38
38
37
38
38
38
38
38
60
59
58
38
37
37
37
58
55
52
52
52
53
51
51
50
51
49
49
47
48
48
45
45
46
45
45
44
44
43
44
44
43
43
42
41
43
41
40
40
40
41
41
40
40
39
40
40
38
39
38
39
37
38
37
37
37
37
37
37
37
36
37
37
36
36
36
36
36
36
36
36
35
36
35
35
35
35
35
35
35
34
34
34
34
34
34
34
34
34
34
34
33
33
33
32
32
32
33
33
32
32
32
32
32
32
31
31
31
31
31
31
31
30
31
31
30
31
30
30
30
30
30
30
30
30
30
30
29
29
29
29
29
29
28
29
29
28
28
28
28
28
28
28
27
28
27
27
27
27
26
26
26
26
26
26
26
26
26
25
25
25
25
25
25
25
24
24
24
24
24
24
24
24
24
23
23
23
23
22
23
23
22
23
22
22
22
21
22
21
21
21
21
21
21
20
20
20
20
20
20
20
20
20
19
19
19
19
19
