25
25
25
25
25
25
25
25
25
25
25
24
25
25
24
24
25
25
25
25
24
24
25
24
25
24
24
25
24
25
25
25
25
25
25
26
27
27
28
29
31
33
34
37
40
43
50
42
46
56
53
44
50
36
37
39
39
41
40
42
45
47
47
48
53
51
52
36
36
36
36
36
36
36
36
36
36
36
36
36
36
36
36
36
35
36
35
64
35
35
35
57
52
55
52
54
54
53
49
49
48
47
47
47
46
45
46
46
46
44
43
42
41
40
40
39
40
40
39
38
37
38
39
37
37
37
36
36
36
36
36
35
35
35
35
34
34
34
33
34
33
64
33
33
31
31
32
32
32
32
31
31
32
32
31
31
31
31
31
31
30
31
31
30
30
30
30
29
30
30
30
30
29
29
29
29
29
28
29
29
29
29
28
29
29
28
29
29
29
28
28
28
27
28
27
27
27
27
28
28
27
27
27
27
27
27
27
27
26
26
26
27
26
26
26
26
26
25
26
25
25
25
25
25
25
25
24
24
25
24
24
24
24
24
24
24
24
24
23
23
23
22
23
23
23
23
22
22
22
22
22
22
22
21
21
21
21
21
21
21
21
20
20
20
20
20
19
19
19
19
19
19
18
18
18
18
18
18
18
18
18
18
17
17
17
17
17
17
17
17
17
17
17
16
16
16
16
16
16
16
