1.53959
1.28642
1.03468
0.862165
0.766401
0.715943
0.68522
-0.64909
-0.641077
-0.633793
-0.627151
-0.621075
-0.615496
-0.610356
-0.605601
-0.601185
-0.597066
-0.593208
-0.589578
-0.586148
-0.582891
-0.579785
-0.57681
-0.573947
-0.57118
-0.568494
-0.565875
-0.563312
-0.560793
-0.558308
-0.556119
-0.554585
-0.55358
-0.552614
-0.551545
-0.550382
-0.549129
-0.547792
-0.546374
-0.544877
-0.543303
-0.541652
-0.539922
-0.538113
-0.536221
-0.534243
-0.532175
-0.530012
-0.527749
-0.525379
-0.522897
-0.520295
-0.517565
-0.514701
-0.511694
-0.508538
-0.505223
-0.501744
-0.498094
-0.494265
-0.490252
-0.486264
-0.482554
-0.479116
-0.475925
-0.472967
-0.470233
-0.467702
-0.465187
-0.462469
-0.459541
-0.456401
-0.453044
-0.449468
-0.445671
-0.441649
-0.437404
-0.432932
-0.428235
-0.423312
-0.418165
-0.412793
-0.407199
-0.401385
-0.395354
-0.389108
-0.382653
-0.375992
-0.369133
-0.362082
-0.354848
-0.347453
-0.339874
-0.332145
-0.324277
-0.316952
-0.312265
-0.309944
-0.308147
-0.306068
-0.303638
-0.301155
-0.299275
-0.297655
-0.295721
-0.293466
-0.29088
-0.287965
-0.284744
-0.281243
-0.27741
-0.273222
-0.26875
-0.263971
-0.25892
-0.253609
-0.248062
-0.242288
-0.236319
-0.23018
-0.223896
-0.217505
-0.211012
-0.204431
-0.197785
-0.191197
-0.184584
-0.177988
-0.171434
-0.164946
-0.15854
-0.152231
-0.146034
-0.139962
-0.134025
-0.128233
-0.122598
-0.117123
-0.1118
-0.106643
-0.101658
-0.0968474
-0.0922135
-0.0877491
-0.0834588
-0.0793432
-0.0753851
-0.0716035
-0.0679749
-0.064511
-0.0611976
-0.0580326
-0.0550143
-0.0521439
-0.0493956
-0.0467846
-0.0442976
-0.041932
-0.0396862
-0.0375521
-0.0355241
-0.033601
-0.0317752
-0.0300447
-0.0284024
-0.0268492
-0.0253728
-0.023974
-0.0226497
-0.021396
-0.0202094
-0.0190871
-0.0180288
-0.0170227
-0.0160713
-0.0151726
-0.0143228
-0.0135193
-0.0127596
-0.0120423
-0.0113641
-0.0107233
-0.0101179
-0.00954622
-0.00900623
-0.00849592
-0.00801448
-0.00755974
-0.00713016
-0.00672589
-0.00634172
-0.00598185
-0.00563968
-0.00531845
-0.0050151
-0.0047309
-0.00445595
-0.0042029
-0.00396478
-0.00373322
-0.00352119
-0.00331895
-0.00312908
-0.00294934
-0.00277994
-0.00262021
-0.00246955
-0.00232749
-0.00219383
-0.00206687
-0.00194738
-0.00183661
-0.00172879
-0.00162922
-0.00153679
-0.00144487
-0.00136367
-0.00128332
-0.00120944
-0.00114084
-0.00107209
-0.00101201
-0.00095243
-0.000897424
-0.0008465
-0.000795089
-0.000750613
-0.000706417
-0.000665493
-0.000627713
-0.000589425
-0.000556473
-0.00052284
-0.000493592
-0.000464576
-0.000437506
-0.000412636
-0.000387249
-0.000365647
-0.000343444
-0.00032426
-0.000304515
-0.000287504
-0.000269943
-0.000254987
-0.0002399
-0.000226207
-0.000212481
-0.000200058
-0.000188363
-0.000177341
-0.000166974
-0.00015721
-0.000147999
-0.000139315
-0.000131132
-0.000123429
-0.000116179
-0.00010936
-0.000102944
-9.69097e-05
-9.12314e-05
-8.58888e-05
-8.08606e-05
-7.61283e-05
-7.1673e-05
-6.74799e-05
-6.3532e-05
-5.98148e-05
-5.63139e-05
-5.30183e-05
-4.99145e-05
-4.69911e-05
-4.42394e-05
-4.16473e-05
-3.92063e-05
-3.69086e-05
-3.47446e-05
-3.27083e-05
-3.07899e-05
-2.89848e-05
-2.7285e-05
-2.56847e-05
-2.41783e-05
-2.276e-05
-2.14247e-05
-2.0168e-05
-1.89851e-05
-1.78718e-05
-1.6824e-05
-1.58378e-05
-1.49096e-05
-1.40359e-05
-1.32134e-05
-1.24403e-05
-1.17112e-05
-1.10252e-05
-1.03796e-05
-9.77209e-06
