-1.92312
-1.84266
-1.76475
-1.6901
-1.61923
-1.5525
-1.49014
-1.4322
-1.37862
-1.32924
-1.28383
-1.2421
-1.20372
-1.17758
-1.17129
-1.16325
-1.1526
-1.13998
-1.12591
-1.11062
-1.09453
-1.07788
-1.06077
-1.04346
-1.02603
-1.00851
-0.990921
-0.973244
-0.955461
-0.93754
-0.919376
-0.901143
-0.891258
-0.884418
-0.877995
-0.871937
-0.86621
-0.860676
-0.85472
-0.848228
-0.84118
-0.833551
-0.82532
-0.816461
-0.80695
-0.796764
-0.785878
-0.774402
-0.763336
-0.752906
-0.743068
-0.733765
-0.724218
-0.713981
-0.703042
-0.69139
-0.679018
-0.665926
-0.652118
-0.637604
-0.622401
-0.606534
-0.590033
-0.572938
-0.555295
-0.537156
-0.518583
-0.49964
-0.4804
-0.460937
-0.441331
-0.421662
-0.402011
-0.382459
-0.363083
-0.343959
-0.325156
-0.306739
-0.288768
-0.271292
-0.254357
-0.237999
-0.222247
-0.207123
-0.192642
-0.178811
-0.165633
-0.153105
-0.141219
-0.129964
-0.119325
-0.109296
-0.0998259
-0.0909151
-0.0825399
-0.0751457
-0.0687054
-0.063368
-0.0587959
-0.0547436
-0.0511337
-0.0479164
-0.0449896
-0.0423108
-0.0401887
-0.0383149
-0.0364959
-0.0347912
-0.0330789
-0.0317848
-0.029675
-0.0284866
-0.0269279
-0.0256211
-0.0242556
-0.0229978
-0.021746
-0.0205499
-0.0193867
-0.0182736
-0.0171976
-0.0161456
0.016073
0.0161898
0.0163049
0.016381
0.0163992
0.0163646
0.0162844
0.0161785
0.0160512
0.0159042
0.0157397
0.0155662
0.0154012
0.0152019
0.0149723
0.0147162
0.0144371
0.0141382
0.0138227
0.0134931
0.0131522
0.0128022
0.0124454
0.0120837
0.0117188
0.0113525
0.010986
0.0106209
0.0102581
0.00989884
0.00954394
0.00919422
0.00885038
0.00851302
0.00818266
0.00785973
0.00754459
0.00723752
0.00693875
0.00664846
0.00636677
0.00609375
0.00582944
0.00557383
0.00532689
0.00508855
0.00485873
0.00463731
0.00442416
0.00421914
0.00402209
0.00383282
0.00365115
0.0034769
0.00330987
0.00314984
0.00299662
0.00284999
0.00270976
0.00257569
0.00244759
0.00232525
0.00220846
0.00209701
0.00199071
0.00188937
0.00179276
0.00170113
0.00161335
0.00152981
0.00145019
0.00137452
0.00130313
0.00123569
0.00117041
0.00110854
0.00105024
0.000994079
0.000940786
0.000890219
0.000842493
0.000797133
0.000754247
0.000713482
0.000674924
0.000638298
0.000603581
0.000570837
0.000539984
0.000510838
0.000482638
0.000456024
0.000431073
0.000407357
0.00038493
0.000363418
0.000343213
0.000324292
0.000306493
0.000289661
0.000273312
0.000257896
0.000243488
0.000229978
0.000217226
0.000204862
0.000193221
0.000182353
0.000172169
0.000162562
0.000153467
0.000144866
0.000136484
0.000128605
0.000121277
0.000114434
0.000107994
0.000101904
9.6152e-05
9.07052e-05
8.55579e-05
8.06819e-05
7.59467e-05
7.14982e-05
6.73694e-05
6.35268e-05
5.99177e-05
5.65166e-05
5.3307e-05
5.02757e-05
4.74099e-05
4.47014e-05
4.21407e-05
3.97205e-05
3.74336e-05
3.52733e-05
3.32332e-05
3.13074e-05
2.94902e-05
2.7776e-05
2.61589e-05
2.46343e-05
2.31975e-05
2.18435e-05
2.05674e-05
1.9365e-05
1.82327e-05
1.71659e-05
1.61613e-05
1.5216e-05
1.43251e-05
1.3486e-05
1.26959e-05
1.19519e-05
1.12514e-05
1.05918e-05
9.97082e-06
9.38619e-06
8.83569e-06
8.31783e-06
7.82993e-06
7.3707e-06
6.93829e-06
6.53106e-06
6.14765e-06
5.78677e-06
5.44691e-06
5.12692e-06
4.82569e-06
4.5421e-06
4.27469e-06
4.0236e-06
3.78728e-06
3.56475e-06
3.35524e-06
3.15801e-06
2.97232e-06
