0.722094
0.707183
0.708206
0.701264
0.697481
0.709038
0.708855
0.705419
0.701377
0.718849
0.708661
0.697579
0.70751
0.709259
0.706984
0.698521
0.712173
0.706812
0.710728
0.705045
0.697896
0.709957
0.725915
0.705491
0.706619
0.703489
0.706131
0.713672
0.705213
0.709311
0.710314
0.711473
0.720749
0.711824
0.726449
0.733331
0.738289
0.749427
0.749113
0.766101
0.786894
0.790433
0.809136
0.832121
0.874656
0.928338
0.984228
1.04291
1.15044
1.21242
1.08653
1.03188
1.0549
0.936441
0.945047
0.952957
0.943844
0.947418
0.963154
0.97314
0.999799
1.00039
1.02699
1.05417
1.11983
1.06742
0.993618
0.935173
0.92065
1.07243
0.931124
0.920047
0.924006
0.933989
0.922069
0.927349
0.924588
1.07819
0.93475
0.935915
0.937336
0.920218
0.928557
0.926165
0.928482
0.930785
0.919635
1.07729
0.924738
0.935632
0.931636
1.15249
1.1046
1.11345
1.01374
1.01546
1.01193
1.00641
1.08849
1.06076
1.05055
1.03782
1.04885
1.05634
1.02927
1.02719
1.02318
1.02177
1.02152
1.02643
1.00066
0.996904
0.994879
0.977797
0.977539
0.990596
0.978717
0.972056
0.958098
0.957351
0.950972
0.956722
0.96296
0.953443
0.950075
0.944967
0.934689
0.949679
0.942224
0.943157
0.939163
0.945971
0.932024
0.93974
0.928036
0.932763
0.92032
0.931613
0.920522
0.926328
0.935803
1.06248
0.922706
0.910055
0.906065
0.892606
0.908446
0.908227
0.909398
0.923674
0.911049
0.900673
0.89812
0.915183
0.90133
0.887738
0.903272
0.897986
0.906785
0.893069
0.888822
0.911038
0.903222
0.882907
0.881959
0.891938
0.8941
0.874896
0.881651
0.878609
0.878569
0.878608
0.881687
0.884399
0.872008
0.880635
0.870145
0.878596
0.879525
0.873218
0.869699
0.878887
0.869805
0.873189
0.869425
0.872239
0.865601
0.854955
0.866623
0.859476
0.86297
0.858935
0.867839
0.865321
0.857914
0.854116
0.851867
0.849768
0.86598
0.859639
0.849599
0.846033
0.853373
0.848258
0.841763
0.855255
0.850927
0.844604
0.841586
0.843167
0.840286
0.850771
0.842568
0.844756
0.846654
0.841233
0.837415
0.838307
0.834867
0.828262
0.82315
0.831208
0.845043
0.852384
0.841906
0.828119
0.820183
0.829553
0.815573
0.810457
0.811441
0.811982
0.813932
0.821933
0.805601
0.805388
0.807562
0.807763
0.796709
0.805431
0.802421
0.781657
0.795346
0.801808
0.788696
0.798328
0.78771
0.786403
0.785534
0.795364
0.776769
0.78839
0.79233
0.788839
0.775746
0.77888
0.774784
0.778975
0.774056
0.780032
0.772452
0.773652
0.766403
0.772499
0.765527
0.788199
0.762311
0.758567
0.755903
0.755395
0.754164
0.75728
0.766976
0.756825
0.750519
0.747046
0.7495
0.744874
0.736033
0.74929
0.741512
0.73954
0.731866
0.737519
0.745699
0.734694
0.749797
0.743548
0.737224
0.729367
0.72828
0.733144
0.730029
0.727689
0.730295
0.724294
0.721278
0.719224
0.72098
0.716762
