284.758
57.812
33.7295
3.82217
22.4419
25.26
32.1798
33.1032
33.7103
33.9863
34.0051
33.6484
33.0956
30.8826
26.2585
24.6272
22.7499
16.3581
9.70926
15.6715
27.9663
30.1303
31.786
39.356
41.4831
42.5955
43.3721
43.7157
43.7111
43.5393
43.2866
46.2866
45.893
44.8994
45.3472
42.7376
41.054
40.0302
38.867
38.728
38.5214
38.3534
37.6126
36.5597
35.3677
34.2383
31.7409
30.874
31.0025
29.647
26.4572
25.3218
25.2362
24.4153
22.3134
20.6422
19.8204
18.9871
18.5455
17.4679
17.2543
17.0867
17.7944
18.0958
18.3747
18.4901
18.5488
18.5618
18.5769
18.7614
18.5376
18.4525
18.3567
18.1681
17.9917
17.8193
17.5603
17.533
17.1888
16.9605
16.7482
16.5308
16.4134
16.4097
16.429
16.4302
16.473
16.6007
16.3089
16.4561
16.4959
16.3356
16.4238
16.5365
16.1792
16.0163
15.9488
15.8249
15.6571
15.8687
15.7971
15.8186
15.8201
15.8445
15.8641
15.8211
15.8866
15.8208
16.2512
15.991
15.9866
15.9969
15.9459
15.7932
15.7894
15.6741
15.3481
15.0174
14.8941
14.6487
14.5595
14.432
13.8054
13.5809
13.4748
14.6137
13.1608
13.1183
13.0004
12.8871
12.7548
12.6048
12.4472
12.2908
12.127
11.8908
11.5649
11.0132
10.2555
10.1475
10.0224
10.1033
9.94827
9.7322
9.80197
9.70387
9.26979
9.76816
9.0942
9.35643
8.80137
8.60045
8.5615
8.29112
7.09285
7.54137
7.19895
7.10344
7.30478
7.01218
6.8598
6.9865
6.69288
6.59267
6.21688
6.10431
5.19771
5.19537
5.26721
5.19627
5.17081
5.23344
5.1662
3.75745
3.91366
4.15635
3.82668
3.59614
3.53257
3.59194
3.27025
3.16244
3.10873
3.11131
2.8579
2.68578
2.85216
2.5925
2.36977
2.62719
1.1935
2.84999
1.55821
2.56498
3.22182
1.03097
1.00519
2.55298
1.04265
1.0127
3.14737
1.28675
2.02489
1.33358
2.03284
1.27643
1.9803
1.30712
1.81292
1.83702
1.12612
1.0267
0.995442
2.23036
1.02189
0.994238
1.30036
0.991164
1.82897
1.00397
0.976375
1.00729
0.998799
1.74578
1.01797
0.980944
0.99537
0.984161
1.60862
0.985912
0.964636
0.987134
0.968463
0.997322
0.959862
1.48884
0.982999
0.961335
0.973528
0.959773
0.979132
0.934382
0.970379
0.955327
0.963956
1.23867
0.962949
0.939423
0.938965
0.948172
0.929632
0.941237
0.945805
0.94168
0.928945
0.93295
0.929369
0.931842
0.927133
0.944242
0.925077
0.926473
0.919158
0.925441
0.918276
0.941485
0.91519
0.912843
0.908898
0.908345
0.907258
0.91018
0.924989
0.910237
0.90463
0.89979
0.902227
0.897583
0.888991
0.902252
0.894263
0.893675
0.884924
0.89034
0.899438
0.887641
0.905206
0.898012
0.890063
0.882414
0.882565
0.885859
0.883319
0.881454
0.88303
0.877614
0.873947
0.872343
0.873848
0.871233
