1.44462
1.18325
0.926762
-0.775098
-0.759779
-0.745771
-0.732919
-0.721086
-0.710152
-0.700014
-0.690578
-0.681766
-0.673507
-0.665738
-0.658406
-0.651462
-0.644866
-0.638581
-0.632574
-0.626817
-0.621285
-0.615956
-0.610811
-0.605832
-0.601006
-0.596317
-0.591756
-0.58731
-0.582972
-0.578732
-0.574584
-0.570522
-0.566538
-0.562629
-0.558789
-0.555015
-0.551303
-0.547649
-0.544051
-0.540506
-0.53701
-0.533563
-0.530162
-0.526805
-0.52349
-0.520216
-0.516982
-0.513786
-0.510626
-0.507502
-0.504413
-0.501358
-0.498335
-0.495343
-0.492383
-0.489453
-0.486553
-0.483681
-0.480837
-0.47802
-0.475231
-0.472467
-0.469729
-0.467017
-0.464329
-0.461665
-0.459025
-0.456408
-0.453814
-0.451242
-0.448692
-0.446163
-0.443656
-0.44117
-0.438704
-0.436258
-0.433832
-0.431425
-0.429037
-0.426668
-0.424318
-0.421985
-0.419671
-0.417374
-0.415095
-0.412833
-0.410587
-0.408358
-0.406146
-0.403949
-0.401769
-0.399604
-0.397455
-0.39532
-0.393201
-0.391097
-0.389007
-0.386931
-0.38487
-0.382823
-0.38079
-0.37877
-0.376764
-0.374771
-0.372792
-0.370825
-0.368871
-0.36693
-0.365002
-0.363086
-0.361182
-0.35929
-0.357411
-0.355543
-0.353687
-0.351842
-0.350009
-0.348187
-0.346377
-0.344578
-0.342789
-0.341012
-0.339245
-0.337489
-0.335743
-0.334008
-0.332283
-0.330569
-0.328864
-0.32717
-0.325485
-0.323811
-0.322146
-0.320491
-0.318845
-0.317209
-0.315583
-0.313965
-0.312357
-0.310758
-0.309168
-0.307588
-0.306016
-0.304453
-0.302899
-0.301353
-0.299816
-0.298288
-0.296768
-0.295257
-0.293754
-0.29226
-0.290773
-0.289295
-0.287825
-0.286363
-0.284909
-0.283462
-0.282024
-0.280594
-0.279171
-0.277756
-0.276348
-0.274948
-0.273556
-0.272171
-0.270794
-0.269424
-0.268061
-0.266706
-0.265358
-0.264017
-0.262683
-0.261356
-0.260036
-0.258723
-0.257417
-0.256118
-0.254826
-0.253541
-0.252262
-0.25099
-0.249725
-0.248467
-0.247215
-0.245969
-0.24473
-0.243498
-0.242272
-0.241052
-0.239839
-0.238632
-0.237431
-0.236236
-0.235048
-0.233866
-0.23269
-0.23152
-0.230356
-0.229198
-0.228046
-0.2269
-0.22576
-0.224625
-0.223497
-0.222374
-0.221257
-0.220146
-0.219041
-0.217941
-0.216847
-0.215758
-0.214675
-0.213598
-0.212526
-0.21146
-0.210399
-0.209343
-0.208293
-0.207248
-0.206208
-0.205174
-0.204145
-0.203121
-0.202103
-0.20109
-0.200081
-0.199078
-0.19808
-0.197087
-0.1961
-0.195117
-0.194139
-0.193166
-0.192198
-0.191235
-0.190277
-0.189323
-0.188375
-0.187431
-0.186492
-0.185558
-0.184628
-0.183703
-0.182783
-0.181868
-0.180957
-0.180051
-0.179149
-0.178252
-0.177359
-0.176471
-0.175588
-0.174708
-0.173834
-0.172963
-0.172097
-0.171236
-0.170379
-0.169526
-0.168677
-0.167833
-0.166993
-0.166157
-0.165325
-0.164498
-0.163674
-0.162855
-0.16204
-0.161229
-0.160422
-0.159619
-0.158821
-0.158026
-0.157235
-0.156448
-0.155665
-0.154887
-0.154112
-0.15334
-0.152573
-0.15181
-0.15105
-0.150294
-0.149542
-0.148794
-0.14805
-0.147309
-0.146572
-0.145839
-0.145109
-0.144383
-0.143661
-0.142942
-0.142227
-0.141516
-0.140808
-0.140104
-0.139403
-0.138705
-0.138012
-0.137321
-0.136634
-0.135951
-0.135271
-0.134594
-0.133921
-0.133251
-0.132585
-0.131922
-0.131262
-0.130605
-0.129952
-0.129302
-0.128655
-0.128012
-0.127372
-0.126735
-0.126101
-0.12547
-0.124843
-0.124218
-0.123597
-0.122979
-0.122364
-0.121752
-0.121143
-0.120537
-0.119934
-0.119334
-0.118738
-0.118144
-0.117553
-0.116965
-0.11638
-0.115798
-0.115219
-0.114643
-0.11407
-0.113499
-0.112932
-0.112367
-0.111805
-0.111246
-0.11069
-0.110136
-0.109585
-0.109037
-0.108492
-0.107949
-0.10741
-0.106873
-0.106338
-0.105806
-0.105277
-0.104751
-0.104227
-0.103706
-0.103187
-0.102671
-0.102158
-0.101647
-0.101139
-0.100633
-0.10013
-0.0996291
-0.099131
-0.0986353
-0.0981421
-0.0976513
-0.097163
-0.0966772
-0.0961937
-0.0957127
-0.0952342
-0.094758
-0.0942841
-0.0938127
-0.0933436
-0.0928769
-0.0924124
-0.0919504
-0.0914906
-0.0910331
-0.0905779
-0.090125
-0.0896744
-0.089226
-0.0887798
-0.0883359
-0.0878942
-0.0874547
-0.0870174
-0.0865823
-0.0861494
-0.0857186
-0.08529
-0.0848636
-0.0844392
-0.084017
-0.0835969
-0.0831789
-0.082763
-0.0823492
-0.0819374
-0.0815277
-0.0811201
-0.0807145
-0.0803109
-0.0799093
-0.0795098
-0.0791122
-0.0787167
-0.0783231
-0.0779314
-0.0775418
-0.0771541
-0.0767683
-0.0763844
-0.0760025
-0.0756225
-0.0752444
-0.0748681
-0.0744938
-0.0741213
-0.0737507
-0.073382
-0.073015
-0.07265
-0.0722867
-0.0719253
-0.0715656
-0.0712078
-0.0708518
-0.0704975
-0.070145
-0.0697943
-0.0694453
-0.0690981
-0.0687526
-0.0684088
-0.0680668
-0.0677264
-0.0673878
-0.0670509
-0.0667156
-0.066382
-0.0660501
-0.0657199
-0.0653913
-0.0650643
-0.064739
-0.0644153
-0.0640932
-0.0637727
-0.0634539
-0.0631366
-0.0628209
-0.0625068
-0.0621943
-0.0618833
-0.0615739
-0.061266
-0.0609597
-0.0606549
-0.0603516
-0.0600499
-0.0597496
-0.0594509
-0.0591536
-0.0588579
-0.0585636
-0.0582707
-0.0579794
-0.0576895
-0.0574011
-0.057114
-0.0568285
-0.0565443
-0.0562616
-0.0559803
-0.0557004
-0.0554219
-0.0551448
-0.0548691
-0.0545947
-0.0543218
-0.0540502
-0.0537799
-0.053511
-0.0532435
-0.0529772
-0.0527124
-0.0524488
-0.0521865
-0.0519256
-0.051666
-0.0514077
-0.0511506
-0.0508949
-0.0506404
-0.0503872
-0.0501353
-0.0498846
-0.0496352
-0.049387
-0.0491401
-0.0488944
-0.0486499
-0.0484066
-0.0481646
-0.0479238
-0.0476842
-0.0474458
-0.0472085
-0.0469725
-0.0467376
-0.0465039
-0.0462714
-0.0460401
-0.0458099
-0.0455808
-0.0453529
-0.0451262
-0.0449005
-0.044676
-0.0444526
-0.0442304
-0.0440092
-0.0437892
-0.0435702
-0.0433524
-0.0431356
-0.04292
-0.0427054
-0.0424918
-0.0422794
-0.042068
-0.0418577
-0.0416484
-0.0414401
-0.0412329
-0.0410268
-0.0408216
-0.0406175
-0.0404144
-0.0402124
-0.0400113
-0.0398113
-0.0396122
-0.0394141
-0.0392171
-0.039021
-0.0388259
-0.0386318
-0.0384386
-0.0382464
-0.0380552
-0.0378649
-0.0376756
-0.0374872
-0.0372998
-0.0371133
-0.0369277
-0.0367431
-0.0365594
-0.0363766
-0.0361947
-0.0360137
-0.0358337
-0.0356545
-0.0354762
-0.0352988
-0.0351223
-0.0349467
-0.034772
-0.0345981
-0.0344252
-0.034253
-0.0340818
-0.0339114
-0.0337418
-0.0335731
-0.0334052
-0.0332382
-0.033072
-0.0329067
-0.0327421
-0.0325784
-0.0324155
-0.0322535
-0.0320922
-0.0319317
-0.0317721
-0.0316132
-0.0314552
-0.0312979
-0.0311414
-0.0309857
-0.0308308
-0.0306766
-0.0305232
-0.0303706
-0.0302188
-0.0300677
-0.0299173
-0.0297678
-0.0296189
-0.0294708
-0.0293235
-0.0291769
-0.029031
-0.0288858
-0.0287414
-0.0285977
-0.0284547
-0.0283124
-0.0281709
-0.02803
-0.0278899
-0.0277504
-0.0276117
-0.0274736
-0.0273363
-0.0271996
-0.0270636
-0.0269283
-0.0267936
-0.0266597
-0.0265264
-0.0263937
-0.0262618
-0.0261305
-0.0259998
-0.0258698
-0.0257405
-0.0256118
-0.0254837
-0.0253563
-0.0252295
-0.0251034
-0.0249779
-0.024853
-0.0247287
-0.0246051
-0.024482
-0.0243596
-0.0242378
-0.0241166
-0.0239961
-0.0238761
-0.0237567
-0.0236379
-0.0235197
-0.0234021
-0.0232851
-0.0231687
-0.0230529
-0.0229376
-0.0228229
-0.0227088
-0.0225953
-0.0224823
-0.0223699
-0.022258
-0.0221467
-0.022036
-0.0219258
-0.0218162
-0.0217071
-0.0215986
-0.0214906
-0.0213832
-0.0212762
-0.0211699
-0.021064
-0.0209587
-0.0208539
-0.0207496
-0.0206459
-0.0205427
-0.02044
-0.0203378
-0.0202361
-0.0201349
-0.0200342
-0.019934
-0.0198344
-0.0197352
-0.0196365
-0.0195384
-0.0194407
-0.0193435
-0.0192468
-0.0191505
-0.0190548
-0.0189595
-0.0188647
-0.0187704
-0.0186765
-0.0185831
-0.0184902
-0.0183978
-0.0183058
-0.0182143
-0.0181232
-0.0180326
-0.0179424
-0.0178527
-0.0177635
-0.0176746
-0.0175863
-0.0174983
-0.0174108
-0.0173238
-0.0172372
-0.017151
-0.0170652
-0.0169799
-0.016895
-0.0168105
-0.0167265
-0.0166429
-0.0165597
-0.0164769
-0.0163945
-0.0163125
-0.0162309
-0.0161498
-0.016069
-0.0159887
-0.0159088
-0.0158292
-0.0157501
-0.0156713
-0.015593
-0.015515
-0.0154374
-0.0153602
-0.0152834
-0.015207
-0.015131
-0.0150553
-0.0149801
-0.0149052
-0.0148306
-0.0147565
-0.0146827
-0.0146093
-0.0145363
-0.0144636
-0.0143913
-0.0143193
-0.0142477
-0.0141765
-0.0141056
-0.0140351
-0.0139649
-0.0138951
-0.0138256
-0.0137565
-0.0136877
-0.0136193
-0.0135512
-0.0134834
-0.013416
-0.0133489
-0.0132822
-0.0132158
-0.0131497
-0.0130839
-0.0130185
-0.0129534
-0.0128887
-0.0128242
-0.0127601
-0.0126963
-0.0126328
-0.0125697
-0.0125068
-0.0124443
-0.0123821
-0.0123202
-0.0122586
-0.0121973
-0.0121363
-0.0120756
-0.0120152
-0.0119552
-0.0118954
-0.0118359
-0.0117767
-0.0117178
-0.0116593
-0.011601
-0.011543
-0.0114852
-0.0114278
-0.0113707
-0.0113138
-0.0112573
-0.011201
-0.011145
-0.0110893
-0.0110338
-0.0109786
-0.0109237
-0.0108691
-0.0108148
-0.0107607
-0.0107069
-0.0106534
-0.0106001
-0.0105471
-0.0104944
-0.0104419
-0.0103897
-0.0103378
-0.0102861
-0.0102346
-0.0101835
-0.0101326
-0.0100819
-0.0100315
-0.00998133
-0.00993142
-0.00988177
-0.00983236
-0.0097832
-0.00973429
-0.00968562
-0.00963719
-0.009589
-0.00954106
-0.00949336
-0.00944589
-0.00939866
-0.00935167
-0.00930492
-0.00925839
-0.0092121
-0.00916604
-0.00912021
-0.00907461
-0.00902924
-0.0089841
-0.00893918
-0.00889449
-0.00885001
-0.00880577
-0.00876174
-0.00871793
-0.00867434
-0.00863097
-0.00858782
-0.00854488
-0.00850216
-0.00845965
-0.00841735
-0.00837527
-0.00833339
-0.00829173
-0.00825027
-0.00820902
-0.00816798
-0.00812714
-0.0080865
-0.00804607
-0.00800584
-0.00796582
-0.00792599
-0.00788636
-0.00784693
-0.0078077
-0.00776866
-0.00772982
-0.00769117
-0.00765272
-0.00761445
-0.00757638
-0.0075385
-0.00750081
-0.00746331
-0.00742599
-0.00738887
-0.00735192
-0.00731516
-0.00727859
-0.0072422
-0.00720599
-0.00716996
-0.00713411
-0.00709844
-0.00706295
-0.00702764
-0.0069925
-0.00695754
-0.00692275
-0.00688814
-0.0068537
-0.00681944
-0.00678534
-0.00675141
-0.00671766
-0.00668407
-0.00665065
-0.0066174
-0.00658432
-0.0065514
-0.00651864
-0.00648605
-0.00645362
-0.00642135
-0.00638925
-0.0063573
-0.00632552
-0.00629389
-0.00626242
-0.00623111
-0.00619996
-0.00616896
-0.00613812
-0.00610743
-0.00607689
-0.00604651
-0.00601628
-0.0059862
-0.00595627
-0.00592649
-0.00589686
-0.00586737
-0.00583804
-0.00580885
-0.00577981
-0.00575091
-0.00572216
-0.00569355
-0.00566508
-0.00563676
-0.00560857
-0.00558053
-0.00555263
-0.00552487
-0.00549725
-0.00546976
-0.00544241
-0.0054152
-0.00538813
-0.00536119
-0.00533438
-0.00530771
-0.00528118
-0.00525477
-0.0052285
-0.00520236
-0.00517635
-0.00515047
-0.00512472
-0.00509909
-0.0050736
-0.00504823
-0.00502299
-0.00499788
-0.00497289
-0.00494803
-0.00492329
-0.00489867
-0.00487418
-0.00484981
-0.00482557
-0.00480144
-0.00477743
-0.00475355
-0.00472978
-0.00470613
-0.0046826
-0.00465919
-0.0046359
-0.00461272
-0.00458966
-0.00456671
-0.00454388
-0.00452116
-0.00449855
-0.00447606
-0.00445368
-0.00443142
-0.00440926
-0.00438722
-0.00436528
-0.00434346
-0.00432174
-0.00430013
-0.00427863
-0.00425724
-0.00423596
-0.00421478
-0.00419371
-0.00417274
-0.00415188
-0.00413112
-0.00411046
-0.00408991
-0.00406946
-0.00404912
-0.00402887
-0.00400873
-0.00398869
-0.00396875
-0.0039489
-0.00392916
-0.00390952
-0.00388997
-0.00387052
-0.00385117
-0.00383192
-0.00381276
-0.00379369
-0.00377473
-0.00375586
-0.00373708
-0.00371839
-0.0036998
-0.0036813
-0.0036629
-0.00364459
-0.00362636
-0.00360823
-0.00359019
-0.00357224
-0.00355438
-0.00353661
-0.00351893
-0.00350134
-0.00348383
-0.00346642
-0.00344908
-0.00343184
-0.00341468
-0.00339761
-0.00338062
-0.00336372
-0.0033469
-0.00333017
-0.00331352
-0.00329696
-0.00328047
-0.00326407
-0.00324775
-0.00323151
-0.00321536
-0.00319928
-0.00318329
-0.00316737
-0.00315154
-0.00313578
-0.0031201
-0.0031045
-0.00308898
-0.00307354
-0.00305817
-0.00304288
-0.00302767
-0.00301253
-0.00299747
-0.00298248
-0.00296757
-0.00295274
-0.00293797
-0.00292329
-0.00290867
-0.00289413
-0.00287966
-0.00286526
-0.00285094
-0.00283668
-0.0028225
-0.00280839
-0.00279435
-0.00278038
-0.00276648
-0.00275265
-0.00273889
-0.00272519
-0.00271157
-0.00269801
-0.00268452
-0.0026711
-0.00265775
-0.00264446
-0.00263124
-0.00261808
-0.00260499
-0.00259197
-0.00257901
-0.00256612
-0.00255329
-0.00254052
-0.00252782
-0.00251518
-0.00250261
-0.0024901
-0.00247765
-0.00246526
-0.00245294
-0.00244067
-0.00242847
-0.00241633
-0.00240425
-0.00239223
-0.00238027
-0.00236837
-0.00235653
-0.00234475
-0.00233302
-0.00232136
-0.00230976
-0.00229821
-0.00228672
-0.00227529
-0.00226391
-0.00225259
-0.00224133
-0.00223013
-0.00221898
-0.00220788
-0.00219684
-0.00218586
-0.00217493
-0.00216406
-0.00215324
-0.00214248
-0.00213176
-0.00212111
-0.0021105
-0.00209995
-0.00208945
-0.00207901
-0.00206861
-0.00205827
-0.00204798
-0.00203774
-0.00202755
-0.00201742
-0.00200733
-0.0019973
-0.00198731
-0.00197738
-0.00196749
-0.00195765
-0.00194787
-0.00193813
-0.00192844
-0.0019188
-0.00190921
-0.00189966
-0.00189016
-0.00188071
-0.00187131
-0.00186196
-0.00185265
-0.00184339
-0.00183417
-0.001825
-0.00181588
-0.0018068
-0.00179777
-0.00178878
-0.00177984
-0.00177094
-0.00176208
-0.00175328
-0.00174451
-0.00173579
-0.00172711
-0.00171848
-0.00170989
-0.00170134
-0.00169283
-0.00168437
-0.00167595
-0.00166757
-0.00165923
-0.00165094
-0.00164269
-0.00163447
-0.0016263
-0.00161817
-0.00161008
-0.00160203
-0.00159402
-0.00158605
-0.00157813
-0.00157024
-0.00156239
-0.00155458
-0.0015468
-0.00153907
-0.00153138
-0.00152372
-0.0015161
-0.00150852
-0.00150098
-0.00149348
-0.00148601
-0.00147858
-0.00147119
-0.00146384
-0.00145652
-0.00144924
-0.00144199
-0.00143478
-0.00142761
-0.00142048
-0.00141337
-0.00140631
-0.00139928
-0.00139228
-0.00138532
-0.0013784
-0.00137151
-0.00136465
-0.00135783
-0.00135104
-0.00134429
-0.00133757
-0.00133088
-0.00132423
-0.00131761
-0.00131102
-0.00130447
-0.00129794
-0.00129146
-0.001285
-0.00127858
-0.00127218
-0.00126582
-0.0012595
-0.0012532
-0.00124693
-0.0012407
-0.0012345
-0.00122833
-0.00122219
-0.00121608
-0.00121
-0.00120395
-0.00119793
-0.00119194
-0.00118598
-0.00118005
-0.00117416
-0.00116829
-0.00116245
-0.00115663
-0.00115085
-0.0011451
-0.00113938
-0.00113368
-0.00112801
-0.00112237
-0.00111676
-0.00111118
-0.00110563
-0.0011001
-0.0010946
-0.00108913
-0.00108368
-0.00107827
-0.00107288
-0.00106751
-0.00106218
-0.00105687
-0.00105158
-0.00104633
-0.0010411
-0.00103589
-0.00103071
-0.00102556
-0.00102043
-0.00101533
-0.00101026
-0.00100521
-0.00100018
-0.000995182
-0.000990207
-0.000985258
-0.000980333
-0.000975432
-0.000970556
-0.000965704
-0.000960876
-0.000956073
-0.000951294
-0.000946539
-0.000941807
-0.000937099
-0.000932415
-0.000927754
-0.000923116
-0.000918502
-0.00091391
-0.000909342
-0.000904796
-0.000900273
-0.000895773
-0.000891295
-0.00088684
-0.000882407
-0.000877996
-0.000873607
-0.00086924
-0.000864895
-0.000860571
-0.00085627
-0.000851989
-0.00084773
-0.000843493
-0.000839277
-0.000835081
-0.000830907
-0.000826753
-0.000822621
-0.000818509
-0.000814417
-0.000810346
-0.000806295
-0.000802265
-0.000798255
-0.000794264
-0.000790294
-0.000786344
-0.000782413
-0.000778502
-0.00077461
-0.000770738
-0.000766886
-0.000763052
-0.000759238
-0.000755443
-0.000751667
-0.000747909
-0.000744171
-0.000740451
-0.00073675
-0.000733067
-0.000729403
-0.000725757
-0.000722129
-0.000718519
-0.000714928
-0.000711354
-0.000707798
-0.00070426
-0.00070074
-0.000697237
-0.000693752
-0.000690284
-0.000686834
-0.000683401
-0.000679985
-0.000676586
-0.000673204
-0.000669839
-0.000666491
-0.000663159
-0.000659844
-0.000656546
-0.000653264
-0.000649999
-0.00064675
-0.000643517
-0.000640301
-0.0006371
-0.000633916
-0.000630747
-0.000627594
-0.000624457
-0.000621336
-0.00061823
-0.00061514
-0.000612065
-0.000609006
-0.000605962
-0.000602933
-0.000599919
-0.000596921
-0.000593937
-0.000590968
-0.000588014
-0.000585075
-0.000582151
-0.000579241
-0.000576346
-0.000573465
-0.000570598
-0.000567746
-0.000564909
-0.000562085
-0.000559275
-0.00055648
-0.000553698
-0.000550931
-0.000548177
-0.000545437
-0.000542711
-0.000539998
-0.000537299
-0.000534614
-0.000531941
-0.000529283
-0.000526637
-0.000524005
-0.000521386
-0.00051878
-0.000516187
-0.000513607
-0.000511039
-0.000508485
-0.000505944
-0.000503415
-0.000500899
-0.000498395
-0.000495904
-0.000493425
-0.000490959
-0.000488505
-0.000486063
-0.000483634
-0.000481217
-0.000478811
-0.000476418
-0.000474037
-0.000471668
-0.00046931
-0.000466964
-0.00046463
-0.000462308
-0.000459997
-0.000457698
-0.000455411
-0.000453134
-0.00045087
-0.000448616
-0.000446374
-0.000444143
-0.000441923
-0.000439714
-0.000437516
-0.000435334
-0.000433156
-0.00043099
-0.000428836
-0.000426692
-0.000424559
-0.000422437
-0.000420326
-0.000418225
-0.000416135
-0.000414055
-0.000411985
-0.000409926
-0.000407877
-0.000405839
-0.000403811
-0.000401792
-0.000399784
-0.000397786
-0.000395798
-0.00039382
-0.000391851
-0.000389893
-0.000387944
-0.000386005
-0.000384076
-0.000382156
-0.000380246
-0.000378346
-0.000376455
-0.000374573
-0.000372701
-0.000370839
-0.000368985
-0.000367141
-0.000365306
-0.00036348
-0.000361664
-0.000359856
-0.000358058
-0.000356268
-0.000354487
-0.000352716
-0.000350953
-0.000349199
-0.000347454
-0.000345717
-0.000343989
-0.00034227
-0.00034056
-0.000338858
-0.000337164
-0.000335479
-0.000333802
-0.000332134
-0.000330474
-0.000328822
-0.000327179
-0.000325544
-0.000323917
-0.000322298
-0.000320687
-0.000319084
-0.00031749
-0.000315903
-0.000314324
-0.000312753
-0.00031119
-0.000309635
-0.000308088
-0.000306548
-0.000305016
-0.000303492
-0.000301975
-0.000300466
-0.000298964
-0.00029747
-0.000295983
-0.000294504
-0.000293032
-0.000291568
-0.000290111
-0.000288661
-0.000287218
-0.000285783
-0.000284355
-0.000282934
-0.00028152
-0.000280113
-0.000278713
-0.00027732
-0.000275934
-0.000274555
-0.000273183
-0.000271818
-0.000270459
-0.000269108
-0.000267763
-0.000266425
-0.000265093
-0.000263769
-0.000262451
-0.000261139
-0.000259834
-0.000258536
-0.000257244
-0.000255958
-0.000254679
-0.000253406
-0.00025214
-0.00025088
-0.000249626
-0.000248379
-0.000247137
-0.000245902
-0.000244674
-0.000243451
-0.000242234
-0.000241024
-0.000239819
-0.000238621
-0.000237429
-0.000236242
-0.000235062
-0.000233887
-0.000232718
-0.000231555
-0.000230398
-0.000229247
-0.000228101
-0.000226961
-0.000225827
-0.000224699
-0.000223576
-0.000222459
-0.000221347
-0.000220241
-0.000219141
-0.000218046
-0.000216956
-0.000215872
-0.000214793
-0.00021372
-0.000212652
-0.000211589
-0.000210532
-0.00020948
-0.000208433
-0.000207392
-0.000206355
-0.000205324
-0.000204298
-0.000203278
-0.000202262
-0.000201251
-0.000200246
-0.000199245
-0.000198249
-0.000197259
-0.000196273
-0.000195292
-0.000194317
-0.000193346
-0.00019238
-0.000191418
-0.000190462
-0.00018951
-0.000188563
-0.000187621
-0.000186684
-0.000185751
-0.000184824
-0.0001839
-0.000182981
-0.000182067
-0.000181157
-0.000180252
-0.000179351
-0.000178455
-0.000177563
-0.000176676
-0.000175794
-0.000174915
-0.000174041
-0.000173172
-0.000172307
-0.000171446
-0.000170589
-0.000169737
-0.000168889
-0.000168045
-0.000167205
-0.00016637
-0.000165538
-0.000164711
-0.000163888
-0.000163069
-0.000162255
-0.000161444
-0.000160637
-0.000159835
-0.000159036
-0.000158242
-0.000157451
-0.000156665
-0.000155882
-0.000155103
-0.000154328
-0.000153557
-0.00015279
-0.000152027
-0.000151267
-0.000150512
-0.00014976
-0.000149012
-0.000148267
-0.000147527
-0.00014679
-0.000146056
-0.000145327
-0.000144601
-0.000143878
-0.00014316
-0.000142444
-0.000141733
-0.000141025
-0.00014032
-0.000139619
-0.000138922
-0.000138228
-0.000137537
-0.00013685
-0.000136167
-0.000135487
-0.00013481
-0.000134136
-0.000133466
-0.0001328
-0.000132136
-0.000131476
-0.000130819
-0.000130166
-0.000129516
-0.000128869
-0.000128225
-0.000127585
-0.000126947
-0.000126313
-0.000125682
-0.000125054
-0.00012443
-0.000123808
-0.00012319
-0.000122575
-0.000121962
-0.000121353
-0.000120747
-0.000120144
-0.000119544
-0.000118947
-0.000118353
-0.000117762
-0.000117173
-0.000116588
-0.000116006
-0.000115426
-0.00011485
-0.000114276
-0.000113706
-0.000113138
-0.000112573
-0.00011201
-0.000111451
-0.000110894
-0.000110341
-0.00010979
-0.000109241
-0.000108696
-0.000108153
-0.000107613
-0.000107075
-0.000106541
-0.000106009
-0.000105479
-0.000104952
-0.000104428
-0.000103907
-0.000103388
-0.000102872
-0.000102358
-0.000101847
-0.000101338
-0.000100832
-0.000100329
-9.98276e-05
-9.93291e-05
-9.88331e-05
-9.83396e-05
-9.78485e-05
-9.73599e-05
-9.68738e-05
-9.63901e-05
-9.59088e-05
-9.54299e-05
-9.49534e-05
-9.44793e-05
-9.40075e-05
-9.35381e-05
-9.30711e-05
-9.26064e-05
-9.2144e-05
-9.16839e-05
-9.12262e-05
-9.07707e-05
-9.03175e-05
-8.98665e-05
-8.94179e-05
-8.89714e-05
-8.85272e-05
-8.80852e-05
-8.76455e-05
-8.72079e-05
-8.67725e-05
-8.63393e-05
-8.59083e-05
-8.54794e-05
-8.50526e-05
-8.4628e-05
-8.42055e-05
-8.37852e-05
-8.33669e-05
-8.29507e-05
-8.25366e-05
-8.21246e-05
-8.17146e-05
-8.13067e-05
-8.09008e-05
-8.0497e-05
-8.00952e-05
-7.96953e-05
-7.92975e-05
-7.89017e-05
-7.851e-05
-7.81168e-05
-7.77265e-05
-7.73384e-05
-7.69524e-05
-7.65682e-05
-7.61861e-05
-7.58058e-05
-7.54274e-05
-7.50509e-05
-7.46763e-05
-7.43036e-05
-7.39327e-05
-7.35637e-05
-7.31966e-05
-7.28312e-05
-7.24677e-05
-7.2106e-05
-7.1746e-05
-7.13879e-05
-7.10316e-05
-7.06771e-05
-7.03244e-05
-6.99734e-05
-6.96242e-05
-6.92768e-05
-6.89311e-05
-6.85871e-05
-6.82448e-05
-6.79042e-05
-6.75653e-05
-6.72282e-05
-6.68927e-05
-6.65588e-05
-6.62267e-05
-6.58962e-05
-6.55674e-05
-6.52402e-05
-6.49147e-05
-6.45908e-05
-6.42686e-05
-6.39479e-05
-6.36289e-05
-6.33114e-05
-6.29955e-05
-6.26812e-05
-6.23685e-05
-6.20574e-05
-6.17478e-05
-6.14397e-05
-6.11332e-05
-6.08282e-05
-6.05248e-05
-6.02228e-05
-5.99224e-05
-5.96234e-05
-5.9326e-05
-5.90301e-05
-5.87356e-05
-5.84426e-05
-5.8151e-05
-5.7861e-05
-5.75723e-05
-5.72852e-05
-5.69994e-05
-5.67151e-05
-5.64322e-05
-5.61507e-05
-5.58706e-05
-5.55919e-05
-5.53146e-05
-5.50387e-05
-5.47642e-05
-5.44911e-05
-5.42193e-05
-5.39489e-05
-5.36798e-05
-5.3412e-05
-5.31457e-05
-5.28806e-05
-5.26169e-05
-5.23544e-05
-5.20933e-05
-5.18335e-05
-5.1575e-05
-5.13178e-05
-5.10619e-05
-5.08073e-05
-5.05539e-05
-5.03018e-05
-5.00509e-05
-4.98014e-05
-4.9553e-05
-4.93059e-05
-4.90601e-05
-4.88154e-05
-4.8572e-05
-4.83298e-05
-4.80888e-05
-4.7849e-05
-4.76105e-05
-4.73731e-05
-4.71369e-05
-4.69018e-05
-4.6668e-05
-4.64353e-05
-4.62038e-05
-4.59735e-05
-4.57442e-05
-4.55162e-05
-4.52893e-05
-4.50635e-05
-4.48388e-05
-4.46153e-05
-4.43929e-05
-4.41716e-05
-4.39514e-05
-4.37323e-05
-4.35143e-05
-4.32974e-05
-4.30815e-05
-4.28668e-05
-4.26531e-05
-4.24405e-05
-4.2229e-05
-4.20185e-05
-4.1809e-05
-4.16007e-05
-4.13933e-05
-4.1187e-05
-4.09817e-05
-4.07775e-05
-4.05742e-05
-4.0372e-05
-4.01708e-05
-3.99706e-05
-3.97714e-05
-3.95732e-05
-3.9376e-05
-3.91798e-05
-3.89845e-05
-3.87903e-05
-3.8597e-05
-3.84046e-05
-3.82133e-05
-3.80264e-05
-3.78354e-05
-3.7646e-05
-3.74579e-05
-3.7271e-05
-3.70852e-05
-3.69004e-05
-3.67165e-05
-3.65336e-05
-3.63516e-05
-3.61705e-05
-3.59903e-05
-3.5811e-05
-3.56326e-05
-3.5455e-05
-3.52784e-05
-3.51026e-05
-3.49277e-05
-3.47537e-05
-3.45806e-05
-3.44084e-05
-3.4237e-05
-3.40665e-05
-3.38968e-05
-3.37279e-05
-3.35599e-05
-3.33928e-05
-3.32265e-05
-3.3061e-05
-3.28964e-05
-3.27326e-05
-3.25696e-05
-3.24074e-05
-3.2246e-05
-3.20854e-05
-3.19256e-05
-3.17665e-05
-3.16083e-05
-3.14509e-05
-3.12942e-05
-3.11384e-05
-3.09833e-05
-3.0829e-05
-3.06754e-05
-3.05226e-05
-3.03706e-05
-3.02194e-05
-3.00689e-05
-2.99192e-05
-2.97702e-05
-2.9622e-05
-2.94745e-05
-2.93278e-05
-2.91817e-05
-2.90365e-05
-2.88919e-05
-2.87481e-05
-2.8605e-05
-2.84626e-05
-2.83209e-05
-2.81799e-05
-2.80396e-05
-2.79e-05
-2.77612e-05
-2.7623e-05
-2.74855e-05
-2.73487e-05
-2.72126e-05
-2.70771e-05
-2.69423e-05
-2.68083e-05
-2.66748e-05
-2.65421e-05
-2.641e-05
-2.62785e-05
-2.61478e-05
-2.60176e-05
-2.58882e-05
-2.57593e-05
-2.56312e-05
-2.55036e-05
-2.53767e-05
-2.52504e-05
-2.51248e-05
-2.49998e-05
-2.48754e-05
-2.47516e-05
-2.46284e-05
-2.45059e-05
-2.4384e-05
-2.42626e-05
-2.41419e-05
-2.40218e-05
-2.39023e-05
-2.37834e-05
-2.36651e-05
-2.35473e-05
-2.34302e-05
-2.33136e-05
-2.31976e-05
-2.30822e-05
-2.29674e-05
-2.28532e-05
-2.27395e-05
-2.26264e-05
-2.25138e-05
-2.24018e-05
-2.22904e-05
-2.21795e-05
-2.20692e-05
-2.19595e-05
-2.18502e-05
-2.17416e-05
-2.16334e-05
-2.15258e-05
-2.14188e-05
-2.13123e-05
-2.12063e-05
-2.11008e-05
-2.09959e-05
-2.08915e-05
-2.07876e-05
-2.06842e-05
-2.05814e-05
-2.0479e-05
-2.03772e-05
-2.02759e-05
-2.01751e-05
-2.00747e-05
-1.99749e-05
-1.98756e-05
-1.97768e-05
-1.96785e-05
-1.95806e-05
-1.94833e-05
-1.93864e-05
-1.92901e-05
-1.91942e-05
-1.90988e-05
-1.90038e-05
-1.89093e-05
-1.88153e-05
-1.87218e-05
-1.86288e-05
-1.85362e-05
-1.8444e-05
-1.83524e-05
-1.82611e-05
-1.81704e-05
-1.80801e-05
-1.79902e-05
-1.79008e-05
-1.78118e-05
-1.77233e-05
-1.76352e-05
-1.75476e-05
-1.74604e-05
-1.73736e-05
-1.72873e-05
-1.72014e-05
-1.7117e-05
-1.70318e-05
-1.69469e-05
-1.68627e-05
-1.67789e-05
-1.66954e-05
-1.66123e-05
-1.65297e-05
-1.64476e-05
-1.63659e-05
-1.62846e-05
-1.62037e-05
-1.61232e-05
-1.60431e-05
-1.59634e-05
-1.58841e-05
-1.58052e-05
-1.57266e-05
-1.56485e-05
-1.55707e-05
-1.54934e-05
-1.54164e-05
-1.53398e-05
-1.52637e-05
-1.51879e-05
-1.51125e-05
-1.50375e-05
-1.49628e-05
-1.48885e-05
-1.48146e-05
-1.47411e-05
-1.46678e-05
-1.4595e-05
-1.45226e-05
-1.44504e-05
-1.43787e-05
-1.43073e-05
-1.42363e-05
-1.41656e-05
-1.40952e-05
-1.40252e-05
-1.39556e-05
-1.38863e-05
-1.38173e-05
-1.37487e-05
-1.36804e-05
-1.36125e-05
-1.35449e-05
-1.34776e-05
-1.34107e-05
-1.33441e-05
-1.32778e-05
-1.32119e-05
-1.31463e-05
-1.3081e-05
-1.3016e-05
-1.29514e-05
-1.28871e-05
-1.28231e-05
-1.27594e-05
-1.26961e-05
-1.26331e-05
-1.25704e-05
-1.2508e-05
-1.24459e-05
-1.23841e-05
-1.23226e-05
-1.22615e-05
-1.22006e-05
-1.21401e-05
-1.20798e-05
-1.20199e-05
-1.19603e-05
-1.19009e-05
-1.18419e-05
-1.17831e-05
-1.17247e-05
-1.16665e-05
-1.16086e-05
-1.15511e-05
-1.14938e-05
-1.14367e-05
-1.138e-05
-1.13236e-05
-1.12674e-05
-1.12115e-05
-1.11559e-05
-1.11006e-05
-1.10456e-05
-1.09908e-05
-1.09363e-05
-1.08821e-05
-1.08281e-05
-1.07744e-05
-1.0721e-05
-1.06678e-05
-1.06149e-05
-1.05623e-05
-1.05099e-05
-1.04578e-05
-1.0406e-05
-1.03544e-05
-1.03031e-05
-1.0252e-05
-1.02012e-05
-1.01506e-05
-1.01003e-05
-1.00502e-05
-1.00004e-05
-9.95086e-06
-9.90154e-06
-9.85247e-06
-9.80364e-06
-9.75506e-06
-9.70671e-06
-9.65861e-06
-9.61075e-06
-9.56313e-06
-9.51574e-06
-9.46859e-06
-9.42168e-06
-9.375e-06
-9.32855e-06
-9.28233e-06
-9.23634e-06
-9.19059e-06
-9.14506e-06
-9.09975e-06
-9.05468e-06
-9.00982e-06
-8.9652e-06
-8.92079e-06
-8.8766e-06
-8.83264e-06
-8.78889e-06
-8.74537e-06
-8.70205e-06
-8.65896e-06
-8.61608e-06
-8.57341e-06
-8.53096e-06
-8.48872e-06
-8.44668e-06
-8.40486e-06
-8.36325e-06
-8.32184e-06
-8.28064e-06
-8.23964e-06
-8.19885e-06
-8.15826e-06
-8.11788e-06
-8.07769e-06
-8.03771e-06
-7.99792e-06
-7.95834e-06
-7.91895e-06
-7.87975e-06
-7.84076e-06
-7.80195e-06
-7.76334e-06
-7.72492e-06
-7.6867e-06
-7.64866e-06
-7.61081e-06
-7.57316e-06
-7.54036e-06
-7.49903e-06
-7.46481e-06
-7.42546e-06
-7.39089e-06
-7.35257e-06
-7.31556e-06
-7.2793e-06
-7.24323e-06
-7.20735e-06
-7.17165e-06
-7.13615e-06
-7.10084e-06
-7.06573e-06
-7.03079e-06
-6.99601e-06
-6.9614e-06
-6.92694e-06
-6.89265e-06
-6.85851e-06
-6.82454e-06
-6.79074e-06
-6.7571e-06
-6.72363e-06
-6.69033e-06
-6.65721e-06
-6.62426e-06
-6.59149e-06
-6.5589e-06
-6.52647e-06
-6.49422e-06
-6.46213e-06
-6.43021e-06
-6.39844e-06
-6.36684e-06
-6.3354e-06
-6.30412e-06
