-2.01334
-1.9255
-1.84141
-1.76167
-1.68673
-1.61683
-1.5521
-1.49249
-1.43787
-1.38801
-1.34261
-1.30134
-1.26384
-1.22976
-1.19877
-1.17404
-1.16138
-1.14736
-1.13243
-1.11696
-1.10133
-1.08568
-1.07029
-1.05524
-1.0406
-1.02642
-1.01273
-0.999558
-0.986903
-0.974761
-0.963123
-0.951967
-0.941293
-0.931057
-0.921232
-0.911793
-0.902716
-0.89398
-0.885575
-0.877472
-0.869647
-0.862089
-0.854778
-0.847696
-0.84083
-0.834164
-0.827689
-0.82139
-0.815258
-0.809282
-0.803452
-0.79776
-0.792199
-0.786759
-0.781435
-0.77622
-0.771108
-0.766092
-0.761169
-0.756333
-0.75158
-0.746904
-0.742304
-0.737774
-0.733312
-0.728914
-0.724577
-0.720299
-0.716076
-0.711908
-0.70779
-0.703722
-0.699701
-0.695725
-0.691793
-0.687903
-0.684053
-0.680242
-0.676469
-0.672733
-0.669032
-0.665365
-0.661731
-0.658129
-0.654558
-0.651018
-0.647507
-0.644025
-0.640571
-0.637144
-0.633744
-0.63037
-0.627021
-0.623697
-0.620398
-0.617122
-0.613869
-0.61064
-0.607433
-0.604248
-0.601084
-0.597942
-0.594821
-0.59172
-0.58864
-0.585579
-0.582538
-0.579517
-0.576514
-0.573531
-0.570566
-0.567619
-0.56469
-0.561779
-0.558886
-0.55601
-0.553151
-0.550309
-0.547484
-0.544676
-0.541884
-0.539108
-0.536348
-0.533605
-0.530877
-0.528165
-0.525468
-0.522786
-0.52012
-0.517469
-0.514832
-0.512211
-0.509604
-0.507011
-0.504433
-0.501869
-0.499319
-0.496784
-0.494262
-0.491754
-0.48926
-0.486779
-0.484312
-0.481858
-0.479417
-0.47699
-0.474575
-0.472174
-0.469785
-0.46741
-0.465046
-0.462696
-0.460358
-0.458033
-0.45572
-0.453419
-0.45113
-0.448854
-0.446589
-0.444336
-0.442096
-0.439867
-0.437649
-0.435444
-0.43325
-0.431067
-0.428896
-0.426736
-0.424587
-0.42245
-0.420324
-0.418208
-0.416104
-0.414011
-0.411928
-0.409857
-0.407796
-0.405745
-0.403706
-0.401677
-0.399658
-0.397649
-0.395651
-0.393664
-0.391686
-0.389719
-0.387762
-0.385814
-0.383877
-0.38195
-0.380032
-0.378125
-0.376227
-0.374339
-0.37246
-0.370591
-0.368732
-0.366882
-0.365042
-0.363211
-0.361389
-0.359577
-0.357773
-0.355979
-0.354194
-0.352418
-0.350652
-0.348894
-0.347145
-0.345405
-0.343674
-0.341951
-0.340237
-0.338532
-0.336836
-0.335148
-0.333469
-0.331798
-0.330136
-0.328482
-0.326836
-0.325199
-0.32357
-0.32195
-0.320337
-0.318733
-0.317136
-0.315548
-0.313968
-0.312396
-0.310832
-0.309275
-0.307727
-0.306186
-0.304653
-0.303128
-0.30161
-0.3001
-0.298598
-0.297103
-0.295616
-0.294136
-0.292664
-0.291199
-0.289741
-0.288291
-0.286848
-0.285413
-0.283984
-0.282563
-0.281149
-0.279742
-0.278342
-0.276949
-0.275563
-0.274184
-0.272812
-0.271447
-0.270089
-0.268738
-0.267393
-0.266055
-0.264724
-0.2634
-0.262082
-0.26077
-0.259466
-0.258168
-0.256876
-0.255591
-0.254312
-0.25304
-0.251774
-0.250515
-0.249262
-0.248015
-0.246774
-0.24554
-0.244311
-0.243089
-0.241873
-0.240663
-0.23946
-0.238262
-0.23707
-0.235884
-0.234704
-0.233531
-0.232362
-0.2312
-0.230044
-0.228893
-0.227748
-0.226609
-0.225476
-0.224348
-0.223226
-0.22211
-0.220999
-0.219894
-0.218794
-0.2177
-0.216611
-0.215528
-0.21445
-0.213377
-0.21231
-0.211248
-0.210192
-0.209141
-0.208095
-0.207054
-0.206019
-0.204988
-0.203963
-0.202943
-0.201928
-0.200919
-0.199914
-0.198914
-0.197919
-0.19693
-0.195945
-0.194965
-0.19399
-0.19302
-0.192055
-0.191094
-0.190139
-0.189188
-0.188242
-0.1873
-0.186364
-0.185432
-0.184505
-0.183582
-0.182664
-0.181751
-0.180842
-0.179938
-0.179038
-0.178142
-0.177252
-0.176365
-0.175483
-0.174606
-0.173733
-0.172864
-0.172
-0.17114
-0.170284
-0.169432
-0.168585
-0.167742
-0.166903
-0.166069
-0.165239
-0.164412
-0.16359
-0.162772
-0.161958
-0.161148
-0.160343
-0.159541
-0.158743
-0.157949
-0.15716
-0.156374
-0.155592
-0.154814
-0.15404
-0.15327
-0.152503
-0.151741
-0.150982
-0.150227
-0.149476
-0.148728
-0.147985
-0.147245
-0.146509
-0.145776
-0.145047
-0.144322
-0.1436
-0.142882
-0.142168
-0.141457
-0.14075
-0.140046
-0.139346
-0.138649
-0.137956
-0.137266
-0.136579
-0.135896
-0.135217
-0.134541
-0.133868
-0.133199
-0.132533
-0.13187
-0.131211
-0.130555
-0.129902
-0.129252
-0.128606
-0.127963
-0.127323
-0.126687
-0.126053
-0.125423
-0.124796
-0.124172
-0.123551
-0.122933
-0.122319
-0.121707
-0.121098
-0.120493
-0.11989
-0.119291
-0.118695
-0.118101
-0.117511
-0.116923
-0.116338
-0.115757
-0.115178
-0.114602
-0.114029
-0.113459
-0.112892
-0.112327
-0.111765
-0.111207
-0.110651
-0.110097
-0.109547
-0.108999
-0.108454
-0.107912
-0.107372
-0.106835
-0.106301
-0.10577
-0.105241
-0.104715
-0.104191
-0.10367
-0.103152
-0.102636
-0.102123
-0.101612
-0.101104
-0.100599
-0.100096
-0.0995951
-0.0990972
-0.0986017
-0.0981087
-0.0976181
-0.09713
-0.0966444
-0.0961612
-0.0956804
-0.095202
-0.094726
-0.0942523
-0.0937811
-0.0933122
-0.0928456
-0.0923814
-0.0919195
-0.0914599
-0.0910026
-0.0905476
-0.0900948
-0.0896443
-0.0891961
-0.0887501
-0.0883064
-0.0878649
-0.0874255
-0.0869884
-0.0865535
-0.0861207
-0.0856901
-0.0852617
-0.0848354
-0.0844112
-0.0839891
-0.0835692
-0.0831513
-0.0827356
-0.0823219
-0.0819103
-0.0815007
-0.0810932
-0.0806878
-0.0802843
-0.0798829
-0.0794835
-0.0790861
-0.0786907
-0.0782972
-0.0779057
-0.0775162
-0.0771286
-0.076743
-0.0763593
-0.0759775
-0.0755976
-0.0752196
-0.0748435
-0.0744693
-0.0740969
-0.0737265
-0.0733578
-0.072991
-0.0726261
-0.072263
-0.0719016
-0.0715421
-0.0711844
-0.0708285
-0.0704744
-0.070122
-0.0697714
-0.0694225
-0.0690754
-0.0687301
-0.0683864
-0.0680445
-0.0677043
-0.0673657
-0.0670289
-0.0666938
-0.0663603
-0.0660285
-0.0656984
-0.0653699
-0.065043
-0.0647178
-0.0643942
-0.0640723
-0.0637519
-0.0634331
-0.063116
-0.0628004
-0.0624864
-0.062174
-0.0618631
-0.0615538
-0.061246
-0.0609398
-0.0606351
-0.0603319
-0.0600303
-0.0597301
-0.0594315
-0.0591343
-0.0588386
-0.0585444
-0.0582517
-0.0579605
-0.0576707
-0.0573823
-0.0570954
-0.0568099
-0.0565259
-0.0562433
-0.055962
-0.0556822
-0.0554038
-0.0551268
-0.0548512
-0.0545769
-0.054304
-0.0540325
-0.0537624
-0.0534936
-0.0532261
-0.05296
-0.0526952
-0.0524317
-0.0521695
-0.0519087
-0.0516491
-0.0513909
-0.051134
-0.0508783
-0.0506239
-0.0503708
-0.0501189
-0.0498683
-0.049619
-0.0493709
-0.0491241
-0.0488784
-0.048634
-0.0483909
-0.0481489
-0.0479082
-0.0476686
-0.0474303
-0.0471932
-0.0469572
-0.0467224
-0.0464888
-0.0462564
-0.0460251
-0.045795
-0.045566
-0.0453382
-0.0451115
-0.0448859
-0.0446615
-0.0444382
-0.044216
-0.0439949
-0.0437749
-0.0435561
-0.0433383
-0.0431216
-0.042906
-0.0426915
-0.042478
-0.0422656
-0.0420543
-0.041844
-0.0416348
-0.0414266
-0.0412195
-0.0410134
-0.0408084
-0.0406043
-0.0404013
-0.0401993
-0.0399983
-0.0397983
-0.0395993
-0.0394013
-0.0392043
-0.0390083
-0.0388133
-0.0386192
-0.0384261
-0.038234
-0.0380428
-0.0378526
-0.0376633
-0.037475
-0.0372876
-0.0371012
-0.0369157
-0.0367311
-0.0365475
-0.0363647
-0.0361829
-0.036002
-0.035822
-0.0356429
-0.0354647
-0.0352874
-0.0351109
-0.0349354
-0.0347607
-0.0345869
-0.034414
-0.0342419
-0.0340707
-0.0339003
-0.0337308
-0.0335622
-0.0333944
-0.0332274
-0.0330613
-0.032896
-0.0327315
-0.0325678
-0.032405
-0.032243
-0.0320818
-0.0319214
-0.0317618
-0.0316029
-0.0314449
-0.0312877
-0.0311313
-0.0309756
-0.0308207
-0.0306666
-0.0305133
-0.0303607
-0.0302089
-0.0300579
-0.0299076
-0.0297581
-0.0296093
-0.0294612
-0.0293139
-0.0291674
-0.0290215
-0.0288764
-0.0287321
-0.0285884
-0.0284455
-0.0283032
-0.0281617
-0.0280209
-0.0278808
-0.0277414
-0.0276027
-0.0274647
-0.0273274
-0.0271907
-0.0270548
-0.0269195
-0.0267849
-0.026651
-0.0265177
-0.0263852
-0.0262532
-0.026122
-0.0259914
-0.0258614
-0.0257321
-0.0256034
-0.0254754
-0.0253481
-0.0252213
-0.0250952
-0.0249697
-0.0248449
-0.0247207
-0.0245971
-0.0244741
-0.0243517
-0.02423
-0.0241088
-0.0239883
-0.0238683
-0.023749
-0.0236302
-0.0235121
-0.0233945
-0.0232776
-0.0231612
-0.0230454
-0.0229302
-0.0228155
-0.0227014
-0.0225879
-0.022475
-0.0223626
-0.0222508
-0.0221396
-0.0220289
-0.0219187
-0.0218091
-0.0217001
-0.0215916
-0.0214836
-0.0213762
-0.0212693
-0.021163
-0.0210572
-0.0209519
-0.0208471
-0.0207429
-0.0206392
-0.020536
-0.0204333
-0.0203311
-0.0202295
-0.0201283
-0.0200277
-0.0199276
-0.0198279
-0.0197288
-0.0196302
-0.019532
-0.0194344
-0.0193372
-0.0192405
-0.0191443
-0.0190486
-0.0189533
-0.0188586
-0.0187643
-0.0186705
-0.0185771
-0.0184842
-0.0183918
-0.0182999
-0.0182084
-0.0181173
-0.0180267
-0.0179366
-0.0178469
-0.0177577
-0.0176689
-0.0175806
-0.0174927
-0.0174052
-0.0173182
-0.0172316
-0.0171454
-0.0170597
-0.0169744
-0.0168895
-0.0168051
-0.0167211
-0.0166375
-0.0165543
-0.0164715
-0.0163892
-0.0163072
-0.0162257
-0.0161446
-0.0160638
-0.0159835
-0.0159036
-0.0158241
-0.015745
-0.0156662
-0.0155879
-0.01551
-0.0154324
-0.0153553
-0.0152785
-0.0152021
-0.0151261
-0.0150505
-0.0149752
-0.0149003
-0.0148258
-0.0147517
-0.014678
-0.0146046
-0.0145315
-0.0144589
-0.0143866
-0.0143147
-0.0142431
-0.0141719
-0.014101
-0.0140305
-0.0139604
-0.0138906
-0.0138211
-0.013752
-0.0136833
-0.0136148
-0.0135468
-0.013479
-0.0134117
-0.0133446
-0.0132779
-0.0132115
-0.0131454
-0.0130797
-0.0130143
-0.0129492
-0.0128845
-0.0128201
-0.012756
-0.0126922
-0.0126287
-0.0125656
-0.0125028
-0.0124403
-0.0123781
-0.0123162
-0.0122546
-0.0121933
-0.0121324
-0.0120717
-0.0120113
-0.0119513
-0.0118915
-0.0118321
-0.0117729
-0.0117141
-0.0116555
-0.0115972
-0.0115392
-0.0114815
-0.0114241
-0.011367
-0.0113102
-0.0112536
-0.0111974
-0.0111414
-0.0110857
-0.0110302
-0.0109751
-0.0109202
-0.0108656
-0.0108113
-0.0107572
-0.0107035
-0.0106499
-0.0105967
-0.0105437
-0.010491
-0.0104385
-0.0103864
-0.0103344
-0.0102828
-0.0102313
-0.0101802
-0.0101293
-0.0100786
-0.0100283
-0.00997812
-0.00992823
-0.00987859
-0.0098292
-0.00978005
-0.00973115
-0.0096825
-0.00963409
-0.00958592
-0.00953799
-0.00949031
-0.00944286
-0.00939564
-0.00934867
-0.00930193
-0.00925542
-0.00920914
-0.0091631
-0.00911729
-0.0090717
-0.00902635
-0.00898122
-0.00893631
-0.00889163
-0.00884718
-0.00880294
-0.00875893
-0.00871514
-0.00867156
-0.00862821
-0.00858507
-0.00854214
-0.00849944
-0.00845694
-0.00841466
-0.00837259
-0.00833072
-0.00828907
-0.00824763
-0.00820639
-0.00816536
-0.00812454
-0.00808392
-0.0080435
-0.00800328
-0.00796327
-0.00792346
-0.00788384
-0.00784442
-0.0078052
-0.00776618
-0.00772735
-0.00768871
-0.00765027
-0.00761202
-0.00757397
-0.0075361
-0.00749842
-0.00746093
-0.00742363
-0.00738651
-0.00734958
-0.00731283
-0.00727627
-0.00723989
-0.00720369
-0.00716768
-0.00713184
-0.00709618
-0.0070607
-0.0070254
-0.00699028
-0.00695533
-0.00692055
-0.00688595
-0.00685152
-0.00681727
-0.00678318
-0.00674927
-0.00671553
-0.00668195
-0.00664854
-0.0066153
-0.00658223
-0.00654932
-0.00651657
-0.00648399
-0.00645157
-0.00641932
-0.00638722
-0.00635529
-0.00632351
-0.0062919
-0.00626044
-0.00622914
-0.006198
-0.00616701
-0.00613618
-0.0061055
-0.00607497
-0.0060446
-0.00601438
-0.00598431
-0.00595439
-0.00592462
-0.005895
-0.00586552
-0.0058362
-0.00580702
-0.00577798
-0.0057491
-0.00572035
-0.00569175
-0.00566329
-0.00563498
-0.00560681
-0.00557877
-0.00555088
-0.00552313
-0.00549552
-0.00546804
-0.0054407
-0.0054135
-0.00538643
-0.0053595
-0.00533271
-0.00530605
-0.00527952
-0.00525312
-0.00522686
-0.00520073
-0.00517472
-0.00514885
-0.00512311
-0.0050975
-0.00507201
-0.00504665
-0.00502142
-0.00499632
-0.00497134
-0.00494648
-0.00492175
-0.00489714
-0.00487266
-0.0048483
-0.00482406
-0.00479994
-0.00477594
-0.00475206
-0.0047283
-0.00470466
-0.00468114
-0.00465774
-0.00463445
-0.00461128
-0.00458823
-0.00456529
-0.00454246
-0.00451975
-0.00449716
-0.00447467
-0.0044523
-0.00443004
-0.00440789
-0.00438585
-0.00436393
-0.00434211
-0.0043204
-0.0042988
-0.00427731
-0.00425592
-0.00423464
-0.00421347
-0.00419241
-0.00417145
-0.00415059
-0.00412984
-0.00410919
-0.00408865
-0.00406821
-0.00404787
-0.00402763
-0.00400749
-0.00398746
-0.00396752
-0.00394769
-0.00392795
-0.00390831
-0.00388877
-0.00386933
-0.00384998
-0.00383074
-0.00381158
-0.00379253
-0.00377357
-0.0037547
-0.00373593
-0.00371725
-0.00369867
-0.00368017
-0.00366177
-0.00364347
-0.00362525
-0.00360713
-0.00358909
-0.00357115
-0.0035533
-0.00353553
-0.00351785
-0.00350027
-0.00348277
-0.00346535
-0.00344803
-0.00343079
-0.00341364
-0.00339657
-0.00337959
-0.00336269
-0.00334588
-0.00332916
-0.00331251
-0.00329595
-0.00327947
-0.00326308
-0.00324676
-0.00323053
-0.00321438
-0.00319831
-0.00318232
-0.00316641
-0.00315058
-0.00313483
-0.00311915
-0.00310356
-0.00308804
-0.00307261
-0.00305724
-0.00304196
-0.00302675
-0.00301162
-0.00299656
-0.00298158
-0.00296667
-0.00295184
-0.00293709
-0.0029224
-0.00290779
-0.00289325
-0.00287879
-0.0028644
-0.00285008
-0.00283583
-0.00282165
-0.00280754
-0.00279351
-0.00277954
-0.00276565
-0.00275182
-0.00273806
-0.00272437
-0.00271075
-0.0026972
-0.00268372
-0.0026703
-0.00265695
-0.00264366
-0.00263045
-0.0026173
-0.00260421
-0.00259119
-0.00257824
-0.00256535
-0.00255252
-0.00253976
-0.00252707
-0.00251443
-0.00250186
-0.00248935
-0.00247691
-0.00246452
-0.0024522
-0.00243994
-0.00242775
-0.00241561
-0.00240353
-0.00239152
-0.00237956
-0.00236766
-0.00235583
-0.00234405
-0.00233233
-0.00232067
-0.00230907
-0.00229752
-0.00228604
-0.00227461
-0.00226324
-0.00225192
-0.00224066
-0.00222946
-0.00221832
-0.00220723
-0.00219619
-0.00218521
-0.00217429
-0.00216342
-0.0021526
-0.00214184
-0.00213113
-0.00212048
-0.00210988
-0.00209933
-0.00208883
-0.00207839
-0.002068
-0.00205766
-0.00204738
-0.00203714
-0.00202696
-0.00201682
-0.00200674
-0.00199671
-0.00198673
-0.00197679
-0.00196691
-0.00195708
-0.00194729
-0.00193756
-0.00192787
-0.00191823
-0.00190864
-0.0018991
-0.00188961
-0.00188016
-0.00187076
-0.00186141
-0.0018521
-0.00184285
-0.00183363
-0.00182447
-0.00181534
-0.00180627
-0.00179724
-0.00178825
-0.00177931
-0.00177042
-0.00176157
-0.00175276
-0.001744
-0.00173528
-0.00172661
-0.00171797
-0.00170939
-0.00170084
-0.00169234
-0.00168388
-0.00167546
-0.00166708
-0.00165875
-0.00165046
-0.00164221
-0.001634
-0.00162583
-0.0016177
-0.00160961
-0.00160157
-0.00159356
-0.00158559
-0.00157767
-0.00156978
-0.00156193
-0.00155412
-0.00154635
-0.00153862
-0.00153093
-0.00152328
-0.00151566
-0.00150809
-0.00150055
-0.00149305
-0.00148558
-0.00147815
-0.00147077
-0.00146341
-0.0014561
-0.00144882
-0.00144157
-0.00143437
-0.0014272
-0.00142006
-0.00141296
-0.0014059
-0.00139887
-0.00139188
-0.00138492
-0.001378
-0.00137111
-0.00136425
-0.00135743
-0.00135065
-0.0013439
-0.00133718
-0.00133049
-0.00132384
-0.00131722
-0.00131064
-0.00130409
-0.00129757
-0.00129108
-0.00128463
-0.00127821
-0.00127182
-0.00126546
-0.00125913
-0.00125284
-0.00124657
-0.00124034
-0.00123414
-0.00122797
-0.00122183
-0.00121573
-0.00120965
-0.0012036
-0.00119758
-0.0011916
-0.00118564
-0.00117971
-0.00117382
-0.00116795
-0.00116211
-0.0011563
-0.00115052
-0.00114477
-0.00113905
-0.00113335
-0.00112769
-0.00112205
-0.00111644
-0.00111086
-0.00110531
-0.00109978
-0.00109429
-0.00108882
-0.00108337
-0.00107796
-0.00107257
-0.00106721
-0.00106187
-0.00105657
-0.00105128
-0.00104603
-0.0010408
-0.0010356
-0.00103042
-0.00102527
-0.00102015
-0.00101505
-0.00100997
-0.00100492
-0.0009999
-0.000994902
-0.000989929
-0.000984981
-0.000980057
-0.000975158
-0.000970284
-0.000965434
-0.000960608
-0.000955806
-0.000951028
-0.000946275
-0.000941545
-0.000936838
-0.000932155
-0.000927496
-0.00092286
-0.000918247
-0.000913657
-0.00090909
-0.000904546
-0.000900025
-0.000895526
-0.000891049
-0.000886596
-0.000882164
-0.000877754
-0.000873367
-0.000869001
-0.000864658
-0.000860336
-0.000856035
-0.000851756
-0.000847499
-0.000843263
-0.000839048
-0.000834854
-0.000830681
-0.000826529
-0.000822398
-0.000818287
-0.000814197
-0.000810127
-0.000806078
-0.000802049
-0.00079804
-0.000794051
-0.000790082
-0.000786133
-0.000782204
-0.000778294
-0.000774404
-0.000770533
-0.000766682
-0.00076285
-0.000759037
-0.000755243
-0.000751468
-0.000747712
-0.000743975
-0.000740256
-0.000736556
-0.000732875
-0.000729212
-0.000725567
-0.00072194
-0.000718332
-0.000714742
-0.000711169
-0.000707615
-0.000704078
-0.000700559
-0.000697057
-0.000693573
-0.000690107
-0.000686657
-0.000683225
-0.000679811
-0.000676413
-0.000673032
-0.000669668
-0.000666321
-0.000662991
-0.000659677
-0.00065638
-0.0006531
-0.000649835
-0.000646587
-0.000643356
-0.00064014
-0.000636941
-0.000633757
-0.00063059
-0.000627438
-0.000624302
-0.000621182
-0.000618078
-0.000614988
-0.000611915
-0.000608856
-0.000605813
-0.000602786
-0.000599773
-0.000596775
-0.000593793
-0.000590825
-0.000587872
-0.000584934
-0.000582011
-0.000579102
-0.000576208
-0.000573328
-0.000570463
-0.000567612
-0.000564775
-0.000561952
-0.000559144
-0.000556349
-0.000553569
-0.000550802
-0.000548049
-0.00054531
-0.000542585
-0.000539873
-0.000537175
-0.000534491
-0.00053182
-0.000529162
-0.000526517
-0.000523886
-0.000521268
-0.000518663
-0.000516071
-0.000513491
-0.000510925
-0.000508372
-0.000505831
-0.000503303
-0.000500788
-0.000498285
-0.000495795
-0.000493317
-0.000490852
-0.000488399
-0.000485958
-0.00048353
-0.000481113
-0.000478709
-0.000476317
-0.000473936
-0.000471568
-0.000469211
-0.000466867
-0.000464533
-0.000462212
-0.000459902
-0.000457604
-0.000455318
-0.000453042
-0.000450778
-0.000448525
-0.000446284
-0.000444054
-0.000441835
-0.000439627
-0.00043743
-0.000435244
-0.000433069
-0.000430905
-0.000428752
-0.000426609
-0.000424477
-0.000422356
-0.000420246
-0.000418146
-0.000416056
-0.000413977
-0.000411908
-0.00040985
-0.000407802
-0.000405764
-0.000403736
-0.000401719
-0.000399712
-0.000397714
-0.000395727
-0.000393749
-0.000391782
-0.000389824
-0.000387876
-0.000385938
-0.00038401
-0.000382091
-0.000380182
-0.000378282
-0.000376392
-0.000374511
-0.00037264
-0.000370778
-0.000368925
-0.000367081
-0.000365247
-0.000363422
-0.000361606
-0.000359799
-0.000358002
-0.000356213
-0.000354433
-0.000352662
-0.0003509
-0.000349147
-0.000347402
-0.000345666
-0.000343939
-0.000342221
-0.000340511
-0.000338809
-0.000337116
-0.000335432
-0.000333756
-0.000332088
-0.000330429
-0.000328778
-0.000327135
-0.000325501
-0.000323875
-0.000322256
-0.000320646
-0.000319044
-0.00031745
-0.000315864
-0.000314286
-0.000312716
-0.000311153
-0.000309599
-0.000308052
-0.000306513
-0.000304981
-0.000303458
-0.000301942
-0.000300433
-0.000298932
-0.000297438
-0.000295952
-0.000294474
-0.000293003
-0.000291539
-0.000290082
-0.000288633
-0.000287191
-0.000285756
-0.000284329
-0.000282908
-0.000281495
-0.000280088
-0.000278689
-0.000277297
-0.000275912
-0.000274533
-0.000273162
-0.000271797
-0.000270439
-0.000269088
-0.000267744
-0.000266406
-0.000265075
-0.000263751
-0.000262434
-0.000261123
-0.000259818
-0.00025852
-0.000257229
-0.000255944
-0.000254665
-0.000253393
-0.000252127
-0.000250868
-0.000249615
-0.000248368
-0.000247127
-0.000245892
-0.000244664
-0.000243442
-0.000242226
-0.000241016
-0.000239812
-0.000238614
-0.000237422
-0.000236236
-0.000235056
-0.000233882
-0.000232714
-0.000231551
-0.000230395
-0.000229244
-0.000228099
-0.000226959
-0.000225826
-0.000224698
-0.000223575
-0.000222459
-0.000221347
-0.000220242
-0.000219142
-0.000218047
-0.000216958
-0.000215874
-0.000214796
-0.000213724
-0.000212656
-0.000211594
-0.000210537
-0.000209485
-0.000208439
-0.000207398
-0.000206362
-0.000205331
-0.000204306
-0.000203286
-0.00020227
-0.00020126
-0.000200255
-0.000199255
-0.00019826
-0.00019727
-0.000196284
-0.000195304
-0.000194328
-0.000193358
-0.000192392
-0.000191431
-0.000190475
-0.000189524
-0.000188577
-0.000187635
-0.000186698
-0.000185766
-0.000184838
-0.000183915
-0.000182997
-0.000182083
-0.000181173
-0.000180269
-0.000179368
-0.000178473
-0.000177581
-0.000176695
-0.000175812
-0.000174934
-0.000174061
-0.000173191
-0.000172327
-0.000171466
-0.00017061
-0.000169758
-0.00016891
-0.000168067
-0.000167228
-0.000166392
-0.000165562
-0.000164735
-0.000163912
-0.000163094
-0.000162279
-0.000161469
-0.000160663
-0.000159861
-0.000159062
-0.000158268
-0.000157478
-0.000156692
-0.000155909
-0.000155131
-0.000154356
-0.000153585
-0.000152819
-0.000152056
-0.000151296
-0.000150541
-0.000149789
-0.000149041
-0.000148297
-0.000147557
-0.00014682
-0.000146087
-0.000145358
-0.000144632
-0.00014391
-0.000143191
-0.000142476
-0.000141765
-0.000141057
-0.000140353
-0.000139652
-0.000138955
-0.000138262
-0.000137571
-0.000136884
-0.000136201
-0.000135521
-0.000134845
-0.000134171
-0.000133502
-0.000132835
-0.000132172
-0.000131512
-0.000130856
-0.000130202
-0.000129553
-0.000128906
-0.000128262
-0.000127622
-0.000126985
-0.000126351
-0.00012572
-0.000125093
-0.000124468
-0.000123847
-0.000123229
-0.000122614
-0.000122002
-0.000121393
-0.000120787
-0.000120184
-0.000119584
-0.000118987
-0.000118393
-0.000117802
-0.000117214
-0.000116629
-0.000116047
-0.000115468
-0.000114892
-0.000114318
-0.000113748
-0.00011318
-0.000112615
-0.000112053
-0.000111494
-0.000110937
-0.000110384
-0.000109833
-0.000109285
-0.000108739
-0.000108197
-0.000107657
-0.000107119
-0.000106585
-0.000106053
-0.000105524
-0.000104997
-0.000104473
-0.000103952
-0.000103433
-0.000102917
-0.000102403
-0.000101892
-0.000101384
-0.000100878
-0.000100375
-9.98738e-05
-9.93754e-05
-9.88795e-05
-9.83861e-05
-9.78952e-05
-9.74068e-05
-9.69207e-05
-9.64371e-05
-9.59559e-05
-9.54772e-05
-9.50008e-05
-9.45268e-05
-9.40551e-05
-9.35859e-05
-9.31189e-05
-9.26543e-05
-9.21921e-05
-9.17321e-05
-9.12744e-05
-9.08191e-05
-9.0366e-05
-8.99151e-05
-8.94666e-05
-8.90202e-05
-8.85761e-05
-8.81342e-05
-8.76945e-05
-8.72571e-05
-8.68218e-05
-8.63886e-05
-8.59577e-05
-8.55289e-05
-8.51022e-05
-8.46777e-05
-8.42553e-05
-8.3835e-05
-8.34168e-05
-8.30007e-05
-8.25876e-05
-8.21754e-05
-8.17653e-05
-8.13573e-05
-8.09514e-05
-8.05476e-05
-8.01459e-05
-7.97461e-05
-7.93484e-05
-7.89527e-05
-7.8559e-05
-7.81672e-05
-7.77773e-05
-7.73894e-05
-7.70034e-05
-7.66193e-05
-7.62371e-05
-7.58569e-05
-7.54785e-05
-7.5102e-05
-7.47274e-05
-7.43547e-05
-7.39839e-05
-7.36149e-05
-7.32478e-05
-7.28825e-05
-7.2519e-05
-7.21574e-05
-7.17976e-05
-7.14396e-05
-7.10833e-05
-7.07289e-05
-7.03762e-05
-7.00252e-05
-6.96761e-05
-6.93286e-05
-6.89829e-05
-6.86389e-05
-6.82967e-05
-6.79561e-05
-6.76173e-05
-6.72802e-05
-6.69448e-05
-6.6611e-05
-6.62789e-05
-6.59485e-05
-6.56197e-05
-6.52926e-05
-6.49671e-05
-6.46432e-05
-6.4321e-05
-6.40003e-05
-6.36813e-05
-6.33638e-05
-6.3048e-05
-6.27337e-05
-6.2421e-05
-6.21098e-05
-6.18002e-05
-6.14922e-05
-6.11857e-05
-6.08807e-05
-6.05772e-05
-6.02753e-05
-5.99749e-05
-5.96759e-05
-5.93785e-05
-5.90825e-05
-5.87881e-05
-5.84951e-05
-5.82035e-05
-5.79134e-05
-5.76248e-05
-5.73376e-05
-5.70519e-05
-5.67675e-05
-5.64846e-05
-5.62031e-05
-5.5923e-05
-5.56444e-05
-5.53671e-05
-5.50911e-05
-5.48166e-05
-5.45435e-05
-5.42717e-05
-5.40012e-05
-5.37321e-05
-5.34644e-05
-5.3198e-05
-5.29329e-05
-5.26691e-05
-5.24067e-05
-5.21456e-05
-5.18858e-05
-5.16273e-05
-5.137e-05
-5.11141e-05
-5.08594e-05
-5.0606e-05
-5.03539e-05
-5.0103e-05
-4.98534e-05
-4.96051e-05
-4.93579e-05
-4.9112e-05
-4.88674e-05
-4.86239e-05
-4.83817e-05
-4.81407e-05
-4.79009e-05
-4.76623e-05
-4.74249e-05
-4.71887e-05
-4.69536e-05
-4.67197e-05
-4.6487e-05
-4.62555e-05
-4.60251e-05
-4.57959e-05
-4.55678e-05
-4.53408e-05
-4.5115e-05
-4.48903e-05
-4.46667e-05
-4.44443e-05
-4.4223e-05
-4.40027e-05
-4.37836e-05
-4.35656e-05
-4.33486e-05
-4.31328e-05
-4.2918e-05
-4.27043e-05
-4.24916e-05
-4.228e-05
-4.20695e-05
-4.186e-05
-4.16516e-05
-4.14442e-05
-4.12379e-05
-4.10326e-05
-4.08283e-05
-4.0625e-05
-4.04228e-05
-4.02215e-05
-4.00213e-05
-3.9822e-05
-3.96238e-05
-3.94265e-05
-3.92303e-05
-3.9035e-05
-3.88407e-05
-3.86473e-05
-3.8455e-05
-3.82636e-05
-3.80731e-05
-3.78836e-05
-3.7695e-05
-3.75074e-05
-3.73208e-05
-3.7135e-05
-3.69502e-05
-3.67663e-05
-3.65833e-05
-3.64013e-05
-3.62201e-05
-3.60399e-05
-3.58605e-05
-3.56821e-05
-3.55045e-05
-3.53284e-05
-3.51525e-05
-3.49776e-05
-3.48035e-05
-3.46304e-05
-3.44581e-05
-3.42866e-05
-3.4116e-05
-3.39463e-05
-3.37774e-05
-3.36094e-05
-3.34422e-05
-3.32758e-05
-3.31103e-05
-3.29456e-05
-3.27817e-05
-3.26186e-05
-3.24563e-05
-3.22948e-05
-3.21341e-05
-3.19742e-05
-3.18151e-05
-3.16568e-05
-3.14994e-05
-3.13427e-05
-3.11868e-05
-3.10317e-05
-3.08774e-05
-3.07239e-05
-3.05711e-05
-3.04191e-05
-3.02679e-05
-3.01174e-05
-2.99676e-05
-2.98186e-05
-2.96703e-05
-2.95228e-05
-2.9376e-05
-2.923e-05
-2.90846e-05
-2.894e-05
-2.87961e-05
-2.86529e-05
-2.85105e-05
-2.83687e-05
-2.82277e-05
-2.80873e-05
-2.79477e-05
-2.78088e-05
-2.76705e-05
-2.75329e-05
-2.73961e-05
-2.72599e-05
-2.71244e-05
-2.69896e-05
-2.68555e-05
-2.6722e-05
-2.65892e-05
-2.64571e-05
-2.63256e-05
-2.61948e-05
-2.60646e-05
-2.59351e-05
-2.58063e-05
-2.5678e-05
-2.55505e-05
-2.54235e-05
-2.52972e-05
-2.51715e-05
-2.50465e-05
-2.49221e-05
-2.47983e-05
-2.46751e-05
-2.45525e-05
-2.44305e-05
-2.43092e-05
-2.41884e-05
-2.40683e-05
-2.39488e-05
-2.38298e-05
-2.37115e-05
-2.35937e-05
-2.34765e-05
-2.33599e-05
-2.32439e-05
-2.31285e-05
-2.30137e-05
-2.28994e-05
-2.27857e-05
-2.26725e-05
-2.256e-05
-2.24479e-05
-2.23365e-05
-2.22256e-05
-2.21152e-05
-2.20055e-05
-2.18962e-05
-2.17875e-05
-2.16794e-05
-2.15717e-05
-2.14647e-05
-2.13581e-05
-2.12521e-05
-2.11466e-05
-2.10417e-05
-2.09372e-05
-2.08333e-05
-2.07299e-05
-2.0627e-05
-2.05247e-05
-2.04228e-05
-2.03215e-05
-2.02206e-05
-2.01203e-05
-2.00205e-05
-1.99211e-05
-1.98223e-05
-1.9724e-05
-1.96261e-05
-1.95287e-05
-1.94319e-05
-1.93355e-05
-1.92395e-05
-1.91441e-05
-1.90491e-05
-1.89547e-05
-1.88606e-05
-1.87671e-05
-1.8674e-05
-1.85814e-05
-1.84893e-05
-1.83976e-05
-1.83063e-05
-1.82156e-05
-1.81252e-05
-1.80354e-05
-1.79459e-05
-1.7857e-05
-1.77684e-05
-1.76803e-05
-1.75927e-05
-1.75055e-05
-1.74187e-05
-1.73323e-05
-1.72464e-05
-1.71609e-05
-1.70758e-05
-1.69914e-05
-1.69072e-05
-1.68234e-05
-1.674e-05
-1.66569e-05
-1.65744e-05
-1.64924e-05
-1.64107e-05
-1.63295e-05
-1.62487e-05
-1.61683e-05
-1.60883e-05
-1.60086e-05
-1.59294e-05
-1.58504e-05
-1.57719e-05
-1.56937e-05
-1.5616e-05
-1.55385e-05
-1.54615e-05
-1.53849e-05
-1.53086e-05
-1.52327e-05
-1.51573e-05
-1.50822e-05
-1.50075e-05
-1.49331e-05
-1.48592e-05
-1.47857e-05
-1.47125e-05
-1.46397e-05
-1.45672e-05
-1.44951e-05
-1.44234e-05
-1.4352e-05
-1.42809e-05
-1.42102e-05
-1.41399e-05
-1.40699e-05
-1.40003e-05
-1.3931e-05
-1.3862e-05
-1.37934e-05
-1.37252e-05
-1.36572e-05
-1.35896e-05
-1.35224e-05
-1.34555e-05
-1.33889e-05
-1.33226e-05
-1.32567e-05
-1.31911e-05
-1.31258e-05
-1.30609e-05
-1.29962e-05
-1.29319e-05
-1.2868e-05
-1.28043e-05
-1.27409e-05
-1.26779e-05
-1.26152e-05
-1.25528e-05
-1.24907e-05
-1.24289e-05
-1.23675e-05
-1.23063e-05
-1.22455e-05
-1.21849e-05
-1.21247e-05
-1.20647e-05
-1.20051e-05
-1.19458e-05
-1.18867e-05
-1.1828e-05
-1.17695e-05
-1.17114e-05
-1.16535e-05
-1.15959e-05
-1.15386e-05
-1.14816e-05
-1.14249e-05
-1.13685e-05
-1.13123e-05
-1.12564e-05
-1.12008e-05
-1.11455e-05
-1.10905e-05
-1.10357e-05
-1.09812e-05
-1.0927e-05
-1.0873e-05
-1.08193e-05
-1.07659e-05
-1.07128e-05
-1.06599e-05
-1.06073e-05
-1.05549e-05
-1.05028e-05
-1.0451e-05
-1.03994e-05
-1.03481e-05
-1.0297e-05
-1.02462e-05
-1.01957e-05
-1.01454e-05
-1.00953e-05
-1.00455e-05
-9.99596e-06
