0.726303
0.718155
0.711942
0.715323
0.709922
0.718057
0.718904
0.710814
0.703961
0.724279
0.707809
0.714023
0.71258
0.718861
0.718343
0.713757
0.714857
0.713923
0.7195
0.713129
0.711388
0.715848
0.731041
0.709011
0.714048
0.703254
0.71477
0.710553
0.717005
0.700418
0.702904
0.71363
0.707977
0.703284
0.715289
0.723301
0.704491
0.712975
0.709007
0.710866
0.702405
0.699928
0.699438
0.698618
0.701623
0.713754
0.717975
0.702654
0.701485
0.708406
0.706538
0.705407
0.711417
0.697361
0.699214
0.706734
0.704485
0.704895
0.700674
0.702621
0.703375
0.701699
0.711204
0.699039
0.703311
0.702351
0.705922
0.698021
0.710701
0.697446
0.712963
0.699871
0.70871
0.704882
0.704884
0.695387
0.699936
0.715449
0.696562
0.70718
0.701474
0.700806
0.699597
0.706233
0.700122
0.705396
0.70802
0.704764
0.703254
0.699288
0.708987
0.701698
0.709779
0.704095
0.71593
0.720422
0.70822
0.704726
0.703818
0.703834
0.706461
0.698692
0.697723
0.699846
0.705294
0.70715
0.707949
0.702444
0.704944
0.708082
0.707291
0.694242
0.701811
0.69671
0.707918
0.709427
0.702566
0.701547
0.704554
0.703752
0.708573
0.710588
0.705879
0.706373
0.700534
0.707547
0.703012
0.706386
0.700734
0.712738
0.702254
0.710966
0.699948
0.697628
0.703156
0.714974
0.696233
0.704812
0.703199
0.700064
0.706379
0.719939
0.702027
0.707084
0.702446
0.692948
0.69655
0.701014
0.689071
0.693491
0.691603
0.698143
0.697519
0.695634
0.70636
0.699229
0.691508
0.693838
0.706356
0.69362
0.692036
0.706591
0.693542
0.704506
0.699919
0.686944
0.691063
0.697172
0.694285
0.696546
0.695545
0.704412
0.689018
0.703705
0.704671
0.695701
0.700793
0.698651
0.689068
0.700408
0.699704
0.698491
0.70003
0.708312
0.693592
0.695756
0.697416
0.691488
0.692834
0.694028
0.707828
0.69402
0.699696
0.693405
0.702797
0.691197
0.690088
0.690074
0.693262
0.690275
0.69533
0.696154
0.691501
0.688104
0.69012
0.692323
0.696248
0.688733
0.693398
0.6907
0.695829
0.698964
0.688585
0.696029
0.688978
0.699095
0.692243
0.696962
0.690033
0.696086
0.683798
0.693171
0.689636
0.689319
0.686016
0.695878
0.690089
0.690188
0.689006
0.694034
0.696614
0.691012
0.691691
0.6933
0.692326
0.690893
0.696974
0.693525
0.691742
0.702899
0.694111
0.69572
0.691047
0.701699
0.704076
0.68686
0.69528
0.689409
0.705065
0.705065
0.68977
0.701266
0.696984
0.688643
0.690014
0.685914
0.690484
0.684783
0.688256
0.686393
0.690023
0.696317
0.692569
0.700968
0.692884
0.693795
0.692568
0.685681
0.699152
0.685768
0.70219
0.68928
0.686266
0.692819
0.690006
0.698368
0.687406
0.6908
0.691355
0.693268
0.69235
0.690692
0.696908
0.69232
0.692094
0.691807
0.702207
0.697732
0.684923
0.696895
0.697289
0.685266
0.689366
0.695262
0.693845
0.696153
0.697837
0.700505
0.689326
0.687707
0.690419
0.702008
0.687837
0.692195
0.693933
0.690709
0.684302
0.688889
0.695862
0.700547
0.691454
0.683015
0.682225
0.69021
0.683903
0.676049
0.694914
0.686529
0.691278
0.685565
0.691662
0.691954
0.688916
0.678974
0.691142
0.688024
0.689518
0.68369
0.69086
0.684692
0.686707
0.690443
0.689695
0.69078
0.688114
0.685315
0.689729
0.684644
0.678343
0.687659
0.688557
0.684161
0.689964
0.683159
0.69276
0.679332
0.690518
0.687157
0.688408
0.686149
0.68681
0.689926
0.684304
0.697657
0.688944
0.690894
0.680788
0.692712
0.683591
0.691953
0.684777
0.695358
0.689002
0.683695
0.693212
0.687513
0.690849
0.687984
0.680385
0.682185
0.686905
0.692403
0.682406
0.678885
0.684255
0.680582
0.678593
0.679039
0.676155
0.68175
0.67486
0.677488
0.683609
0.68097
0.675124
0.676614
0.677315
0.677451
0.69001
0.682223
0.672431
0.678935
0.68505
0.682783
0.680167
0.678857
0.689742
0.690895
0.672755
0.679617
0.679244
0.684227
0.678779
0.685886
0.679445
0.687083
0.689686
0.676589
0.688624
0.675218
0.677661
0.692224
0.681434
0.691474
0.692724
0.682212
0.681262
0.697925
0.683651
0.681194
0.691833
0.683173
0.679707
0.680387
0.682841
0.683192
0.680729
0.686703
0.675045
0.679384
0.68077
0.685915
0.679401
0.680293
0.680146
0.671989
0.689892
0.680922
0.680208
0.679667
0.677029
0.684812
0.680152
0.681093
0.682852
0.681819
0.678232
0.671401
0.680178
0.682347
0.681644
0.691261
0.694329
0.684315
0.674662
0.678534
0.677867
0.68393
0.676545
0.681724
0.678999
0.676823
0.672866
0.677638
0.678191
0.678874
0.684614
0.679788
0.684863
0.67871
0.699611
0.686338
0.678872
0.684705
0.680493
0.67697
0.684505
0.675503
0.677427
0.674375
0.687787
0.673629
0.680834
0.674057
0.668838
0.674961
0.675939
0.674004
0.678332
0.676232
0.681247
0.672892
0.674837
0.678719
0.672158
0.668763
0.679797
0.671377
0.688527
0.672908
0.671222
0.671123
0.68477
0.69091
0.675623
0.685221
0.676782
0.669337
0.671516
0.683305
0.674539
0.668499
0.670599
0.67657
0.67574
0.676389
0.66934
0.686483
0.68609
0.673422
0.68136
0.688277
0.697309
0.677811
0.668878
0.672592
0.671561
0.675985
0.671077
0.681722
0.673489
0.680695
0.672335
0.673448
0.685427
0.671017
0.68131
0.66783
0.66444
0.679204
0.68218
0.672606
0.675139
0.671334
0.686072
0.668509
0.669586
0.680664
0.668906
0.670706
0.674579
0.673428
0.680104
0.671417
0.675361
0.665227
0.663391
0.669557
0.664431
0.670953
0.673824
0.678635
0.667266
0.673884
0.6651
0.663895
0.675518
0.670271
0.677275
0.666602
0.672653
0.669519
0.670727
0.675932
0.669545
0.670113
0.673114
0.667639
0.668166
0.665079
0.668661
0.667303
0.672155
0.66532
0.666125
0.670662
0.672014
0.67148
0.670672
0.66929
0.665586
0.673289
0.667762
0.675325
0.668179
0.675537
0.660711
0.67103
0.666737
0.664919
0.664049
0.67221
0.673214
0.663628
0.663055
0.675275
0.663276
0.669278
0.669304
0.671668
0.674365
0.6651
0.671309
0.670972
0.672742
0.672007
0.667297
0.677255
0.661446
0.672081
0.664343
0.666681
0.673719
0.675892
0.671821
0.664561
0.675183
0.666834
0.67609
0.667586
0.675894
0.663899
0.664452
0.67655
0.664906
0.662432
0.680068
0.663434
0.667854
0.664887
0.663325
0.666572
0.657199
0.691624
0.679173
0.666055
0.670836
0.661282
0.664843
0.663138
0.661224
0.654442
0.662256
0.663254
0.659547
0.663959
0.662237
0.669975
0.665991
0.671634
0.66128
0.670849
0.65867
0.659792
0.662582
0.661091
0.665615
0.667426
0.663269
0.662881
0.660545
0.666346
0.661918
0.666215
0.667257
0.661113
0.660992
0.665578
0.660323
0.66585
0.664654
0.66087
0.658575
0.666159
0.660626
0.660686
0.667406
0.660831
0.666118
0.663917
0.659621
0.655866
0.666091
0.661771
0.661139
0.664993
0.661128
0.665891
0.664584
0.660326
0.657048
0.666081
0.6632
0.662118
0.665261
0.660625
0.665712
0.6644
0.660815
0.650654
0.660613
0.655908
0.656146
0.6594
0.655986
0.660763
0.659835
0.656891
0.656317
0.660097
0.656375
0.656014
0.659534
0.656481
0.660886
0.659273
0.654904
0.651272
0.660461
0.655534
0.65575
0.660338
0.660891
0.663909
0.659866
0.6565
0.654151
0.660173
0.656684
0.656919
0.660028
0.656152
0.659993
0.65888
0.656158
0.6504
0.659858
0.656311
0.65716
0.659794
0.655886
0.660566
0.659133
0.654536
0.652614
0.660629
0.656511
0.655531
0.660189
0.655375
0.661112
0.658722
0.65922
0.650738
0.660279
0.655697
0.656166
0.659852
0.655559
0.660114
0.659384
0.654599
0.651159
0.660819
0.655044
0.655616
0.660245
0.656614
0.660621
0.659527
0.653967
0.651368
0.660879
0.655413
0.655186
0.659746
0.655413
0.660395
0.658847
0.656626
0.652508
0.660399
0.661663
0.65114
0.65505
0.650216
0.655188
0.655794
0.649143
0.645795
0.65484
0.650424
0.649955
0.654219
0.650331
0.655227
0.654466
0.649647
0.646623
0.65553
0.650481
0.650159
0.654856
0.650146
0.655105
0.653238
0.650791
0.64517
0.654829
0.65062
0.65062
0.654077
0.650561
0.655026
0.653527
0.6543
0.646903
0.655395
0.649573
0.650435
0.654392
0.65055
0.655181
0.653663
0.651806
0.64523
0.655291
0.650511
0.650039
0.654253
0.649954
0.655841
0.653942
0.650402
0.651769
0.65499
0.650696
0.650488
0.654688
0.650721
0.655113
0.653615
0.650292
0.645458
0.654754
0.65028
0.650141
0.654398
0.6504
0.655214
0.654182
0.650162
0.64732
0.661544
0.650828
0.650359
0.654765
0.649673
0.649889
0.648291
0.644248
0.641903
0.651023
0.645216
0.645755
0.649099
0.645118
0.649751
0.648307
0.644079
0.641579
0.650459
0.645847
0.645661
0.649203
0.644635
0.649763
0.648142
0.643893
0.639984
0.649965
0.645026
0.645179
0.648902
0.64478
0.650022
0.650225
0.646034
0.641298
0.649856
0.645155
0.644713
0.648987
0.644858
0.649536
0.648257
0.645442
0.640104
0.649957
0.645247
0.644944
0.650966
0.646163
0.649571
0.648723
0.643887
0.641996
0.64937
0.645215
0.644908
0.648881
0.644985
0.649882
0.648109
0.64432
0.639993
0.649906
0.65082
0.64601
0.649073
0.644821
0.649631
0.648353
0.645019
0.640467
0.649721
0.644747
0.6448
0.649458
0.644455
0.64986
0.648428
0.643727
0.639769
0.650163
0.644969
0.646535
0.649991
0.6451
0.649892
0.648758
0.646241
0.638584
0.644193
0.640263
0.639783
0.644012
0.639395
0.64451
0.642995
0.641826
0.637315
0.643961
0.639547
0.639266
0.643737
0.639868
0.644639
0.643256
0.639715
0.63615
0.644818
0.640347
0.640183
0.643529
0.639672
0.644235
0.642868
0.640463
0.636757
0.645491
0.640374
0.640565
0.644046
0.642058
0.64429
0.64286
0.639201
0.63605
0.644773
0.639554
0.639376
0.644391
0.63936
0.644244
0.643065
0.63819
0.634873
0.647115
0.644586
0.640266
0.644134
0.63968
0.644423
0.643111
0.639881
0.636403
0.644375
0.6393
0.639639
0.644077
0.634287
0.638881
0.637799
0.63304
0.629081
0.639179
0.634369
0.63463
0.638919
0.633754
0.639406
0.637928
0.633005
0.630162
0.639046
0.634875
0.634117
0.638383
0.633952
0.639048
0.637184
0.633762
0.631604
0.639416
0.634764
0.633919
0.638081
0.634266
0.639142
0.637768
0.633472
0.631417
0.638825
0.635014
0.633967
0.639032
0.634264
0.64185
0.637046
0.63395
0.629148
0.639003
0.634507
0.633527
0.638705
0.634577
0.639115
0.637872
0.633673
0.632885
0.639292
0.635415
0.63965
0.642196
0.635482
0.638864
0.637537
0.634196
0.629272
0.639294
0.634348
0.633816
0.638511
0.634083
0.63912
0.637738
0.633694
0.632216
0.639517
0.635691
0.633809
0.638971
0.634717
0.639343
0.637487
0.635136
0.629851
0.638708
0.634648
0.634519
0.638828
0.634102
0.638859
0.639656
0.634352
0.630629
0.638446
0.635655
0.634358
0.638504
0.634404
0.639128
0.637694
0.632829
0.628847
0.63919
0.635051
0.633627
0.641663
0.634233
0.638921
0.637411
0.634069
0.630959
0.6393
0.634679
0.628807
0.633548
0.628876
0.633484
0.632089
0.628164
0.623719
0.637854
0.632977
0.628858
0.633168
0.628212
0.634196
0.631245
0.627782
0.624654
0.634203
0.628863
0.628192
0.633951
0.628281
0.633685
0.631709
0.62977
0.623909
0.633942
0.629736
0.629042
0.632992
0.628341
0.633838
0.63172
0.628251
0.625261
0.634316
0.629054
0.628299
0.633205
0.628329
0.63364
0.632113
0.627891
0.628019
0.634255
0.629102
0.628764
0.633227
0.628663
0.634139
0.63176
0.629495
0.625273
0.633581
0.628943
0.628355
0.63413
0.623482
0.628071
0.627376
0.622212
0.61796
0.631568
0.623989
0.623031
0.627862
0.623876
0.628372
0.627194
0.622921
0.620851
0.628719
0.624593
0.623472
0.628324
0.623201
0.628041
0.62659
0.62418
0.61956
0.628009
0.625856
0.627643
0.628635
0.623801
0.628534
0.626663
0.623841
0.620426
0.628711
0.624455
0.622758
0.628033
0.623503
0.627927
0.626452
0.623193
0.61894
0.628109
0.623899
0.623359
0.629688
0.623506
0.628291
0.626915
0.622868
0.621241
0.628392
0.624999
0.624061
0.628185
0.623883
0.627723
0.626524
0.622864
0.618578
0.632299
0.624073
0.625786
0.627763
0.623754
0.628082
0.626249
0.62311
0.619281
0.628642
0.624002
0.623169
0.627275
0.623412
0.628397
0.626552
0.62417
0.618187
0.628337
0.623115
0.623507
0.628601
0.622668
0.628138
0.62599
0.623053
0.618831
0.628407
0.62304
0.623254
0.627484
0.62819
0.631256
0.627302
0.622102
0.61858
0.628588
0.624133
0.623279
0.627537
0.623709
0.628321
0.626733
0.623739
0.620606
0.628752
0.624534
0.623905
0.62859
0.62324
0.628296
0.625987
0.623646
0.618528
0.628601
0.618382
0.617436
0.622446
0.618874
0.623309
0.621241
0.617157
0.618262
0.623467
0.618289
0.61822
0.622661
0.617758
0.622917
0.621514
0.617951
0.61408
0.623347
0.61914
0.618368
0.623142
0.61804
0.623073
0.624132
0.61878
0.615446
0.62303
0.618253
0.617791
0.623125
0.618302
0.622696
0.621264
0.618185
0.6133
0.622847
0.618297
0.618047
0.625933
0.623413
0.623773
0.620892
0.621294
0.615618
0.622534
0.618025
0.618525
0.623316
0.618197
0.62309
0.620762
0.617133
0.612938
0.623378
0.618755
0.618822
0.623508
0.617834
0.622618
0.621151
0.616901
0.614161
0.623294
0.618419
0.61788
0.62219
0.618679
0.622679
0.6158
0.614746
0.609258
0.617869
0.612776
0.61283
0.616854
0.612442
0.61765
0.616058
0.611387
0.609052
0.617825
0.614076
0.611798
0.617115
0.612122
0.619924
0.615688
0.612125
0.607089
0.617494
0.612979
0.612303
0.616924
0.61245
0.617849
0.616265
0.61248
0.611144
0.617836
0.613688
0.612722
0.623845
0.617253
0.617483
0.615545
0.611948
0.607494
0.617881
0.613051
0.612439
0.617145
0.612799
0.617619
0.615614
0.612867
0.608182
0.617759
0.614014
0.612909
0.617872
0.613752
0.618513
0.61562
0.612002
0.607914
0.617871
0.612736
0.61229
0.617267
0.612839
0.617329
0.61604
0.614767
0.611693
0.617742
0.613168
0.612556
0.617655
0.613038
0.617669
0.615959
0.611754
0.607939
0.617665
0.613594
0.612291
0.616818
0.612498
0.620529
0.615884
0.613984
0.609992
0.617472
0.613753
0.612919
0.617935
0.613218
0.617223
0.615796
0.613854
0.608245
0.616991
0.613012
0.607507
0.617573
0.608002
0.612273
0.610738
0.605821
0.60346
0.612397
0.608406
0.607109
0.612383
0.606817
0.611929
0.609973
0.606614
0.602344
0.612857
0.609006
0.607843
0.61146
0.607326
0.612117
0.610138
0.607209
0.602894
0.612887
0.607294
0.606507
0.611974
0.60699
0.611874
0.61074
0.609108
0.603689
0.612575
0.607502
0.60883
0.611575
0.607314
0.612051
0.609671
0.60722
0.603548
0.612108
0.607452
0.606821
0.612345
0.607047
0.615057
0.610077
0.606233
0.601893
0.612903
0.607893
0.606736
0.611464
0.60714
0.611786
0.610388
0.606557
0.603763
0.612889
0.607959
0.607132
0.619906
0.609512
0.611855
0.610037
0.609121
0.602276
0.612465
0.607898
0.607079
0.612005
0.607928
0.613056
0.610331
0.607128
0.604738
0.612487
0.608659
0.602772
0.606364
0.602817
0.606768
0.605166
0.601259
0.596927
0.607526
0.602615
0.601752
0.606489
0.601861
0.606803
0.605466
0.602288
0.60321
0.607344
0.604268
0.602186
0.607358
0.60245
0.607159
0.604387
0.60264
0.597314
0.607252
0.602458
0.601417
0.606359
0.602535
0.607783
0.606959
0.601867
0.598328
0.608327
0.602687
0.602392
0.606698
0.60233
0.607131
0.604811
0.601576
0.5973
0.607446
0.60266
0.602043
0.609502
0.608021
0.607168
0.604691
0.60095
0.597623
0.607321
0.602184
0.601607
0.606582
0.602389
0.60656
0.604985
0.600858
0.596914
0.60669
0.603252
0.602403
0.606052
0.602147
0.607004
0.605011
0.601478
0.59843
0.607505
0.602062
0.601378
0.607902
0.602405
0.606823
0.604485
0.601244
0.600773
0.608351
0.60249
0.60183
0.606374
0.601718
0.607357
0.604543
0.601106
0.59901
0.606994
0.602523
0.595991
0.601335
0.596867
0.601505
0.602677
0.596261
0.591966
0.601925
0.597543
0.596148
0.601191
0.596891
0.601324
0.599378
0.597384
0.592371
0.601562
0.597093
0.596273
0.60128
0.601826
0.604121
0.60057
0.596788
0.591469
0.601794
0.59777
0.596455
0.601684
0.596739
0.601725
0.599935
0.597209
0.595036
0.601514
0.597442
0.597257
0.602534
0.596839
0.601372
0.599609
0.59582
0.591692
0.602111
0.596919
0.596022
0.600877
0.597265
0.601955
0.599695
0.595855
0.592459
0.605916
0.597796
0.596066
0.601011
0.596344
0.600997
0.599445
0.597843
0.592288
0.601677
0.596892
0.593532
0.596664
0.591679
0.596126
0.594155
0.592008
0.590288
0.596868
0.59224
0.590951
0.596835
0.591398
0.596032
0.593922
0.590153
0.586656
0.59655
0.591856
0.591122
0.595795
0.591612
0.598236
0.597861
0.592432
0.5886
0.596121
0.592168
0.591408
0.595957
0.591134
0.596229
0.594185
0.590352
0.586312
0.596795
0.591631
0.589953
0.595828
0.591356
0.596007
0.595086
0.5914
0.587116
0.59608
0.591851
0.590966
0.595783
0.591343
0.595931
0.594108
0.590893
0.586876
0.596507
0.592197
0.595066
0.595806
0.59131
0.59605
0.594307
0.590781
0.587445
0.596192
0.591857
0.590798
0.596039
0.591435
0.596359
0.59431
0.591346
0.585879
0.59914
0.592325
0.590727
0.595756
0.591454
0.596036
0.593962
0.591576
0.588429
0.596455
0.591702
0.591742
0.596659
0.591856
0.595859
0.59434
0.597155
0.590712
0.59814
0.591539
0.590981
0.595963
0.591676
0.596167
0.594388
0.591632
0.589061
0.596909
0.592525
0.591251
0.596176
0.591658
0.596316
0.594492
0.592173
0.586954
0.596508
0.592587
0.586187
0.590828
0.586839
0.590576
0.588167
0.58692
0.582336
0.590549
0.586086
0.586129
0.590903
0.586501
0.590529
0.590005
0.586889
0.581954
0.591344
0.586245
0.585555
0.590939
0.58623
0.590443
0.588504
0.586387
0.582172
0.590947
0.585894
0.585814
0.590555
0.58646
0.590626
0.588677
0.585347
0.580699
0.591802
0.590597
0.58528
0.59042
0.585856
0.590734
0.588581
0.584877
0.5819
0.591647
0.586636
0.584977
0.590172
0.585267
0.590686
0.588659
0.586159
0.580526
0.591231
0.586088
0.586066
0.596703
0.589559
0.590711
0.588757
0.58586
0.583026
0.591002
0.586343
0.58521
0.590726
0.586057
0.590535
0.588676
0.584446
0.580256
0.590948
0.58577
0.5857
0.59065
0.586166
0.590974
0.588988
0.586402
0.583036
0.591147
0.587217
0.585436
0.585132
0.581013
0.585278
0.583256
0.57974
0.575418
0.585781
0.581318
0.58062
0.585099
0.580697
0.585768
0.584371
0.58065
0.581722
0.585844
0.58149
0.580207
0.585387
0.580753
0.585176
0.583081
0.580403
0.575072
0.585796
0.580808
0.57988
0.585286
0.580935
0.585601
0.583511
0.579855
0.576655
0.585872
0.582795
0.58093
0.585172
0.580701
0.584397
0.583056
0.581357
0.575079
0.58541
0.581064
0.580614
0.585377
0.580626
0.585547
0.58368
0.579787
0.577468
0.586048
0.580657
0.581155
0.585219
0.590753
0.586333
0.583334
0.579627
0.577596
0.585481
0.58085
0.580736
0.580735
0.576128
0.580045
0.577391
0.575402
0.570256
0.579992
0.575377
0.574976
0.58001
0.576404
0.579678
0.578243
0.574761
0.570855
0.5803
0.576475
0.574473
0.57995
0.575127
0.580472
0.57825
0.575344
0.571386
0.580904
0.575628
0.574934
0.580047
0.575289
0.579778
0.577673
0.575961
0.568957
0.586073
0.575496
0.575236
0.579805
0.575555
0.580387
0.578132
0.574548
0.573466
0.580728
0.575961
0.575675
0.579768
0.576064
0.579399
0.576983
0.574959
0.570023
0.579811
0.575449
0.57491
0.581191
0.575577
0.579727
0.577571
0.574911
0.570598
0.580236
0.575563
0.574439
0.579812
0.575224
0.579796
0.577815
0.574622
0.569015
0.580579
0.575616
0.575355
0.580688
0.575316
0.585255
0.580846
0.575093
0.572792
0.579912
0.576486
0.574479
0.579818
0.575283
0.579649
0.577456
0.573917
0.570911
0.580271
0.575563
0.574376
0.580312
0.575792
0.579367
0.577575
0.575747
0.570212
0.579991
0.575387
0.574893
0.580631
0.574915
0.579757
0.577653
0.573731
0.569812
0.580586
0.575685
0.569589
0.574287
0.570513
0.57416
0.5748
0.57059
0.566238
0.574774
0.570262
0.57003
0.574436
0.57038
0.57407
0.572109
0.568449
0.56486
0.574412
0.569659
0.570206
0.574307
0.570184
0.577813
0.572554
0.5686
0.564752
0.575316
0.569913
0.569432
0.574554
0.569836
0.574625
0.572162
0.570985
0.56444
0.575255
0.569986
0.570249
0.574752
0.576676
0.575453
0.572069
0.568842
0.565157
0.575262
0.569459
0.569764
0.574224
0.569654
0.574937
0.572715
0.568599
0.56502
0.574854
0.564473
0.565446
0.570853
0.564846
0.569026
0.566762
0.563776
0.56019
0.569377
0.565122
0.565004
0.56866
0.565038
0.569099
0.566524
0.563733
0.559895
0.569592
0.570034
0.564119
0.568429
0.564127
0.569062
0.566651
0.563138
0.559586
0.570105
0.564572
0.563969
0.568559
0.564239
0.569014
0.566514
0.565623
0.559591
0.572669
0.56415
0.565512
0.569416
0.564411
0.569411
0.566308
0.563379
0.55916
0.569621
0.564107
0.56376
0.568661
0.56465
0.568892
0.566744
0.564017
0.563782
0.571702
0.56416
0.56465
0.568796
0.564351
0.568788
0.566422
0.564581
0.558871
0.569853
0.564657
0.564178
0.569811
0.564606
0.569483
0.567073
0.563256
0.559946
0.56919
0.564312
0.564623
0.570001
0.565006
0.56922
0.566347
0.564262
0.559101
0.569413
0.563845
0.564355
0.568787
0.564934
0.572059
0.566362
0.563034
0.559446
0.569257
0.564869
0.565062
0.569327
0.559408
0.563493
0.561784
0.557985
0.553453
0.563851
0.55909
0.558742
0.563787
0.561709
0.563379
0.561201
0.557825
0.553921
0.564518
0.558829
0.558659
0.563087
0.559123
0.562935
0.561261
0.559115
0.55364
0.563972
0.559901
0.558845
0.572857
0.560826
0.563444
0.561645
0.557155
0.55378
0.564138
0.558919
0.558702
0.563514
0.559401
0.563563
0.561037
0.558111
0.554625
0.564342
0.558597
0.559819
0.563593
0.55925
0.563063
0.561017
0.560762
0.554264
0.563452
0.558984
0.559583
0.563958
0.559279
0.563558
0.561627
0.558466
0.554325
0.563486
0.55941
0.558833
0.563444
0.559983
0.563122
0.561833
0.558078
0.554344
0.563868
0.559104
0.560387
0.563574
0.554043
0.563159
0.556001
0.558299
0.549212
0.561068
0.555056
0.55358
0.558345
0.554207
0.558532
0.556228
0.551952
0.548716
0.558517
0.554103
0.553099
0.558116
0.553858
0.558495
0.55592
0.553865
0.554021
0.561388
0.553798
0.55375
0.558121
0.553691
0.558067
0.555807
0.553494
0.549294
0.55856
0.553808
0.554145
0.557488
0.55397
