274.737
56.5859
33.014
4.33172
21.501
24.4107
30.9564
32.7394
33.5447
34.333
34.821
35.0784
35.1856
35.1453
35.0202
34.7767
34.3973
33.9641
33.4721
32.843
27.4538
30.2106
26.0008
26.2057
25.7791
24.907
24.1052
23.1771
22.089
20.7363
19.2607
17.8594
16.1577
16.0841
15.7186
15.157
14.3934
13.2772
11.819
11.3356
10.6975
9.82799
9.39859
8.99174
8.46392
8.04818
7.5521
7.15099
6.762
6.37356
5.99812
5.65965
5.33812
5.00165
4.73553
4.46785
4.22484
4.00045
3.75055
3.58289
3.378
3.18772
3.02011
2.87322
2.73134
2.5861
2.47709
2.33255
2.25454
2.13116
2.0603
1.95091
1.87301
1.82181
1.73304
1.65918
1.59452
1.56445
1.49992
1.44562
1.41659
1.36957
1.30267
1.31116
1.25786
1.21808
1.19724
1.19374
1.14847
1.12152
1.11052
1.10088
1.0646
1.05934
1.04896
1.0297
0.995668
0.992196
0.991443
0.968963
0.972179
0.941497
0.940745
0.920319
0.948103
0.92763
0.920995
0.900824
0.902735
0.905634
0.905182
0.892059
0.877693
0.871978
0.882577
0.884294
0.877719
0.854067
0.879484
0.856521
0.861838
0.864691
0.8585
0.863377
0.853274
0.861512
0.856018
0.858954
0.852831
0.865283
0.855306
0.86374
0.853023
0.849724
0.855773
0.867468
0.850053
0.85721
0.856157
0.852515
0.858462
0.87276
0.854921
0.85951
0.854581
0.845297
0.849274
0.853462
0.843216
0.845988
0.845233
0.850364
0.850242
0.849423
0.858509
0.871751
0.843825
0.846586
0.859186
0.847445
0.844424
0.860147
0.846093
0.857165
0.851983
0.84112
0.843204
0.849089
0.846876
0.863191
0.847791
0.856824
0.841349
0.855697
0.857321
0.848492
0.852916
0.851043
0.841954
0.853086
0.851834
0.851281
0.852623
0.865279
0.845899
0.84813
0.849828
0.843851
0.845431
0.846609
0.859956
0.846279
0.852025
0.846052
0.855053
0.843685
0.842444
0.842767
0.845369
0.842814
0.847575
0.849163
0.845386
0.840422
0.842326
0.844692
0.848389
0.841234
0.847366
0.842954
0.848088
0.856959
0.859701
0.849812
0.841243
0.851374
0.844731
0.851793
0.842447
0.848076
0.83586
0.845633
0.841772
0.841335
0.838346
0.848356
0.856765
0.842865
0.841619
0.846915
0.84909
0.843346
0.844501
0.84588
0.844818
0.843469
0.849165
0.84572
0.844374
0.855036
0.851529
0.847868
0.844066
0.854375
0.857438
0.839568
0.847776
0.841412
0.859288
0.857366
0.841892
0.854299
0.849223
0.84094
0.842901
0.838326
0.843055
0.837191
0.840327
0.8387
0.843954
0.848997
0.845134
0.854096
0.84531
0.846957
0.845257
0.838069
0.862269
0.850503
0.85586
0.842041
0.838856
0.844893
0.84198
0.850553
0.839457
0.84358
0.843483
0.845411
0.844676
0.843115
0.850204
0.85993
0.84453
0.844237
0.858809
0.85049
0.838717
0.849368
0.849742
0.837562
0.842016
0.847497
0.846524
0.849723
0.850057
0.855653
0.841505
0.839867
0.843146
0.855529
0.840366
0.844328
0.846813
0.842971
0.836998
0.841101
0.849981
0.852704
0.843579
0.836096
0.834536
0.842418
0.836225
0.828423
0.847627
0.838867
0.843935
0.837772
0.845397
0.844623
0.841822
0.831475
0.844757
0.848048
0.857065
0.836335
0.843205
0.836713
0.83905
0.842641
0.843378
0.843061
0.84027
0.838322
0.842094
0.837093
0.83076
0.840191
0.855272
0.836708
0.842469
0.836344
0.845509
0.832899
0.844171
0.83952
0.840938
0.838282
0.839241
0.842351
0.836843
0.850027
0.844823
0.84301
0.833929
0.844836
0.836191
0.845678
0.837384
0.849237
0.841696
0.836711
0.84694
0.839895
0.842992
0.840486
0.834542
0.834224
0.839209
0.846005
0.83521
0.831509
0.836773
0.833398
0.830695
0.83171
0.828536
0.834359
0.826977
0.829734
0.835926
0.85394
0.827509
0.829517
0.830145
0.830149
0.843432
0.835063
0.824734
0.831378
0.83931
0.836893
0.832496
0.831446
0.842189
0.857509
0.82482
0.832061
0.831391
0.836666
0.83268
0.838315
0.8319
0.840653
0.842467
0.829081
0.841868
0.827842
0.829756
0.846063
0.838491
0.843855
0.845954
0.834427
0.834814
0.85039
0.838413
0.833474
0.84403
0.835741
0.831944
0.832591
0.835232
0.835521
0.833586
0.838804
0.827542
0.831929
0.833923
0.838238
0.8317
0.834162
0.832689
0.824615
0.841935
0.833412
0.832621
0.832054
0.829067
0.836951
0.83237
0.833116
0.855672
0.833996
0.830783
0.824417
0.832199
0.834773
0.833856
0.843838
0.847062
0.836252
0.827401
0.830942
0.830001
0.836456
0.828763
0.83392
0.831479
0.829206
0.839658
0.829917
0.830544
0.832605
0.83703
0.832074
0.838571
0.831073
0.851767
0.838819
0.831268
0.836609
0.834325
0.829283
0.83671
0.829517
0.829692
0.826875
0.844831
0.825734
0.833303
0.826947
0.821371
0.827254
0.828314
0.826322
0.830872
0.829432
0.833305
0.825088
0.827818
0.831227
0.824461
0.820967
0.83206
0.82379
0.842486
0.825324
0.82367
0.823501
0.837324
0.843094
0.828198
0.837186
0.828914
0.821724
0.823668
0.835661
0.828116
0.822428
0.822876
0.830876
0.828378
0.828562
0.824192
0.858806
0.838232
0.827184
0.833733
0.840767
0.849723
0.831888
0.822418
0.826252
0.823685
0.828071
0.823459
0.834044
0.825988
0.833236
0.824827
0.825602
0.838601
0.838164
0.833813
0.820048
0.818493
0.832501
0.835449
0.825415
0.828772
0.823766
0.838342
0.821196
0.82213
0.832895
0.821037
0.823618
0.826885
0.826985
0.832492
0.826063
0.828328
0.81813
0.815983
0.822675
0.816797
0.823997
0.826236
0.830765
0.820428
0.826509
0.81729
0.817994
0.827455
0.82256
0.829977
0.81896
0.825062
0.823324
0.824309
0.828086
0.821959
0.822609
0.825393
0.820527
0.820783
0.817645
0.820746
0.819819
0.825969
0.817803
0.8184
0.822877
0.844624
0.82415
0.823479
0.821819
0.818164
0.825316
0.819907
0.828024
0.820181
0.827796
0.813303
0.824214
0.819089
0.817178
0.831712
0.8255
0.825478
0.817597
0.815722
0.828897
0.81555
0.821369
0.822002
0.823808
0.828046
0.817753
0.824994
0.823608
0.82504
0.827128
0.820256
0.83017
0.813643
0.825254
0.81657
0.818796
0.825956
0.828169
0.824073
0.81691
0.828875
0.819296
0.828369
0.819618
0.828709
0.816179
0.816794
0.829215
0.817677
0.814484
0.832683
0.817441
0.81996
0.81714
0.815757
0.81866
0.809883
0.845128
0.854333
0.81864
0.824412
0.813456
0.818213
0.81548
0.81398
0.806721
0.81471
0.81539
0.813378
0.816271
0.814403
0.822225
0.818228
0.838938
0.814019
0.823274
0.811038
0.813138
0.814723
0.813363
0.818022
0.821339
0.815613
0.816843
0.81293
0.818778
0.814111
0.818315
0.822116
0.815104
0.813132
0.817917
0.812829
0.818065
0.817059
0.813891
0.811565
0.818697
0.814575
0.812822
0.81953
0.813479
0.818903
0.816732
0.812762
0.808046
0.818827
0.81584
0.813345
0.81726
0.81378
0.818128
0.816924
0.813426
0.809249
0.818623
0.81719
0.835216
0.817534
0.813246
0.817837
0.816919
0.813943
0.803077
0.813202
0.80983
0.80841
0.811606
0.808602
0.813081
0.812235
0.810035
0.823915
0.81276
0.810229
0.808222
0.811833
0.809457
0.813057
0.811773
0.807982
0.803526
0.813147
0.809473
0.807909
0.812597
0.813599
0.819923
0.812574
0.809571
0.806879
0.812862
0.810659
0.809186
0.812217
0.808869
0.812399
0.81124
0.809306
0.802519
0.812582
0.810314
0.809847
0.81202
0.808549
0.812861
0.811597
0.807585
0.805022
0.813262
0.810436
0.807764
0.812507
0.808091
0.81328
0.811135
0.812401
0.823141
0.813051
0.809648
0.808379
0.812131
0.808165
0.812433
0.811832
0.807835
0.803471
0.813529
0.808915
0.807905
0.812454
0.810537
0.827344
0.811944
0.807145
0.803669
0.813564
0.809416
0.807468
0.811874
0.808039
0.812615
0.811316
0.809914
0.80516
0.813135
0.821411
0.803289
0.807227
0.802702
0.807421
0.808113
0.802288
0.79808
0.807549
0.804309
0.802146
0.806456
0.802985
0.807535
0.806805
0.80341
0.799054
0.808097
0.804437
0.802333
0.807136
0.802743
0.807295
0.805489
0.804045
0.797573
0.807595
0.804573
0.802807
0.806361
0.803278
0.807262
0.80591
0.807627
0.819495
0.808182
0.80349
0.802653
0.806534
0.803361
0.80756
0.806212
0.804976
0.797612
0.808095
0.80447
0.802311
0.806528
0.802603
0.808011
0.806284
0.80347
0.804675
0.822266
0.804536
0.802616
0.806974
0.80331
0.807476
0.805908
0.803492
0.797861
0.807392
0.804248
0.802556
0.806573
0.803155
0.807494
0.806625
0.803225
0.799838
0.819611
0.805569
0.802662
0.807027
0.802311
0.802138
0.800684
0.797428
0.794199
0.803594
0.799171
0.798038
0.801377
0.797674
0.801995
0.800653
0.797025
0.794195
0.803112
0.800396
0.798029
0.801402
0.7973
0.802021
0.800551
0.797038
0.792076
0.802676
0.799058
0.79744
0.801257
0.7974
0.802167
0.802664
0.819858
0.793801
0.802547
0.799052
0.796904
0.801253
0.797464
0.801798
0.800698
0.798597
0.792229
0.802682
0.799239
0.797135
0.803289
0.813329
0.801897
0.80118
0.797058
0.794403
0.80205
0.799223
0.797205
0.801188
0.797646
0.802141
0.800468
0.797522
0.792091
0.80267
0.810489
0.798269
0.801392
0.797415
0.801788
0.800758
0.798082
0.792893
0.80235
0.798598
0.797015
0.801692
0.796992
0.801913
0.800751
0.797612
0.792171
0.802818
0.798946
0.798685
0.802438
0.797639
0.802046
0.801064
0.799283
0.791602
0.79684
0.794265
0.792021
0.796429
0.792011
0.796689
0.795385
0.795032
0.810309
0.796706
0.793457
0.791668
0.795986
0.792638
0.796878
0.795661
0.792759
0.788468
0.797496
0.794513
0.792403
0.795732
0.79246
0.796494
0.795242
0.793529
0.788973
0.812782
0.794373
0.792936
0.796343
0.79459
0.796486
0.795216
0.792316
0.788427
0.797427
0.793564
0.791615
0.796791
0.792083
0.796484
0.795484
0.791133
0.787076
0.799823
0.803283
0.792444
0.796559
0.792139
0.796623
0.795464
0.793094
0.789058
0.796987
0.793391
0.791792
0.796408
0.786843
0.791184
0.79015
0.785989
0.781163
0.791735
0.788214
0.787418
0.79106
0.786384
0.791725
0.790442
0.785975
0.782367
0.791779
0.788845
0.786392
0.790564
0.786612
0.791177
0.78971
0.786883
0.788518
0.81021
0.78862
0.786138
0.790333
0.786876
0.791283
0.790177
0.786761
0.784011
0.791459
0.788987
0.786106
0.791349
0.786859
0.79406
0.804014
0.787043
0.781245
0.791683
0.788385
0.785715
0.790844
0.787206
0.791249
0.7902
0.786831
0.785799
0.792314
0.789413
0.791943
0.796927
0.788886
0.791069
0.78997
0.787216
0.781588
0.791994
0.788287
0.786108
0.790761
0.786694
0.791441
0.790006
0.786831
0.784671
0.792635
0.78968
0.786086
0.79108
0.78733
0.791614
0.789895
0.788285
0.782202
0.79131
0.788735
0.786662
0.791059
0.786837
0.791154
0.794639
0.807401
0.783288
0.791163
0.789648
0.786631
0.790808
0.787039
0.7914
0.790031
0.785864
0.781159
0.791754
0.789072
0.785854
0.793791
0.801379
0.7912
0.789854
0.787262
0.783607
0.792
0.788626
0.781075
0.785868
0.781617
0.785714
0.784445
0.781345
0.7761
0.790453
0.791609
0.781242
0.785335
0.780891
0.786393
0.783637
0.781009
0.777076
0.78689
0.782906
0.780415
0.78623
0.780921
0.785851
0.784194
0.783912
0.776095
0.786559
0.78372
0.781561
0.785317
0.780964
0.786069
0.784112
0.781395
0.777715
0.787068
0.782983
0.780547
0.785404
0.780932
0.785968
0.784585
0.781084
0.780209
0.806846
0.782971
0.780987
0.78546
0.781309
0.786436
0.784118
0.782699
0.77781
0.78635
0.782977
0.780631
0.786365
0.776162
0.780277
0.780059
0.775422
0.770262
0.784206
0.792463
0.775333
0.780203
0.776508
0.780709
0.779606
0.776156
0.773338
0.781368
0.778528
0.775746
0.780638
0.775925
0.780346
0.778905
0.77733
0.771898
0.780806
0.779826
0.785693
0.780855
0.776319
0.78065
0.779244
0.777061
0.773025
0.781437
0.778496
0.775023
0.780364
0.776167
0.780086
0.778677
0.776291
0.771178
0.780878
0.777785
0.775585
0.781824
0.776738
0.78064
0.779194
0.775922
0.773793
0.78117
0.77886
0.776328
0.780485
0.776553
0.780032
0.778982
0.776033
0.770794
0.785027
0.798211
0.778179
0.780071
0.776276
0.780389
0.77862
0.77635
0.771641
0.781196
0.777971
0.775311
0.779562
0.776063
0.780718
0.778904
0.778638
0.78495
0.78106
0.777066
0.775827
0.780935
0.775338
0.780467
0.778485
0.775979
0.771184
0.780935
0.777031
0.775512
0.779677
0.780912
0.787142
0.780064
0.77527
0.770755
0.781111
0.778213
0.775516
0.779779
0.77635
0.780573
0.779135
0.776837
0.773235
0.781298
0.778475
0.776926
0.780864
0.775813
0.780395
0.778351
0.777032
0.770802
0.781277
0.772302
0.769643
0.774753
0.771457
0.775603
0.773755
0.770383
0.770815
0.796163
0.772211
0.770403
0.774995
0.770212
0.775211
0.773903
0.771084
0.766508
0.775971
0.773268
0.770594
0.775357
0.770561
0.775349
0.776464
0.78645
0.768058
0.77563
0.772159
0.76998
0.775401
0.770824
0.774905
0.773608
0.771411
0.765549
0.775651
0.772244
0.770375
0.778225
0.780256
0.776116
0.773404
0.774511
0.768732
0.775099
0.771958
0.770718
0.775527
0.770918
0.775385
0.773229
0.770321
0.76505
0.776014
0.772661
0.771717
0.775763
0.770434
0.774815
0.773549
0.770091
0.766539
0.775916
0.772299
0.77026
0.774537
0.771481
0.774901
0.768311
0.76785
0.78234
0.770559
0.766777
0.765038
0.769027
0.765083
0.769936
0.768506
0.764481
0.761745
0.770351
0.768091
0.764023
0.769358
0.764699
0.772315
0.782628
0.765406
0.759257
0.769916
0.767007
0.764526
0.769172
0.765093
0.770001
0.768654
0.76565
0.764272
0.77059
0.767735
0.764962
0.776107
0.772786
0.769717
0.767918
0.765046
0.759728
0.77046
0.766967
0.764598
0.769421
0.765454
0.769692
0.768088
0.765906
0.760415
0.770348
0.76884
0.765062
0.770051
0.76638
0.770924
0.76796
0.765116
0.760129
0.770403
0.766672
0.764543
0.769489
0.765445
0.769594
0.768377
0.767841
0.784714
0.77039
0.767051
0.764684
0.769822
0.765689
0.769896
0.768324
0.764856
0.760184
0.770276
0.767685
0.764558
0.768997
0.765161
0.772824
0.782827
0.767209
0.762491
0.769993
0.76765
0.765227
0.770148
0.765807
0.769451
0.768183
0.767022
0.760582
0.769692
0.766974
0.759711
0.773115
0.763579
0.764561
0.763214
0.75898
0.755854
0.765169
0.762427
0.759276
0.764621
0.759607
0.764053
0.76252
0.759741
0.754485
0.765627
0.763649
0.759906
0.763745
0.759965
0.764287
0.76243
0.760433
0.755162
0.765544
0.761171
0.758747
0.764125
0.759703
0.764226
0.76312
0.76244
0.776153
0.765224
0.761523
0.761089
0.763767
0.759876
0.764287
0.762062
0.760353
0.756071
0.764735
0.761598
0.758989
0.764554
0.759684
0.767318
0.777034
0.759521
0.75419
0.765616
0.761901
0.758929
0.763767
0.759672
0.763997
0.762657
0.75962
0.755981
0.765495
0.761871
0.759378
0.772134
0.765125
0.764117
0.762413
0.762202
0.754423
0.76518
0.76178
0.759361
0.764048
0.760673
0.765306
0.763328
0.760379
0.75765
0.765137
0.763556
0.754899
0.758488
0.755524
0.75894
0.757463
0.754549
0.749219
0.760172
0.756551
0.754167
0.758614
0.754544
0.758889
0.757953
0.755341
0.766896
0.772097
0.758236
0.754477
0.75955
0.755096
0.759324
0.756861
0.755922
0.749494
0.759803
0.756455
0.753719
0.758618
0.755123
0.759955
0.773858
0.754964
0.750796
0.760888
0.756536
0.754652
0.758919
0.755051
0.759487
0.757216
0.754657
0.749633
0.760157
0.756619
0.754354
0.761674
0.764705
0.759372
0.757107
0.754194
0.749866
0.75988
0.756177
0.75387
0.758862
0.755036
0.758803
0.757462
0.754047
0.749263
0.759213
0.757168
0.755296
0.758252
0.754769
0.759194
0.757326
0.754629
0.751148
0.760222
0.755981
0.753575
0.760181
0.754986
0.759059
0.756802
0.754308
0.752974
0.781317
0.756429
0.754072
0.758721
0.754417
0.759596
0.756929
0.754321
0.751555
0.759625
0.756474
0.748175
0.753526
0.749472
0.75369
0.755045
0.763945
0.744183
0.754518
0.751555
0.748518
0.753467
0.74955
0.753575
0.75178
0.750645
0.744727
0.754209
0.751093
0.748605
0.753604
0.754527
0.760147
0.753385
0.74994
0.744058
0.754404
0.751818
0.748797
0.753936
0.749454
0.754002
0.752271
0.750394
0.747906
0.754105
0.751413
0.749485
0.755171
0.749384
0.753532
0.751968
0.748936
0.743928
0.754851
0.750868
0.748197
0.753076
0.749799
0.754158
0.751993
0.749119
0.744841
0.758587
0.771873
0.748318
0.753161
0.748829
0.753258
0.751984
0.750993
0.744687
0.754251
0.750744
0.745676
0.748845
0.744282
0.74834
0.74652
0.745165
0.75749
0.749496
0.746271
0.743236
0.74926
0.744089
0.748304
0.746273
0.74325
0.73881
0.749115
0.745744
0.743348
0.748063
0.744227
0.750445
0.755673
0.745988
0.741152
0.748794
0.746076
0.743687
0.748138
0.743818
0.748522
0.746535
0.74368
0.738607
0.749389
0.745655
0.742375
0.748143
0.744644
0.748125
0.747519
0.744936
0.7394
0.748719
0.745914
0.743119
0.747976
0.743992
0.748159
0.746498
0.743937
0.739229
0.74914
0.74613
0.747303
0.768212
0.744051
0.748171
0.746652
0.743944
0.739729
0.74889
0.745707
0.743045
0.748359
0.74403
0.748657
0.746713
0.744677
0.73821
0.751806
0.760739
0.742896
0.747885
0.744032
0.748243
0.746345
0.744858
0.74146
0.749098
0.745677
0.744262
0.748886
0.744473
0.748169
0.746791
0.750431
0.745358
0.751111
0.745435
0.743197
0.748346
0.744306
0.748313
0.74672
0.744967
0.741614
0.749551
0.746534
0.743411
0.748463
0.744374
0.748618
0.747518
0.745294
0.739203
0.749322
0.746604
0.738498
0.742918
0.739491
0.742825
0.740623
0.739985
0.734785
0.743285
0.740118
0.73841
0.743251
0.739139
0.742862
0.742342
0.740083
0.755118
0.743988
0.74026
0.737823
0.743286
0.739001
0.742755
0.740892
0.739582
0.734627
0.743539
0.739871
0.738082
0.742782
0.739163
0.742783
0.74103
0.738665
0.732958
0.744421
0.74454
0.752003
0.742641
0.738484
0.742943
0.740978
0.738014
0.734119
0.744303
0.740516
0.737093
0.742372
0.737886
0.742918
0.741063
0.739369
0.732861
0.743917
0.740145
0.739167
0.748846
0.745162
0.742848
0.741071
0.739108
0.736052
0.74376
0.74033
0.737564
0.743021
0.738751
0.742672
0.741195
0.737756
0.732706
0.743664
0.739736
0.737922
0.74296
0.738739
0.743269
0.741906
0.739596
0.735627
0.743759
0.741176
0.737698
0.737419
0.733715
0.737454
0.735612
0.733035
0.727727
0.738365
0.735365
0.732863
0.7373
0.73345
0.737938
0.736765
0.733905
0.734259
0.758575
0.73556
0.732571
0.737586
0.733395
0.737406
0.735414
0.733599
0.72738
0.738453
0.734837
0.732038
0.737599
0.733491
0.737894
0.735818
0.733093
0.728964
0.738523
0.736851
0.747782
0.737372
0.733299
0.736711
0.735367
0.734622
0.727312
0.738
0.735158
0.732719
0.737561
0.733183
0.737738
0.736136
0.732839
0.730173
0.738643
0.734571
0.733438
0.737429
0.743333
0.740694
0.735707
0.732896
0.730002
0.738215
0.734869
0.732875
0.73298
0.728804
0.732345
0.729851
0.728429
0.72242
0.732711
0.729244
0.727102
0.732297
0.729083
0.731976
0.730678
0.728439
0.723375
0.732989
0.73042
0.726592
0.73226
0.727701
0.732715
0.73066
0.728563
0.7239
0.733664
0.729553
0.727179
0.732378
0.728051
0.732055
0.730065
0.729094
0.721088
0.73873
0.749481
0.727475
0.731903
0.72822
0.732663
0.730551
0.727693
0.72595
0.73329
0.729991
0.727877
0.73201
0.728784
0.7318
0.72913
0.728249
0.722455
0.732539
0.729397
0.727056
0.742482
0.735082
0.732022
0.730126
0.727905
0.722879
0.732971
0.729599
0.726625
0.732042
0.72784
0.731943
0.730301
0.727881
0.721341
0.73308
0.729739
0.727601
0.732964
0.728082
0.737389
0.737058
0.728684
0.725359
0.732426
0.730478
0.7268
0.732065
0.728016
0.732021
0.729714
0.727232
0.723485
0.732963
0.729519
0.726606
0.732478
0.728521
0.731587
0.729915
0.729057
0.722435
0.732972
0.729287
0.727098
0.732816
0.727559
0.731973
0.729987
0.726937
0.72214
0.733232
0.729673
0.72188
0.726519
0.723196
0.726395
0.727152
0.744047
0.71836
0.727368
0.724097
0.722159
0.726581
0.722927
0.726211
0.72441
0.721616
0.717047
0.727146
0.723463
0.722448
0.726468
0.722907
0.730111
0.73952
0.721673
0.71681
0.727972
0.723861
0.721701
0.726717
0.722449
0.726893
0.724482
0.724187
0.716464
0.727958
0.72405
0.722491
0.726941
0.734371
0.728042
0.72437
0.722128
0.717614
0.727852
0.723335
0.722043
0.72642
0.722378
0.72714
0.725084
0.72153
0.717195
0.727231
0.718509
0.717654
0.723401
0.717316
0.721107
0.719013
0.716727
0.712192
0.721923
0.718939
0.717052
0.720722
0.717507
0.721634
0.718896
0.71689
0.711926
0.722113
0.723975
0.736859
0.720435
0.716535
0.721108
0.718959
0.716123
0.711703
0.722568
0.718338
0.715475
0.720161
0.716259
0.720665
0.718193
0.718124
0.711065
0.724708
0.73207
0.717775
0.720956
0.71654
0.721
0.718119
0.71585
0.71074
0.721548
0.717534
0.715207
0.720135
0.716589
0.720503
0.718376
0.716339
0.720399
0.723683
0.717425
0.716069
0.720414
0.716216
0.720294
0.718133
0.7171
0.710536
0.721917
0.717954
0.715638
0.721385
0.716587
0.721143
0.718851
0.716305
0.711638
0.721146
0.717418
0.716036
0.721549
0.716992
0.720759
0.718062
0.71688
0.710501
0.721323
0.717231
0.71576
0.720414
0.717072
0.723487
0.731854
0.715406
0.710909
0.721152
0.718005
0.716409
0.720654
0.711299
0.71492
0.713202
0.71027
0.704803
0.715537
0.71216
0.710122
0.715117
0.713504
0.729238
0.712729
0.710198
0.705316
0.716315
0.711905
0.709943
0.714438
0.711065
0.714373
0.71299
0.711366
0.704997
0.715717
0.712871
0.710073
0.724146
0.715353
0.714861
0.713159
0.709416
0.705039
0.71577
0.711963
0.710109
0.714744
0.711078
0.714739
0.71239
0.710333
0.706148
0.715923
0.711803
0.711092
0.715557
0.710872
0.714254
0.712434
0.713014
0.705697
0.715029
0.711856
0.710829
0.71523
0.710998
0.714774
0.712973
0.710836
0.705737
0.715167
0.713627
0.715601
0.714606
0.71166
0.714483
0.713297
0.710171
0.705934
0.715656
0.71225
0.712271
0.714689
0.705685
0.71452
0.707294
0.71071
0.700622
0.728362
0.708372
0.704777
0.709657
0.705963
0.709941
0.707711
0.704353
0.70016
0.710303
0.707166
0.704377
0.70918
0.705691
0.709939
0.707505
0.706133
0.710219
0.71315
0.706807
0.704994
0.709352
0.705438
0.709241
0.707133
0.705788
0.700555
0.710182
0.706883
0.705454
0.708741
0.705737
