3.02708
2.28264
1.63695
1.17973
0.874916
0.670748
0.529512
0.427756
0.351531
0.292489
-0.260765
-0.253085
-0.246004
-0.239551
-0.233693
-0.22837
-0.223513
-0.219056
-0.214943
-0.211123
-0.207557
-0.204207
-0.201045
-0.198042
-0.195178
-0.192432
-0.189789
-0.187237
-0.184766
-0.182366
-0.180032
-0.17776
-0.175545
-0.173385
-0.171277
-0.169219
-0.167209
-0.165247
-0.16333
-0.161456
-0.159626
-0.157836
-0.156086
-0.154375
-0.1527
-0.151063
-0.14946
-0.147891
-0.146354
-0.14485
-0.143376
-0.141932
-0.140517
-0.13913
-0.13777
-0.136437
-0.135129
-0.133846
-0.132588
-0.131352
-0.130139
-0.128949
-0.12778
-0.126631
-0.125503
-0.124394
-0.123305
-0.122234
-0.121181
-0.120146
-0.119128
-0.118126
-0.117141
-0.116172
-0.115218
-0.114278
-0.113354
-0.112444
-0.111547
-0.110664
-0.109795
-0.108938
-0.108094
-0.107262
-0.106441
-0.105633
-0.104836
-0.10405
-0.103275
-0.10251
-0.101756
-0.101012
-0.100278
-0.099553
-0.0988378
-0.0981319
-0.0974349
-0.0967467
-0.0960672
-0.095396
-0.0947331
-0.0940783
-0.0934314
-0.0927921
-0.0921605
-0.0915362
-0.0909192
-0.0903092
-0.0897062
-0.0891101
-0.0885205
-0.0879376
-0.087361
-0.0867907
-0.0862266
-0.0856684
-0.0851163
-0.0845699
-0.0840292
-0.0834941
-0.0829644
-0.0824402
-0.0819212
-0.0814074
-0.0808987
-0.080395
-0.0798962
-0.0794022
-0.0789129
-0.0784283
-0.0779482
-0.0774727
-0.0770015
-0.0765347
-0.0760722
-0.0756139
-0.0751596
-0.0747095
-0.0742633
-0.0738211
-0.0733827
-0.0729481
-0.0725173
-0.0720901
-0.0716666
-0.0712466
-0.0708302
-0.0704172
-0.0700077
-0.0696015
-0.0691986
-0.0687989
-0.0684025
-0.0680093
-0.0676191
-0.0672321
-0.0668481
-0.0664671
-0.066089
-0.0657138
-0.0653416
-0.0649721
-0.0646055
-0.0642416
-0.0638804
-0.0635219
-0.0631661
-0.0628129
-0.0624623
-0.0621142
-0.0617687
-0.0614256
-0.061085
-0.0607469
-0.0604111
-0.0600777
-0.0597466
-0.0594179
-0.0590915
-0.0587673
-0.0584453
-0.0581256
-0.057808
-0.0574927
-0.0571794
-0.0568683
-0.0565592
-0.0562522
-0.0559473
-0.0556444
-0.0553435
-0.0550445
-0.0547476
-0.0544525
-0.0541594
-0.0538682
-0.0535789
-0.0532914
-0.0530058
-0.052722
-0.05244
-0.0521598
-0.0518813
-0.0516046
-0.0513297
-0.0510565
-0.050785
-0.0505151
-0.050247
-0.0499805
-0.0497156
-0.0494524
-0.0491908
-0.0489308
-0.0486723
-0.0484155
-0.0481602
-0.0479064
-0.0476542
-0.0474035
-0.0471543
-0.0469065
-0.0466603
-0.0464155
-0.0461722
-0.0459303
-0.0456898
-0.0454508
-0.0452131
-0.0449769
-0.044742
-0.0445085
-0.0442764
-0.0440456
-0.0438162
-0.0435881
-0.0433613
-0.0431358
-0.0429116
-0.0426887
-0.042467
-0.0422467
-0.0420276
-0.0418097
-0.0415931
-0.0413777
-0.0411636
-0.0409506
-0.0407388
-0.0405283
-0.0403189
-0.0401107
-0.0399037
-0.0396978
-0.0394931
-0.0392895
-0.0390871
-0.0388858
-0.0386856
-0.0384865
-0.0382885
-0.0380917
-0.0378959
-0.0377012
-0.0375075
-0.0373149
-0.0371234
-0.036933
-0.0367436
-0.0365552
-0.0363678
-0.0361815
-0.0359962
-0.0358119
-0.0356286
-0.0354463
-0.035265
-0.0350846
-0.0349053
-0.0347269
-0.0345495
-0.034373
-0.0341975
-0.034023
-0.0338493
-0.0336767
-0.0335049
-0.0333341
-0.0331641
-0.0329951
-0.032827
-0.0326598
-0.0324935
-0.0323281
-0.0321635
-0.0319999
-0.0318371
-0.0316751
-0.0315141
-0.0313539
-0.0311945
-0.031036
-0.0308783
-0.0307215
-0.0305654
-0.0304103
-0.0302559
-0.0301023
-0.0299496
-0.0297977
-0.0296465
-0.0294962
-0.0293466
-0.0291979
-0.0290499
-0.0289027
-0.0287562
-0.0286106
-0.0284656
-0.0283215
-0.0281781
-0.0280355
-0.0278936
-0.0277524
-0.027612
-0.0274723
-0.0273334
-0.0271951
-0.0270576
-0.0269208
-0.0267847
-0.0266493
-0.0265147
-0.0263807
-0.0262474
-0.0261148
-0.0259829
-0.0258517
-0.0257212
-0.0255913
-0.0254621
-0.0253336
-0.0252057
-0.0250786
-0.024952
-0.0248261
-0.0247009
-0.0245763
-0.0244524
-0.0243291
-0.0242064
-0.0240844
-0.023963
-0.0238422
-0.023722
-0.0236025
-0.0234835
-0.0233652
-0.0232475
-0.0231304
-0.0230139
-0.022898
-0.0227827
-0.022668
-0.0225538
-0.0224403
-0.0223273
-0.0222149
-0.0221031
-0.0219919
-0.0218812
-0.0217711
-0.0216616
-0.0215526
-0.0214442
-0.0213363
-0.021229
-0.0211222
-0.021016
-0.0209103
-0.0208052
-0.0207006
-0.0205965
-0.020493
-0.02039
-0.0202875
-0.0201855
-0.0200841
-0.0199832
-0.0198827
-0.0197828
-0.0196834
-0.0195846
-0.0194862
-0.0193883
-0.0192909
-0.019194
-0.0190976
-0.0190017
-0.0189063
-0.0188113
-0.0187169
-0.0186229
-0.0185294
-0.0184364
-0.0183438
-0.0182517
-0.0181601
-0.018069
-0.0179783
-0.0178881
-0.0177983
-0.017709
-0.0176201
-0.0175317
-0.0174437
-0.0173562
-0.0172691
-0.0171825
-0.0170963
-0.0170105
-0.0169252
-0.0168403
-0.0167558
-0.0166718
-0.0165882
-0.016505
-0.0164222
-0.0163399
-0.0162579
-0.0161764
-0.0160953
-0.0160146
-0.0159343
-0.0158544
-0.0157749
-0.0156958
-0.0156171
-0.0155389
-0.015461
-0.0153835
-0.0153064
-0.0152296
-0.0151533
-0.0150774
-0.0150018
-0.0149266
-0.0148518
-0.0147774
-0.0147033
-0.0146297
-0.0145564
-0.0144834
-0.0144108
-0.0143386
-0.0142668
-0.0141953
-0.0141242
-0.0140534
-0.013983
-0.013913
-0.0138433
-0.013774
-0.013705
-0.0136363
-0.013568
-0.0135
-0.0134324
-0.0133651
-0.0132982
-0.0132316
-0.0131653
-0.0130994
-0.0130338
-0.0129685
-0.0129036
-0.012839
-0.0127747
-0.0127107
-0.0126471
-0.0125837
-0.0125207
-0.012458
-0.0123957
-0.0123336
-0.0122718
-0.0122104
-0.0121493
-0.0120884
-0.0120279
-0.0119677
-0.0119078
-0.0118482
-0.0117889
-0.0117299
-0.0116711
-0.0116127
-0.0115546
-0.0114967
-0.0114392
-0.0113819
-0.011325
-0.0112683
-0.0112119
-0.0111558
-0.0110999
-0.0110444
-0.0109891
-0.0109341
-0.0108794
-0.0108249
-0.0107707
-0.0107168
-0.0106632
-0.0106098
-0.0105567
-0.0105039
-0.0104513
-0.010399
-0.010347
-0.0102952
-0.0102437
-0.0101924
-0.0101414
-0.0100907
-0.0100402
-0.00998996
-0.00993997
-0.00989024
-0.00984075
-0.00979151
-0.00974252
-0.00969377
-0.00964527
-0.00959701
-0.00954899
-0.00950121
-0.00945368
-0.00940638
-0.00935931
-0.00931249
-0.0092659
-0.00921954
-0.00917341
-0.00912752
-0.00908185
-0.00903642
-0.00899121
-0.00894623
-0.00890147
-0.00885694
-0.00881263
-0.00876855
-0.00872468
-0.00868103
-0.00863761
-0.0085944
-0.0085514
-0.00850862
-0.00846606
-0.00842371
-0.00838157
-0.00833965
-0.00829793
-0.00825642
-0.00821512
-0.00817403
-0.00813314
-0.00809245
-0.00805198
-0.0080117
-0.00797162
-0.00793175
-0.00789208
-0.0078526
-0.00781332
-0.00777424
-0.00773535
-0.00769666
-0.00765817
-0.00761986
-0.00758175
-0.00754383
-0.0075061
-0.00746855
-0.0074312
-0.00739403
-0.00735705
-0.00732025
-0.00728364
-0.00724721
-0.00721096
-0.00717489
-0.00713901
-0.0071033
-0.00706778
-0.00703243
-0.00699726
-0.00696226
-0.00692744
-0.00689279
-0.00685832
-0.00682402
-0.00678989
-0.00675593
-0.00672215
-0.00668853
-0.00665508
-0.00662179
-0.00658868
-0.00655572
-0.00652294
-0.00649032
-0.00645786
-0.00642556
-0.00639343
-0.00636145
-0.00632964
-0.00629798
-0.00626649
-0.00623515
-0.00620397
-0.00617294
-0.00614207
-0.00611136
-0.00608079
-0.00605038
-0.00602013
-0.00599002
-0.00596006
-0.00593026
-0.0059006
-0.0058711
-0.00584173
-0.00581252
-0.00578345
-0.00575453
-0.00572576
-0.00569712
-0.00566863
-0.00564029
-0.00561208
-0.00558402
-0.00555609
-0.00552831
-0.00550066
-0.00547315
-0.00544579
-0.00541855
-0.00539146
-0.0053645
-0.00533768
-0.00531099
-0.00528444
-0.00525802
-0.00523173
-0.00520557
-0.00517954
-0.00515364
-0.00512787
-0.00510223
-0.00507672
-0.00505134
-0.00502608
-0.00500095
-0.00497595
-0.00495107
-0.00492631
-0.00490168
-0.00487717
-0.00485278
-0.00482852
-0.00480438
-0.00478035
-0.00475645
-0.00473267
-0.00470901
-0.00468546
-0.00466203
-0.00463872
-0.00461553
-0.00459245
-0.00456949
-0.00454664
-0.00452391
-0.00450129
-0.00447878
-0.00445639
-0.0044341
-0.00441193
-0.00438987
-0.00436792
-0.00434608
-0.00432435
-0.00430273
-0.00428122
-0.00425981
-0.00423851
-0.00421732
-0.00419623
-0.00417525
-0.00415438
-0.0041336
-0.00411293
-0.00409237
-0.00407191
-0.00405155
-0.00403129
-0.00401113
-0.00399108
-0.00397112
-0.00395127
-0.00393151
-0.00391185
-0.00389229
-0.00387283
-0.00385347
-0.0038342
-0.00381503
-0.00379595
-0.00377697
-0.00375809
-0.0037393
-0.0037206
-0.003702
-0.00368349
-0.00366507
-0.00364674
-0.00362851
-0.00361037
-0.00359231
-0.00357435
-0.00355648
-0.0035387
-0.003521
-0.0035034
-0.00348588
-0.00346845
-0.00345111
-0.00343385
-0.00341669
-0.0033996
-0.0033826
-0.00336569
-0.00334886
-0.00333212
-0.00331546
-0.00329888
-0.00328238
-0.00326597
-0.00324964
-0.00323339
-0.00321723
-0.00320114
-0.00318514
-0.00316921
-0.00315336
-0.0031376
-0.00312191
-0.0031063
-0.00309077
-0.00307531
-0.00305994
-0.00304464
-0.00302941
-0.00301427
-0.00299919
-0.0029842
-0.00296928
-0.00295443
-0.00293966
-0.00292496
-0.00291033
-0.00289578
-0.0028813
-0.0028669
-0.00285256
-0.0028383
-0.00282411
-0.00280999
-0.00279594
-0.00278196
-0.00276805
-0.00275421
-0.00274044
-0.00272673
-0.0027131
-0.00269953
-0.00268604
-0.00267261
-0.00265924
-0.00264595
-0.00263272
-0.00261955
-0.00260646
-0.00259342
-0.00258046
-0.00256755
-0.00255472
-0.00254194
-0.00252923
-0.00251659
-0.002504
-0.00249148
-0.00247903
-0.00246663
-0.0024543
-0.00244203
-0.00242982
-0.00241767
-0.00240558
-0.00239355
-0.00238158
-0.00236968
-0.00235783
-0.00234604
-0.00233431
-0.00232264
-0.00231102
-0.00229947
-0.00228797
-0.00227653
-0.00226515
-0.00225382
-0.00224255
-0.00223134
-0.00222018
-0.00220908
-0.00219804
-0.00218705
-0.00217611
-0.00216523
-0.0021544
-0.00214363
-0.00213291
-0.00212225
-0.00211164
-0.00210108
-0.00209058
-0.00208012
-0.00206972
-0.00205937
-0.00204908
-0.00203883
-0.00202864
-0.00201849
-0.0020084
-0.00199836
-0.00198837
-0.00197843
-0.00196853
-0.00195869
-0.0019489
-0.00193915
-0.00192946
-0.00191981
-0.00191021
-0.00190066
-0.00189116
-0.0018817
-0.00187229
-0.00186293
-0.00185362
-0.00184435
-0.00183513
-0.00182595
-0.00181682
-0.00180774
-0.0017987
-0.00178971
-0.00178076
-0.00177185
-0.00176299
-0.00175418
-0.00174541
-0.00173668
-0.001728
-0.00171936
-0.00171076
-0.00170221
-0.0016937
-0.00168523
-0.0016768
-0.00166842
-0.00166008
-0.00165178
-0.00164352
-0.0016353
-0.00162712
-0.00161899
-0.00161089
-0.00160284
-0.00159482
-0.00158685
-0.00157892
-0.00157102
-0.00156317
-0.00155535
-0.00154757
-0.00153984
-0.00153214
-0.00152448
-0.00151685
-0.00150927
-0.00150172
-0.00149421
-0.00148674
-0.00147931
-0.00147191
-0.00146455
-0.00145723
-0.00144994
-0.0014427
-0.00143548
-0.0014283
-0.00142116
-0.00141406
-0.00140699
-0.00139995
-0.00139295
-0.00138599
-0.00137906
-0.00137216
-0.0013653
-0.00135848
-0.00135168
-0.00134492
-0.0013382
-0.00133151
-0.00132485
-0.00131823
-0.00131164
-0.00130508
-0.00129855
-0.00129206
-0.0012856
-0.00127917
-0.00127278
-0.00126641
-0.00126008
-0.00125378
-0.00124751
-0.00124127
-0.00123507
-0.00122889
-0.00122275
-0.00121663
-0.00121055
-0.0012045
-0.00119848
-0.00119248
-0.00118652
-0.00118059
-0.00117469
-0.00116881
-0.00116297
-0.00115715
-0.00115137
-0.00114561
-0.00113988
-0.00113418
-0.00112851
-0.00112287
-0.00111726
-0.00111167
-0.00110611
-0.00110058
-0.00109508
-0.0010896
-0.00108416
-0.00107873
-0.00107334
-0.00106797
-0.00106263
-0.00105732
-0.00105204
-0.00104677
-0.00104154
-0.00103633
-0.00103115
-0.001026
-0.00102087
-0.00101576
-0.00101068
-0.00100563
-0.0010006
-0.000995599
-0.000990621
-0.000985668
-0.00098074
-0.000975836
-0.000970957
-0.000966102
-0.000961272
-0.000956466
-0.000951683
-0.000946925
-0.000942191
-0.00093748
-0.000932792
-0.000928129
-0.000923488
-0.000918871
-0.000914276
-0.000909705
-0.000905157
-0.000900631
-0.000896128
-0.000891647
-0.000887189
-0.000882753
-0.000878339
-0.000873948
-0.000869578
-0.00086523
-0.000860904
-0.0008566
-0.000852317
-0.000848055
-0.000843815
-0.000839596
-0.000835398
-0.000831221
-0.000827065
-0.00082293
-0.000818815
-0.000814721
-0.000810648
-0.000806595
-0.000802562
-0.000798549
-0.000794556
-0.000790584
-0.000786631
-0.000782698
-0.000778784
-0.000774891
-0.000771016
-0.000767161
-0.000763325
-0.000759509
-0.000755711
-0.000751933
-0.000748173
-0.000744432
-0.00074071
-0.000737007
-0.000733322
-0.000729655
-0.000726007
-0.000722377
-0.000718765
-0.000715172
-0.000711596
-0.000708038
-0.000704498
-0.000700975
-0.000697471
-0.000693983
-0.000690514
-0.000687061
-0.000683626
-0.000680208
-0.000676807
-0.000673423
-0.000670056
-0.000666706
-0.000663372
-0.000660055
-0.000656755
-0.000653471
-0.000650204
-0.000646953
-0.000643719
-0.0006405
-0.000637298
-0.000634111
-0.000630941
-0.000627786
-0.000624647
-0.000621524
-0.000618417
-0.000615324
-0.000612248
-0.000609187
-0.000606141
-0.00060311
-0.000600095
-0.000597094
-0.000594109
-0.000591139
-0.000588183
-0.000585242
-0.000582316
-0.000579404
-0.000576507
-0.000573625
-0.000570757
-0.000567903
-0.000565064
-0.000562239
-0.000559427
-0.00055663
-0.000553847
-0.000551078
-0.000548323
-0.000545581
-0.000542853
-0.000540139
-0.000537439
-0.000534751
-0.000532078
-0.000529417
-0.00052677
-0.000524137
-0.000521516
-0.000518909
-0.000516314
-0.000513733
-0.000511164
-0.000508608
-0.000506065
-0.000503535
-0.000501017
-0.000498512
-0.00049602
-0.00049354
-0.000491072
-0.000488617
-0.000486174
-0.000483743
-0.000481324
-0.000478919
-0.000476524
-0.000474142
-0.000471771
-0.000469412
-0.000467065
-0.00046473
-0.000462406
-0.000460094
-0.000457793
-0.000455504
-0.000453227
-0.000450961
-0.000448706
-0.000446462
-0.00044423
-0.000442009
-0.000439799
-0.0004376
-0.000435412
-0.000433235
-0.000431069
-0.000428914
-0.000426769
-0.000424636
-0.000422513
-0.0004204
-0.000418298
-0.000416207
-0.000414126
-0.000412055
-0.000409995
-0.000407945
-0.000405905
-0.000403876
-0.000401857
-0.000399847
-0.000397848
-0.000395859
-0.00039388
-0.000391911
-0.000389951
-0.000388001
-0.000386061
-0.000384131
-0.000382211
-0.0003803
-0.000378398
-0.000376506
-0.000374624
-0.000372751
-0.000370887
-0.000369033
-0.000367188
-0.000365352
-0.000363525
-0.000361707
-0.000359899
-0.0003581
-0.000356309
-0.000354528
-0.000352755
-0.000350991
-0.000349236
-0.00034749
-0.000345753
-0.000344024
-0.000342304
-0.000340593
-0.00033889
-0.000337195
-0.000335509
-0.000333832
-0.000332163
-0.000330502
-0.00032885
-0.000327205
-0.00032557
-0.000323942
-0.000322322
-0.000320711
-0.000319107
-0.000317512
-0.000315924
-0.000314345
-0.000312773
-0.000311209
-0.000309653
-0.000308105
-0.000306564
-0.000305032
-0.000303507
-0.000301989
-0.000300479
-0.000298977
-0.000297482
-0.000295995
-0.000294515
-0.000293042
-0.000291577
-0.000290119
-0.000288669
-0.000287225
-0.000285789
-0.00028436
-0.000282939
-0.000281524
-0.000280116
-0.000278716
-0.000277322
-0.000275936
-0.000274556
-0.000273184
-0.000271818
-0.000270459
-0.000269106
-0.000267761
-0.000266422
-0.00026509
-0.000263765
-0.000262446
-0.000261134
-0.000259828
-0.000258529
-0.000257236
-0.00025595
-0.000254671
-0.000253397
-0.00025213
-0.00025087
-0.000249616
-0.000248368
-0.000247126
-0.00024589
-0.000244661
-0.000243438
-0.00024222
-0.000241009
-0.000239804
-0.000238605
-0.000237412
-0.000236225
-0.000235044
-0.000233869
-0.0002327
-0.000231536
-0.000230379
-0.000229227
-0.000228081
-0.00022694
-0.000225806
-0.000224677
-0.000223554
-0.000222436
-0.000221324
-0.000220217
-0.000219116
-0.000218021
-0.00021693
-0.000215846
-0.000214767
-0.000213693
-0.000212624
-0.000211561
-0.000210504
-0.000209451
-0.000208404
-0.000207362
-0.000206325
-0.000205294
-0.000204267
-0.000203246
-0.00020223
-0.000201219
-0.000200213
-0.000199212
-0.000198216
-0.000197225
-0.000196238
-0.000195257
-0.000194281
-0.00019331
-0.000192343
-0.000191382
-0.000190425
-0.000189473
-0.000188525
-0.000187583
-0.000186645
-0.000185712
-0.000184783
-0.000183859
-0.00018294
-0.000182025
-0.000181115
-0.00018021
-0.000179309
-0.000178412
-0.00017752
-0.000176633
-0.00017575
-0.000174871
-0.000173997
-0.000173127
-0.000172261
-0.0001714
-0.000170543
-0.000169691
-0.000168842
-0.000167998
-0.000167157
-0.000166322
-0.00016549
-0.000164663
-0.000163839
-0.00016302
-0.000162205
-0.000161394
-0.000160587
-0.000159785
-0.000158986
-0.000158191
-0.0001574
-0.000156613
-0.00015583
-0.000155051
-0.000154276
-0.000153504
-0.000152737
-0.000151973
-0.000151213
-0.000150457
-0.000149705
-0.000148957
-0.000148212
-0.000147471
-0.000146734
-0.000146
-0.00014527
-0.000144544
-0.000143821
-0.000143102
-0.000142387
-0.000141675
-0.000140966
-0.000140261
-0.00013956
-0.000138862
-0.000138168
-0.000137477
-0.00013679
-0.000136106
-0.000135426
-0.000134749
-0.000134075
-0.000133405
-0.000132738
-0.000132074
-0.000131414
-0.000130757
-0.000130103
-0.000129452
-0.000128805
-0.000128161
-0.00012752
-0.000126883
-0.000126248
-0.000125617
-0.000124989
-0.000124364
-0.000123743
-0.000123124
-0.000122508
-0.000121896
-0.000121286
-0.00012068
-0.000120077
-0.000119476
-0.000118879
-0.000118285
-0.000117693
-0.000117105
-0.000116519
-0.000115937
-0.000115357
-0.00011478
-0.000114206
-0.000113635
-0.000113067
-0.000112502
-0.00011194
-0.00011138
-0.000110823
-0.000110269
-0.000109718
-0.000109169
-0.000108623
-0.00010808
-0.00010754
-0.000107002
-0.000106467
-0.000105935
-0.000105405
-0.000104878
-0.000104354
-0.000103832
-0.000103313
-0.000102797
-0.000102283
-0.000101771
-0.000101262
-0.000100756
-0.000100252
-9.97512e-05
-9.92525e-05
-9.87562e-05
-9.82625e-05
-9.77712e-05
-9.72824e-05
-9.6796e-05
-9.63121e-05
-9.58305e-05
-9.53514e-05
-9.48747e-05
-9.44004e-05
-9.39284e-05
-9.34588e-05
-9.29915e-05
-9.25266e-05
-9.2064e-05
-9.16037e-05
-9.11457e-05
-9.069e-05
-9.02366e-05
-8.97855e-05
-8.93366e-05
-8.88899e-05
-8.84455e-05
-8.80033e-05
-8.75633e-05
-8.71255e-05
-8.66899e-05
-8.62565e-05
-8.58253e-05
-8.53962e-05
-8.49692e-05
-8.45444e-05
-8.41217e-05
-8.37011e-05
-8.32827e-05
-8.28663e-05
-8.2452e-05
-8.20397e-05
-8.16296e-05
-8.12215e-05
-8.08154e-05
-8.04113e-05
-8.00093e-05
-7.96093e-05
-7.92113e-05
-7.88153e-05
-7.84212e-05
-7.80291e-05
-7.7639e-05
-7.72509e-05
-7.68646e-05
-7.64803e-05
-7.6098e-05
-7.57175e-05
-7.53389e-05
-7.49623e-05
-7.45875e-05
-7.42146e-05
-7.38435e-05
-7.34744e-05
-7.3107e-05
-7.27415e-05
-7.23778e-05
-7.2016e-05
-7.16559e-05
-7.12977e-05
-7.09412e-05
-7.05865e-05
-7.02336e-05
-6.98825e-05
-6.95331e-05
-6.91855e-05
-6.88396e-05
-6.84954e-05
-6.81529e-05
-6.78122e-05
-6.74732e-05
-6.71358e-05
-6.68002e-05
-6.64662e-05
-6.61339e-05
-6.58033e-05
-6.54743e-05
-6.51469e-05
-6.48212e-05
-6.44972e-05
-6.41747e-05
-6.38538e-05
-6.35346e-05
-6.3217e-05
-6.29009e-05
-6.25864e-05
-6.22735e-05
-6.19622e-05
-6.16524e-05
-6.13442e-05
-6.10375e-05
-6.07323e-05
-6.04287e-05
-6.01266e-05
-5.9826e-05
-5.95286e-05
-5.92311e-05
-5.89353e-05
-5.86405e-05
-5.83468e-05
-5.80546e-05
-5.7764e-05
-5.74751e-05
-5.71878e-05
-5.69019e-05
-5.66174e-05
-5.63343e-05
-5.60526e-05
-5.57723e-05
-5.54935e-05
-5.52161e-05
-5.494e-05
-5.46654e-05
-5.43921e-05
-5.41202e-05
-5.38496e-05
-5.35804e-05
-5.33125e-05
-5.3046e-05
-5.27807e-05
-5.25168e-05
-5.22543e-05
-5.1993e-05
-5.1733e-05
-5.14744e-05
-5.1217e-05
-5.09609e-05
-5.07061e-05
-5.04525e-05
-5.02003e-05
-4.99493e-05
-4.96995e-05
-4.9451e-05
-4.92038e-05
-4.89578e-05
-4.8713e-05
-4.84694e-05
-4.82271e-05
-4.7986e-05
-4.77461e-05
-4.75074e-05
-4.72699e-05
-4.70335e-05
-4.67984e-05
-4.65644e-05
-4.63316e-05
-4.61e-05
-4.58695e-05
-4.56402e-05
-4.5412e-05
-4.5185e-05
-4.49591e-05
-4.47343e-05
-4.45106e-05
-4.42881e-05
-4.40667e-05
-4.38464e-05
-4.36272e-05
-4.3409e-05
-4.3192e-05
-4.29761e-05
-4.27612e-05
-4.25474e-05
-4.23347e-05
-4.21231e-05
-4.19125e-05
-4.17029e-05
-4.14944e-05
-4.1287e-05
-4.10806e-05
-4.08752e-05
-4.06708e-05
-4.04675e-05
-4.02652e-05
-4.00639e-05
-3.98636e-05
-3.96643e-05
-3.9466e-05
-3.92687e-05
-3.90724e-05
-3.8877e-05
-3.86826e-05
-3.84893e-05
-3.82968e-05
-3.81054e-05
-3.79149e-05
-3.77253e-05
-3.75367e-05
-3.7349e-05
-3.71623e-05
-3.69765e-05
-3.67916e-05
-3.66077e-05
-3.64247e-05
-3.62426e-05
-3.60614e-05
-3.58811e-05
-3.57017e-05
-3.55232e-05
-3.53456e-05
-3.51689e-05
-3.49931e-05
-3.48182e-05
-3.46441e-05
-3.44709e-05
-3.42985e-05
-3.41271e-05
-3.39565e-05
-3.37867e-05
-3.36178e-05
-3.34497e-05
-3.32825e-05
-3.31161e-05
-3.29505e-05
-3.27858e-05
-3.26219e-05
-3.24588e-05
-3.22965e-05
-3.21351e-05
-3.19744e-05
-3.18145e-05
-3.16555e-05
-3.14972e-05
-3.13398e-05
-3.11831e-05
-3.10272e-05
-3.08721e-05
-3.07177e-05
-3.05642e-05
-3.04114e-05
-3.02593e-05
-3.0108e-05
-2.99575e-05
-2.98078e-05
-2.96587e-05
-2.95105e-05
-2.93629e-05
-2.92161e-05
-2.90701e-05
-2.89247e-05
-2.87801e-05
-2.86363e-05
-2.84931e-05
-2.83507e-05
-2.82089e-05
-2.80679e-05
-2.79276e-05
-2.7788e-05
-2.7649e-05
-2.75108e-05
-2.73733e-05
-2.72364e-05
-2.71003e-05
-2.69648e-05
-2.683e-05
-2.66958e-05
-2.65624e-05
-2.64296e-05
-2.62975e-05
-2.6166e-05
-2.60352e-05
-2.5905e-05
-2.57755e-05
-2.56467e-05
-2.55184e-05
-2.53909e-05
-2.52639e-05
-2.51376e-05
-2.5012e-05
-2.48869e-05
-2.47625e-05
-2.46387e-05
-2.45155e-05
-2.4393e-05
-2.4271e-05
-2.41497e-05
-2.4029e-05
-2.39088e-05
-2.37893e-05
-2.36704e-05
-2.3552e-05
-2.34343e-05
-2.33172e-05
-2.32006e-05
-2.30877e-05
-2.29697e-05
-2.2855e-05
-2.27409e-05
-2.26272e-05
-2.25141e-05
-2.24015e-05
-2.22895e-05
-2.21781e-05
-2.20672e-05
-2.19569e-05
-2.18472e-05
-2.17379e-05
-2.16292e-05
-2.15211e-05
-2.14135e-05
-2.13064e-05
-2.11999e-05
-2.10939e-05
-2.09885e-05
-2.08835e-05
-2.07791e-05
-2.06753e-05
-2.05719e-05
-2.0469e-05
-2.03667e-05
-2.02649e-05
-2.01636e-05
-2.00627e-05
-1.99624e-05
-1.98626e-05
-1.97633e-05
-1.96645e-05
-1.95661e-05
-1.94683e-05
-1.93709e-05
-1.92741e-05
-1.91777e-05
-1.90818e-05
-1.89864e-05
-1.88914e-05
-1.8797e-05
-1.8703e-05
-1.86095e-05
-1.85164e-05
-1.84238e-05
-1.83317e-05
-1.824e-05
-1.81488e-05
-1.80581e-05
-1.79678e-05
-1.7878e-05
-1.77886e-05
-1.76996e-05
-1.76111e-05
-1.75231e-05
-1.74355e-05
-1.73483e-05
-1.72616e-05
-1.71753e-05
-1.70894e-05
-1.70039e-05
-1.69189e-05
-1.68343e-05
-1.67502e-05
-1.66664e-05
-1.65831e-05
-1.65002e-05
-1.64177e-05
-1.63356e-05
-1.6254e-05
-1.61727e-05
-1.60919e-05
-1.60114e-05
-1.59314e-05
-1.58517e-05
-1.57725e-05
-1.56936e-05
-1.56152e-05
-1.55371e-05
-1.54594e-05
-1.53821e-05
-1.53052e-05
-1.52287e-05
-1.51526e-05
-1.50769e-05
-1.50015e-05
-1.49265e-05
-1.48519e-05
-1.47776e-05
-1.47038e-05
-1.46302e-05
-1.45571e-05
-1.44843e-05
-1.44119e-05
-1.43399e-05
-1.42682e-05
-1.41969e-05
-1.41259e-05
-1.40553e-05
-1.3985e-05
-1.39151e-05
-1.38456e-05
-1.37763e-05
-1.37075e-05
-1.3639e-05
-1.35708e-05
-1.35029e-05
-1.34354e-05
-1.33683e-05
-1.33014e-05
-1.32349e-05
-1.31688e-05
-1.3103e-05
-1.30375e-05
-1.29723e-05
-1.29074e-05
-1.28429e-05
-1.27787e-05
-1.27148e-05
-1.26513e-05
-1.2588e-05
-1.25251e-05
-1.24625e-05
-1.24002e-05
-1.23382e-05
-1.22765e-05
-1.22152e-05
-1.21541e-05
-1.20934e-05
-1.20329e-05
-1.19727e-05
-1.19129e-05
-1.18533e-05
-1.17941e-05
-1.17351e-05
-1.16765e-05
-1.16181e-05
-1.156e-05
-1.15022e-05
-1.14448e-05
-1.13875e-05
-1.13306e-05
-1.1274e-05
-1.12176e-05
-1.11615e-05
-1.11058e-05
-1.10502e-05
-1.0995e-05
-1.094e-05
-1.08854e-05
-1.08309e-05
-1.07768e-05
-1.07229e-05
-1.06693e-05
-1.0616e-05
-1.05629e-05
-1.05101e-05
-1.04576e-05
-1.04053e-05
-1.03533e-05
-1.03016e-05
-1.02501e-05
-1.01988e-05
-1.01478e-05
-1.00971e-05
-1.00466e-05
-9.99643e-06
-9.94646e-06
-9.89674e-06
-9.84727e-06
-9.79805e-06
-9.74907e-06
-9.70034e-06
-9.65185e-06
-9.60361e-06
-9.5556e-06
-9.50784e-06
-9.46031e-06
-9.41302e-06
-9.36597e-06
-9.31915e-06
-9.27257e-06
-9.22622e-06
-9.1801e-06
-9.13422e-06
-9.08856e-06
-9.04313e-06
-8.99793e-06
-8.95295e-06
-8.9082e-06
-8.86367e-06
-8.81936e-06
-8.77528e-06
-8.73142e-06
-8.68777e-06
-8.64435e-06
-8.60114e-06
-8.55814e-06
-8.51537e-06
-8.4728e-06
