4.05966
2.63433
1.96075
1.59798
1.37308
1.21798
1.10187
1.00746
0.922666
0.827513
0.727179
0.629009
0.537862
0.45635
0.385328
0.324471
0.2728
-0.258765
-0.254333
-0.250065
-0.245953
-0.241989
-0.238166
-0.234476
-0.230913
-0.22747
-0.224141
-0.220921
-0.217804
-0.214786
-0.211861
-0.209025
-0.206275
-0.203606
-0.201014
-0.198497
-0.19605
-0.193672
-0.191358
-0.189106
-0.186914
-0.184778
-0.182697
-0.180668
-0.17869
-0.176759
-0.174875
-0.173035
-0.171237
-0.16948
-0.167763
-0.166084
-0.164441
-0.162833
-0.161259
-0.159718
-0.158208
-0.156728
-0.155278
-0.153856
-0.152462
-0.151094
-0.149751
-0.148434
-0.14714
-0.145869
-0.144621
-0.143395
-0.142189
-0.141005
-0.13984
-0.138694
-0.137567
-0.136458
-0.135367
-0.134293
-0.133235
-0.132194
-0.131169
-0.130158
-0.129163
-0.128182
-0.127216
-0.126263
-0.125324
-0.124397
-0.123484
-0.122582
-0.121693
-0.120816
-0.11995
-0.119096
-0.118252
-0.117419
-0.116597
-0.115785
-0.114983
-0.11419
-0.113408
-0.112634
-0.11187
-0.111114
-0.110368
-0.10963
-0.1089
-0.108178
-0.107465
-0.106759
-0.106061
-0.10537
-0.104687
-0.104011
-0.103343
-0.102681
-0.102026
-0.101377
-0.100736
-0.1001
-0.0994712
-0.0988484
-0.0982316
-0.0976208
-0.0970159
-0.0964167
-0.0958232
-0.0952353
-0.0946528
-0.0940757
-0.0935039
-0.0929372
-0.0923757
-0.0918191
-0.0912675
-0.0907208
-0.0901788
-0.0896415
-0.0891088
-0.0885807
-0.0880571
-0.0875379
-0.087023
-0.0865124
-0.086006
-0.0855038
-0.0850057
-0.0845115
-0.0840214
-0.0835352
-0.0830528
-0.0825742
-0.0820994
-0.0816283
-0.0811608
-0.0806969
-0.0802366
-0.0797798
-0.0793264
-0.0788765
-0.0784299
-0.0779866
-0.0775466
-0.0771099
-0.0766763
-0.076246
-0.0758187
-0.0753945
-0.0749734
-0.0745552
-0.0741401
-0.0737278
-0.0733185
-0.072912
-0.0725084
-0.0721076
-0.0717095
-0.0713142
-0.0709216
-0.0705317
-0.0701444
-0.0697597
-0.0693777
-0.0689982
-0.0686212
-0.0682467
-0.0678748
-0.0675052
-0.0671382
-0.0667735
-0.0664112
-0.0660513
-0.0656937
-0.0653384
-0.0649854
-0.0646346
-0.0642861
-0.0639399
-0.0635958
-0.0632539
-0.0629142
-0.0625766
-0.0622412
-0.0619078
-0.0615765
-0.0612473
-0.0609201
-0.060595
-0.0602718
-0.0599506
-0.0596315
-0.0593142
-0.0589989
-0.0586855
-0.0583741
-0.0580645
-0.0577567
-0.0574509
-0.0571469
-0.0568447
-0.0565443
-0.0562457
-0.0559488
-0.0556538
-0.0553605
-0.0550689
-0.054779
-0.0544909
-0.0542045
-0.0539197
-0.0536366
-0.0533551
-0.0530753
-0.0527972
-0.0525206
-0.0522456
-0.0519723
-0.0517005
-0.0514303
-0.0511616
-0.0508945
-0.0506289
-0.0503649
-0.0501023
-0.0498413
-0.0495817
-0.0493236
-0.049067
-0.0488118
-0.0485581
-0.0483058
-0.0480549
-0.0478055
-0.0475574
-0.0473108
-0.0470655
-0.0468216
-0.0465791
-0.0463379
-0.0460981
-0.0458596
-0.0456224
-0.0453866
-0.0451521
-0.0449188
-0.0446869
-0.0444562
-0.0442269
-0.0439988
-0.0437719
-0.0435463
-0.0433219
-0.0430988
-0.0428769
-0.0426562
-0.0424367
-0.0422184
-0.0420013
-0.0417854
-0.0415707
-0.0413571
-0.0411447
-0.0409335
-0.0407234
-0.0405145
-0.0403066
-0.0400999
-0.0398944
-0.0396899
-0.0394865
-0.0392843
-0.0390831
-0.038883
-0.038684
-0.0384861
-0.0382892
-0.0380934
-0.0378986
-0.0377049
-0.0375122
-0.0373205
-0.0371299
-0.0369403
-0.0367517
-0.0365641
-0.0363775
-0.0361919
-0.0360073
-0.0358236
-0.035641
-0.0354593
-0.0352786
-0.0350988
-0.03492
-0.0347422
-0.0345652
-0.0343893
-0.0342142
-0.0340401
-0.0338669
-0.0336946
-0.0335232
-0.0333527
-0.0331832
-0.0330145
-0.0328467
-0.0326798
-0.0325137
-0.0323485
-0.0321842
-0.0320208
-0.0318582
-0.0316965
-0.0315356
-0.0313756
-0.0312164
-0.031058
-0.0309005
-0.0307438
-0.0305879
-0.0304328
-0.0302785
-0.0301251
-0.0299724
-0.0298205
-0.0296695
-0.0295192
-0.0293697
-0.0292209
-0.029073
-0.0289258
-0.0287794
-0.0286337
-0.0284888
-0.0283446
-0.0282012
-0.0280586
-0.0279166
-0.0277754
-0.027635
-0.0274953
-0.0273563
-0.027218
-0.0270804
-0.0269435
-0.0268074
-0.0266719
-0.0265372
-0.0264031
-0.0262698
-0.0261371
-0.0260051
-0.0258738
-0.0257432
-0.0256132
-0.0254839
-0.0253553
-0.0252273
-0.0251
-0.0249734
-0.0248474
-0.024722
-0.0245973
-0.0244732
-0.0243498
-0.024227
-0.0241049
-0.0239833
-0.0238624
-0.0237421
-0.0236224
-0.0235034
-0.0233849
-0.0232671
-0.0231498
-0.0230332
-0.0229172
-0.0228017
-0.0226868
-0.0225726
-0.0224589
-0.0223458
-0.0222333
-0.0221213
-0.0220099
-0.0218991
-0.0217889
-0.0216792
-0.0215701
-0.0214615
-0.0213535
-0.021246
-0.0211391
-0.0210327
-0.0209269
-0.0208216
-0.0207169
-0.0206127
-0.020509
-0.0204058
-0.0203032
-0.0202011
-0.0200995
-0.0199984
-0.0198979
-0.0197978
-0.0196983
-0.0195993
-0.0195007
-0.0194027
-0.0193052
-0.0192082
-0.0191116
-0.0190156
-0.01892
-0.0188249
-0.0187304
-0.0186362
-0.0185426
-0.0184494
-0.0183568
-0.0182645
-0.0181728
-0.0180815
-0.0179907
-0.0179003
-0.0178104
-0.017721
-0.017632
-0.0175435
-0.0174554
-0.0173677
-0.0172805
-0.0171938
-0.0171074
-0.0170216
-0.0169361
-0.0168511
-0.0167665
-0.0166823
-0.0165986
-0.0165153
-0.0164324
-0.0163499
-0.0162679
-0.0161863
-0.016105
-0.0160242
-0.0159438
-0.0158638
-0.0157842
-0.015705
-0.0156263
-0.0155479
-0.0154699
-0.0153923
-0.0153151
-0.0152382
-0.0151618
-0.0150858
-0.0150101
-0.0149348
-0.0148599
-0.0147854
-0.0147112
-0.0146375
-0.0145641
-0.014491
-0.0144184
-0.0143461
-0.0142741
-0.0142026
-0.0141314
-0.0140605
-0.01399
-0.0139199
-0.0138501
-0.0137806
-0.0137115
-0.0136428
-0.0135744
-0.0135063
-0.0134386
-0.0133713
-0.0133043
-0.0132376
-0.0131713
-0.0131052
-0.0130396
-0.0129742
-0.0129092
-0.0128445
-0.0127802
-0.0127161
-0.0126524
-0.012589
-0.0125259
-0.0124632
-0.0124007
-0.0123386
-0.0122768
-0.0122153
-0.0121541
-0.0120932
-0.0120326
-0.0119723
-0.0119123
-0.0118527
-0.0117933
-0.0117342
-0.0116754
-0.011617
-0.0115588
-0.0115009
-0.0114433
-0.011386
-0.0113289
-0.0112722
-0.0112157
-0.0111596
-0.0111037
-0.0110481
-0.0109927
-0.0109377
-0.0108829
-0.0108284
-0.0107742
-0.0107202
-0.0106666
-0.0106131
-0.01056
-0.0105071
-0.0104545
-0.0104022
-0.0103501
-0.0102983
-0.0102467
-0.0101954
-0.0101443
-0.0100936
-0.010043
-0.00999274
-0.00994271
-0.00989294
-0.00984341
-0.00979413
-0.0097451
-0.00969631
-0.00964777
-0.00959948
-0.00955142
-0.00950361
-0.00945604
-0.0094087
-0.0093616
-0.00931474
-0.00926812
-0.00922173
-0.00917557
-0.00912964
-0.00908394
-0.00903848
-0.00899324
-0.00894822
-0.00890344
-0.00885888
-0.00881454
-0.00877042
-0.00872653
-0.00868285
-0.0086394
-0.00859616
-0.00855314
-0.00851033
-0.00846774
-0.00842536
-0.0083832
-0.00834125
-0.0082995
-0.00825797
-0.00821664
-0.00817553
-0.00813461
-0.00809391
-0.00805341
-0.00801311
-0.00797301
-0.00793311
-0.00789341
-0.00785392
-0.00781462
-0.00777551
-0.00773661
-0.00769789
-0.00765938
-0.00762105
-0.00758292
-0.00754498
-0.00750723
-0.00746966
-0.00743229
-0.0073951
-0.0073581
-0.00732129
-0.00728466
-0.00724821
-0.00721194
-0.00717586
-0.00713996
-0.00710424
-0.00706869
-0.00703333
-0.00699814
-0.00696313
-0.00692829
-0.00689363
-0.00685914
-0.00682483
-0.00679068
-0.00675671
-0.00672291
-0.00668928
-0.00665581
-0.00662251
-0.00658938
-0.00655642
-0.00652362
-0.00649098
-0.00645851
-0.0064262
-0.00639406
-0.00636207
-0.00633025
-0.00629858
-0.00626707
-0.00623572
-0.00620453
-0.00617349
-0.00614261
-0.00611188
-0.00608131
-0.00605089
-0.00602062
-0.0059905
-0.00596054
-0.00593072
-0.00590106
-0.00587154
-0.00584217
-0.00581295
-0.00578387
-0.00575494
-0.00572615
-0.00569751
-0.00566901
-0.00564066
-0.00561244
-0.00558437
-0.00555644
-0.00552865
-0.00550099
-0.00547348
-0.0054461
-0.00541886
-0.00539176
-0.00536479
-0.00533796
-0.00531126
-0.00528469
-0.00525826
-0.00523196
-0.00520579
-0.00517976
-0.00515385
-0.00512807
-0.00510242
-0.0050769
-0.00505151
-0.00502625
-0.00500111
-0.00497609
-0.00495121
-0.00492644
-0.00490181
-0.00487729
-0.0048529
-0.00482863
-0.00480448
-0.00478045
-0.00475654
-0.00473275
-0.00470908
-0.00468553
-0.00466209
-0.00463878
-0.00461558
-0.0045925
-0.00456953
-0.00454667
-0.00452394
-0.00450131
-0.0044788
-0.0044564
-0.00443411
-0.00441194
-0.00438987
-0.00436792
-0.00434607
-0.00432434
-0.00430271
-0.0042812
-0.00425978
-0.00423848
-0.00421729
-0.0041962
-0.00417521
-0.00415433
-0.00413355
-0.00411288
-0.00409231
-0.00407185
-0.00405149
-0.00403122
-0.00401106
-0.00399101
-0.00397105
-0.00395119
-0.00393143
-0.00391177
-0.00389221
-0.00387274
-0.00385338
-0.00383411
-0.00381493
-0.00379585
-0.00377687
-0.00375798
-0.00373919
-0.00372049
-0.00370189
-0.00368338
-0.00366496
-0.00364663
-0.00362839
-0.00361025
-0.00359219
-0.00357423
-0.00355636
-0.00353857
-0.00352088
-0.00350327
-0.00348575
-0.00346832
-0.00345098
-0.00343372
-0.00341655
-0.00339946
-0.00338247
-0.00336555
-0.00334872
-0.00333198
-0.00331531
-0.00329874
-0.00328224
-0.00326583
-0.0032495
-0.00323325
-0.00321708
-0.00320099
-0.00318499
-0.00316906
-0.00315321
-0.00313744
-0.00312176
-0.00310614
-0.00309061
-0.00307516
-0.00305978
-0.00304448
-0.00302926
-0.00301411
-0.00299904
-0.00298404
-0.00296912
-0.00295427
-0.0029395
-0.0029248
-0.00291018
-0.00289562
-0.00288114
-0.00286674
-0.0028524
-0.00283814
-0.00282395
-0.00280983
-0.00279578
-0.0027818
-0.00276789
-0.00275405
-0.00274027
-0.00272657
-0.00271294
-0.00269937
-0.00268588
-0.00267244
-0.00265908
-0.00264579
-0.00263256
-0.00261939
-0.00260629
-0.00259326
-0.00258029
-0.00256739
-0.00255455
-0.00254178
-0.00252907
-0.00251643
-0.00250384
-0.00249132
-0.00247887
-0.00246647
-0.00245414
-0.00244187
-0.00242966
-0.00241751
-0.00240542
-0.00239339
-0.00238142
-0.00236952
-0.00235767
-0.00234588
-0.00233415
-0.00232248
-0.00231086
-0.00229931
-0.00228781
-0.00227637
-0.00226499
-0.00225367
-0.0022424
-0.00223118
-0.00222003
-0.00220893
-0.00219788
-0.00218689
-0.00217596
-0.00216508
-0.00215425
-0.00214348
-0.00213276
-0.0021221
-0.00211149
-0.00210093
-0.00209042
-0.00207997
-0.00206957
-0.00205922
-0.00204893
-0.00203868
-0.00202849
-0.00201835
-0.00200825
-0.00199821
-0.00198822
-0.00197828
-0.00196839
-0.00195855
-0.00194875
-0.00193901
-0.00192931
-0.00191967
-0.00191007
-0.00190052
-0.00189101
-0.00188156
-0.00187215
-0.00186279
-0.00185348
-0.00184421
-0.00183499
-0.00182581
-0.00181668
-0.0018076
-0.00179856
-0.00178957
-0.00178062
-0.00177172
-0.00176286
-0.00175404
-0.00174527
-0.00173655
-0.00172786
-0.00171922
-0.00171063
-0.00170207
-0.00169356
-0.0016851
-0.00167667
-0.00166829
-0.00165995
-0.00165165
-0.00164339
-0.00163517
-0.00162699
-0.00161886
-0.00161076
-0.00160271
-0.0015947
-0.00158672
-0.00157879
-0.0015709
-0.00156304
-0.00155523
-0.00154745
-0.00153971
-0.00153201
-0.00152435
-0.00151673
-0.00150915
-0.0015016
-0.00149409
-0.00148662
-0.00147919
-0.00147179
-0.00146444
-0.00145711
-0.00144983
-0.00144258
-0.00143537
-0.00142819
-0.00142105
-0.00141394
-0.00140687
-0.00139984
-0.00139284
-0.00138588
-0.00137895
-0.00137205
-0.00136519
-0.00135837
-0.00135157
-0.00134482
-0.00133809
-0.0013314
-0.00132474
-0.00131812
-0.00131153
-0.00130497
-0.00129845
-0.00129195
-0.00128549
-0.00127907
-0.00127267
-0.00126631
-0.00125998
-0.00125368
-0.00124741
-0.00124117
-0.00123497
-0.00122879
-0.00122265
-0.00121653
-0.00121045
-0.0012044
-0.00119838
-0.00119239
-0.00118642
-0.00118049
-0.00117459
-0.00116872
-0.00116287
-0.00115706
-0.00115127
-0.00114552
-0.00113979
-0.00113409
-0.00112842
-0.00112278
-0.00111716
-0.00111158
-0.00110602
-0.00110049
-0.00109499
-0.00108951
-0.00108406
-0.00107864
-0.00107325
-0.00106788
-0.00106255
-0.00105723
-0.00105195
-0.00104669
-0.00104145
-0.00103625
-0.00103107
-0.00102591
-0.00102078
-0.00101568
-0.0010106
-0.00100555
-0.00100052
-0.000995515
-0.000990538
-0.000985585
-0.000980657
-0.000975754
-0.000970875
-0.000966021
-0.000961191
-0.000956385
-0.000951603
-0.000946845
-0.000942111
-0.0009374
-0.000932713
-0.00092805
-0.00092341
-0.000918793
-0.000914199
-0.000909628
-0.00090508
-0.000900554
-0.000896052
-0.000891571
-0.000887114
-0.000882678
-0.000878265
-0.000873874
-0.000869504
-0.000865157
-0.000860831
-0.000856527
-0.000852244
-0.000847983
-0.000843743
-0.000839525
-0.000835327
-0.000831151
-0.000826995
-0.00082286
-0.000818746
-0.000814652
-0.000810579
-0.000806526
-0.000802493
-0.000798481
-0.000794489
-0.000790516
-0.000786564
-0.000782631
-0.000778718
-0.000774824
-0.00077095
-0.000767096
-0.00076326
-0.000759444
-0.000755647
-0.000751869
-0.000748109
-0.000744369
-0.000740647
-0.000736944
-0.000733259
-0.000729593
-0.000725945
-0.000722316
-0.000718704
-0.000715111
-0.000711535
-0.000707977
-0.000704438
-0.000700916
-0.000697411
-0.000693924
-0.000690454
-0.000687002
-0.000683567
-0.00068015
-0.000676749
-0.000673365
-0.000669998
-0.000666648
-0.000663315
-0.000659999
-0.000656699
-0.000653415
-0.000650148
-0.000646898
-0.000643663
-0.000640445
-0.000637243
-0.000634057
-0.000630887
-0.000627732
-0.000624594
-0.000621471
-0.000618363
-0.000615272
-0.000612195
-0.000609134
-0.000606089
-0.000603058
-0.000600043
-0.000597043
-0.000594058
-0.000591088
-0.000588132
-0.000585192
-0.000582266
-0.000579355
-0.000576458
-0.000573576
-0.000570708
-0.000567854
-0.000565015
-0.00056219
-0.000559379
-0.000556582
-0.0005538
-0.000551031
-0.000548276
-0.000545534
-0.000542807
-0.000540093
-0.000537393
-0.000534707
-0.000532033
-0.000529373
-0.000526726
-0.000524093
-0.000521472
-0.000518865
-0.00051627
-0.000513689
-0.00051112
-0.000508565
-0.000506022
-0.000503492
-0.000500974
-0.00049847
-0.000495977
-0.000493497
-0.00049103
-0.000488575
-0.000486132
-0.000483701
-0.000481283
-0.000478877
-0.000476482
-0.0004741
-0.00047173
-0.000469371
-0.000467024
-0.000464689
-0.000462366
-0.000460054
-0.000457754
-0.000455465
-0.000453188
-0.000450922
-0.000448667
-0.000446424
-0.000444192
-0.000441971
-0.000439761
-0.000437563
-0.000435375
-0.000433198
-0.000431032
-0.000428877
-0.000426733
-0.000424599
-0.000422476
-0.000420364
-0.000418262
-0.000416171
-0.00041409
-0.00041202
-0.00040996
-0.00040791
-0.00040587
-0.000403841
-0.000401822
-0.000399813
-0.000397814
-0.000395825
-0.000393846
-0.000391877
-0.000389917
-0.000387968
-0.000386028
-0.000384098
-0.000382178
-0.000380267
-0.000378365
-0.000376474
-0.000374591
-0.000372718
-0.000370855
-0.000369001
-0.000367156
-0.00036532
-0.000363493
-0.000361676
-0.000359868
-0.000358068
-0.000356278
-0.000354497
-0.000352724
-0.000350961
-0.000349206
-0.00034746
-0.000345723
-0.000343994
-0.000342274
-0.000340563
-0.00033886
-0.000337166
-0.00033548
-0.000333803
-0.000332134
-0.000330473
-0.000328821
-0.000327177
-0.000325541
-0.000323913
-0.000322294
-0.000320683
-0.000319079
-0.000317484
-0.000315897
-0.000314317
-0.000312746
-0.000311182
-0.000309626
-0.000308078
-0.000306538
-0.000305005
-0.00030348
-0.000301963
-0.000300453
-0.000298951
-0.000297456
-0.000295969
-0.000294489
-0.000293017
-0.000291552
-0.000290094
-0.000288643
-0.0002872
-0.000285764
-0.000284336
-0.000282914
-0.000281499
-0.000280092
-0.000278692
-0.000277298
-0.000275912
-0.000274532
-0.00027316
-0.000271794
-0.000270435
-0.000269083
-0.000267738
-0.000266399
-0.000265067
-0.000263742
-0.000262423
-0.000261111
-0.000259805
-0.000258506
-0.000257214
-0.000255928
-0.000254648
-0.000253375
-0.000252108
-0.000250848
-0.000249594
-0.000248346
-0.000247104
-0.000245869
-0.000244639
-0.000243416
-0.000242199
-0.000240988
-0.000239783
-0.000238584
-0.000237392
-0.000236205
-0.000235024
-0.000233849
-0.000232679
-0.000231516
-0.000230359
-0.000229207
-0.000228061
-0.000226921
-0.000225786
-0.000224657
-0.000223534
-0.000222416
-0.000221304
-0.000220198
-0.000219097
-0.000218001
-0.000216911
-0.000215827
-0.000214748
-0.000213674
-0.000212606
-0.000211543
-0.000210485
-0.000209433
-0.000208386
-0.000207344
-0.000206307
-0.000205276
-0.000204249
-0.000203228
-0.000202212
-0.000201201
-0.000200195
-0.000199194
-0.000198199
-0.000197208
-0.000196222
-0.000195241
-0.000194265
-0.000193293
-0.000192327
-0.000191365
-0.000190408
-0.000189456
-0.000188509
-0.000187566
-0.000186628
-0.000185695
-0.000184767
-0.000183843
-0.000182924
-0.000182009
-0.000181099
-0.000180194
-0.000179293
-0.000178397
-0.000177505
-0.000176617
-0.000175734
-0.000174856
-0.000173981
-0.000173111
-0.000172246
-0.000171385
-0.000170528
-0.000169675
-0.000168827
-0.000167983
-0.000167143
-0.000166307
-0.000165476
-0.000164649
-0.000163825
-0.000163006
-0.000162191
-0.00016138
-0.000160574
-0.000159771
-0.000158972
-0.000158177
-0.000157386
-0.000156599
-0.000155816
-0.000155037
-0.000154262
-0.000153491
-0.000152724
-0.00015196
-0.0001512
-0.000150444
-0.000149692
-0.000148944
-0.000148199
-0.000147458
-0.000146721
-0.000145987
-0.000145257
-0.000144531
-0.000143809
-0.00014309
-0.000142374
-0.000141662
-0.000140954
-0.000140249
-0.000139548
-0.00013885
-0.000138156
-0.000137465
-0.000136778
-0.000136094
-0.000135414
-0.000134737
-0.000134063
-0.000133393
-0.000132726
-0.000132062
-0.000131402
-0.000130745
-0.000130091
-0.000129441
-0.000128794
-0.00012815
-0.000127509
-0.000126872
-0.000126237
-0.000125606
-0.000124978
-0.000124353
-0.000123732
-0.000123113
-0.000122498
-0.000121885
-0.000121276
-0.000120669
-0.000120066
-0.000119466
-0.000118869
-0.000118274
-0.000117683
-0.000117094
-0.000116509
-0.000115927
-0.000115347
-0.00011477
-0.000114196
-0.000113626
-0.000113057
-0.000112492
-0.00011193
-0.00011137
-0.000110813
-0.000110259
-0.000109708
-0.00010916
-0.000108614
-0.000108071
-0.00010753
-0.000106993
-0.000106458
-0.000105926
-0.000105396
-0.000104869
-0.000104345
-0.000103823
-0.000103304
-0.000102788
-0.000102274
-0.000101762
-0.000101254
-0.000100747
-0.000100244
-9.97424e-05
-9.92437e-05
-9.87476e-05
-9.82539e-05
-9.77626e-05
-9.72738e-05
-9.67875e-05
-9.63036e-05
-9.58221e-05
-9.53431e-05
-9.48664e-05
-9.43921e-05
-9.39202e-05
-9.34506e-05
-9.29834e-05
-9.25185e-05
-9.20559e-05
-9.15957e-05
-9.11377e-05
-9.06821e-05
-9.02287e-05
-8.97776e-05
-8.93288e-05
-8.88821e-05
-8.84378e-05
-8.79956e-05
-8.75557e-05
-8.71179e-05
-8.66824e-05
-8.6249e-05
-8.58178e-05
-8.53887e-05
-8.49618e-05
-8.4537e-05
-8.41144e-05
-8.36938e-05
-8.32754e-05
-8.28591e-05
-8.24448e-05
-8.20326e-05
-8.16225e-05
-8.12144e-05
-8.08084e-05
-8.04044e-05
-8.00024e-05
-7.96024e-05
-7.92044e-05
-7.88084e-05
-7.84144e-05
-7.80224e-05
-7.76323e-05
-7.72442e-05
-7.6858e-05
-7.64737e-05
-7.60914e-05
-7.5711e-05
-7.53324e-05
-7.49558e-05
-7.4581e-05
-7.42082e-05
-7.38372e-05
-7.3468e-05
-7.31007e-05
-7.27352e-05
-7.23716e-05
-7.20098e-05
-7.16497e-05
-7.12915e-05
-7.09351e-05
-7.05804e-05
-7.02276e-05
-6.98765e-05
-6.95271e-05
-6.91801e-05
-6.88349e-05
-6.84908e-05
-6.81481e-05
-6.78069e-05
-6.74675e-05
-6.71299e-05
-6.67942e-05
-6.64603e-05
-6.6128e-05
-6.57975e-05
-6.54686e-05
-6.51413e-05
-6.48156e-05
-6.44916e-05
-6.41692e-05
-6.38484e-05
-6.35292e-05
-6.32115e-05
-6.28955e-05
-6.25811e-05
-6.22682e-05
-6.19569e-05
-6.16471e-05
-6.13389e-05
-6.10323e-05
-6.07271e-05
-6.04235e-05
-6.01214e-05
-5.98209e-05
-5.95218e-05
-5.92242e-05
-5.89281e-05
-5.86335e-05
-5.83404e-05
-5.80487e-05
-5.77585e-05
-5.74697e-05
-5.71824e-05
-5.68965e-05
-5.66121e-05
-5.6329e-05
-5.60474e-05
-5.57672e-05
-5.54884e-05
-5.5211e-05
-5.4935e-05
-5.46603e-05
-5.43871e-05
-5.41151e-05
-5.38446e-05
-5.35754e-05
-5.33076e-05
-5.30411e-05
-5.27759e-05
-5.2512e-05
-5.22495e-05
-5.19883e-05
-5.17284e-05
-5.14697e-05
-5.12124e-05
-5.09564e-05
-5.07016e-05
-5.04482e-05
-5.0196e-05
-4.9945e-05
-4.96953e-05
-4.94469e-05
-4.91997e-05
-4.89537e-05
-4.87089e-05
-4.84654e-05
-4.82231e-05
-4.7982e-05
-4.77422e-05
-4.75035e-05
-4.7266e-05
-4.70297e-05
-4.67946e-05
-4.65606e-05
-4.63278e-05
-4.60962e-05
-4.58658e-05
-4.56365e-05
-4.54083e-05
-4.51813e-05
-4.49554e-05
-4.47307e-05
-4.45071e-05
-4.42846e-05
-4.40632e-05
-4.38429e-05
-4.36237e-05
-4.34056e-05
-4.31886e-05
-4.29727e-05
-4.27578e-05
-4.25441e-05
-4.23314e-05
-4.21198e-05
-4.19092e-05
-4.16997e-05
-4.14912e-05
-4.12838e-05
-4.10774e-05
-4.0872e-05
-4.06677e-05
-4.04644e-05
-4.02621e-05
-4.00608e-05
-3.98605e-05
-3.96612e-05
-3.94629e-05
-3.92656e-05
-3.90693e-05
-3.8874e-05
-3.86797e-05
-3.84863e-05
-3.82939e-05
-3.81024e-05
-3.7912e-05
-3.77224e-05
-3.75338e-05
-3.73462e-05
-3.71595e-05
-3.69737e-05
-3.67889e-05
-3.66049e-05
-3.64219e-05
-3.62398e-05
-3.60587e-05
-3.58784e-05
-3.5699e-05
-3.55206e-05
-3.5343e-05
-3.51663e-05
-3.49905e-05
-3.48155e-05
-3.46415e-05
-3.44683e-05
-3.4296e-05
-3.41245e-05
-3.39539e-05
-3.37842e-05
-3.36153e-05
-3.34472e-05
-3.328e-05
-3.31136e-05
-3.29481e-05
-3.27834e-05
-3.26195e-05
-3.24564e-05
-3.22941e-05
-3.21327e-05
-3.1972e-05
-3.18122e-05
-3.16531e-05
-3.14949e-05
-3.13374e-05
-3.11808e-05
-3.10249e-05
-3.08698e-05
-3.07155e-05
-3.05619e-05
-3.04091e-05
-3.02571e-05
-3.01058e-05
-2.99553e-05
-2.98056e-05
-2.96566e-05
-2.95083e-05
-2.93608e-05
-2.9214e-05
-2.90679e-05
-2.89226e-05
-2.8778e-05
-2.86341e-05
-2.8491e-05
-2.83486e-05
-2.82068e-05
-2.80658e-05
-2.79255e-05
-2.77859e-05
-2.7647e-05
-2.75088e-05
-2.73713e-05
-2.72344e-05
-2.70983e-05
-2.69628e-05
-2.6828e-05
-2.66939e-05
-2.65604e-05
-2.64276e-05
-2.62955e-05
-2.61641e-05
-2.60333e-05
-2.59031e-05
-2.57736e-05
-2.56448e-05
-2.55213e-05
-2.53892e-05
-2.52625e-05
-2.51363e-05
-2.50106e-05
-2.48856e-05
-2.47612e-05
-2.46374e-05
-2.45143e-05
-2.43917e-05
-2.42698e-05
-2.41484e-05
-2.40276e-05
-2.39075e-05
-2.3788e-05
-2.36691e-05
-2.35508e-05
-2.34331e-05
-2.3316e-05
-2.31995e-05
-2.30835e-05
-2.29681e-05
-2.28533e-05
-2.2739e-05
-2.26254e-05
-2.25122e-05
-2.23997e-05
-2.22877e-05
-2.21762e-05
-2.20653e-05
-2.1955e-05
-2.18452e-05
-2.17359e-05
-2.16272e-05
-2.15191e-05
-2.14115e-05
-2.13044e-05
-2.11979e-05
-2.10919e-05
-2.09864e-05
-2.08815e-05
-2.07771e-05
-2.06732e-05
-2.05698e-05
-2.0467e-05
-2.03646e-05
-2.02628e-05
-2.01615e-05
-2.00607e-05
-1.99604e-05
-1.98606e-05
-1.97613e-05
-1.96626e-05
-1.95643e-05
-1.94665e-05
-1.93691e-05
-1.92723e-05
-1.9176e-05
-1.90801e-05
-1.89847e-05
-1.88898e-05
-1.87954e-05
-1.87014e-05
-1.86079e-05
-1.85149e-05
-1.84224e-05
-1.83303e-05
-1.82386e-05
-1.81474e-05
-1.80567e-05
-1.79665e-05
-1.78766e-05
-1.77873e-05
-1.76983e-05
-1.76099e-05
-1.75218e-05
-1.74342e-05
-1.73471e-05
-1.72604e-05
-1.71741e-05
-1.70882e-05
-1.70028e-05
-1.69178e-05
-1.68332e-05
-1.67491e-05
-1.66653e-05
-1.6582e-05
-1.64991e-05
-1.64166e-05
-1.63346e-05
-1.62529e-05
-1.61717e-05
-1.60908e-05
-1.60104e-05
-1.59304e-05
-1.58507e-05
-1.57715e-05
-1.56926e-05
-1.56142e-05
-1.55361e-05
-1.54585e-05
-1.53812e-05
-1.53043e-05
-1.52278e-05
-1.51517e-05
-1.50759e-05
-1.50006e-05
-1.49256e-05
-1.4851e-05
-1.47767e-05
-1.47028e-05
-1.46293e-05
-1.45562e-05
-1.44834e-05
-1.4411e-05
-1.4339e-05
-1.42673e-05
-1.4196e-05
-1.4125e-05
-1.40544e-05
-1.39842e-05
-1.39143e-05
-1.38447e-05
-1.37755e-05
-1.37066e-05
-1.36381e-05
-1.35699e-05
-1.35021e-05
-1.34346e-05
-1.33674e-05
-1.33006e-05
-1.32341e-05
-1.3168e-05
-1.31021e-05
-1.30366e-05
-1.29715e-05
-1.29066e-05
-1.28421e-05
-1.27779e-05
-1.2714e-05
-1.26505e-05
-1.25872e-05
-1.25243e-05
-1.24617e-05
-1.23994e-05
-1.23374e-05
-1.22757e-05
-1.22144e-05
-1.21533e-05
-1.20926e-05
-1.20321e-05
-1.1972e-05
-1.19121e-05
-1.18526e-05
-1.17933e-05
-1.17344e-05
-1.16757e-05
-1.16173e-05
-1.15593e-05
-1.15015e-05
-1.1444e-05
-1.13868e-05
-1.13299e-05
-1.12732e-05
-1.12169e-05
-1.11608e-05
-1.1105e-05
-1.10495e-05
-1.09943e-05
-1.09393e-05
-1.08846e-05
-1.08302e-05
-1.07761e-05
-1.07222e-05
-1.06686e-05
-1.06153e-05
-1.05622e-05
-1.05094e-05
-1.04569e-05
-1.04046e-05
-1.03526e-05
-1.03008e-05
-1.02494e-05
-1.01981e-05
-1.01471e-05
-1.00964e-05
-1.0046e-05
-9.99573e-06
