192.724
31.0601
30.1573
22.8622
13.6974
7.28654
3.74291
2.01165
1.25262
0.901319
0.893406
0.890861
0.887644
0.889578
0.897415
0.896032
0.891502
0.886888
0.895483
0.893675
0.905964
0.897932
0.909348
0.897557
0.897295
0.88882
0.890151
0.893685
0.894237
0.889098
0.889663
0.897943
0.896689
0.914698
0.904896
0.910356
0.894826
0.907274
0.899724
0.898153
0.899965
0.895952
0.893472
0.892265
0.888764
0.906993
0.910846
0.895002
0.894419
0.90056
0.899023
0.903007
0.902422
0.895421
0.897425
0.896092
0.902107
0.90508
0.897487
0.894601
0.920878
0.899403
0.907322
0.89411
0.901673
0.895438
0.891315
0.885305
0.902305
0.887942
0.898486
0.890354
0.901631
0.900312
0.914178
0.891138
0.893144
0.908552
0.888124
0.900718
0.896507
0.894679
0.892781
0.910082
0.900303
0.899562
0.913221
0.914506
0.90074
0.899147
0.906055
0.900605
0.910279
0.905761
0.91114
0.909122
0.908315
0.903581
0.903912
0.903303
0.904121
0.897106
0.891823
0.899399
0.902958
0.903306
0.906074
0.896029
0.899561
0.899758
0.903349
0.889182
0.895133
0.890742
0.900397
0.905713
0.900119
0.915659
0.902739
0.902696
0.899697
0.901255
0.896767
0.897472
0.897448
0.906297
0.899193
0.901676
0.894592
0.906492
0.89823
0.905013
0.893366
0.894511
0.914257
0.909537
0.892299
0.900026
0.898923
0.893671
0.900382
0.915523
0.899079
0.902238
0.89811
0.889466
0.896901
0.899776
0.894738
0.894549
0.904536
0.907092
0.898167
0.896183
0.902623
0.898688
0.89267
0.898045
0.90738
0.895451
0.894821
0.907846
0.892732
0.907824
0.901976
0.891079
0.895777
0.900012
0.894268
0.898528
0.897293
0.903094
0.892872
0.904511
0.903005
0.898465
0.902389
0.900189
0.89091
0.896645
0.898248
0.902084
0.894152
0.90582
0.911275
0.898576
0.89191
0.88871
0.888481
0.889514
0.902748
0.890895
0.895253
0.890134
0.897097
0.887178
0.88637
0.884085
0.889891
0.887458
0.89338
0.909517
0.896803
0.889644
0.893784
0.893425
0.898616
0.89059
0.900235
0.890525
0.895275
0.902403
0.890222
0.898097
0.890398
0.902339
0.892977
0.908687
0.89854
0.89725
0.885389
0.896615
0.889583
0.890648
0.887572
0.893035
0.893738
0.891719
0.890281
0.897458
0.89774
0.89381
0.895142
0.894011
0.894533
0.894556
0.89692
0.894083
0.893316
0.896901
0.892633
0.898467
0.893418
0.904343
0.907615
0.888661
0.897554
0.888742
0.90665
0.906223
0.892224
0.923434
0.898006
0.890366
0.891816
0.887432
0.895513
0.886728
0.889428
0.886975
0.889386
0.896414
0.896465
0.903424
0.895808
0.8973
0.896637
0.888985
0.91633
0.887076
0.904174
0.890397
0.887244
0.896707
0.888751
0.897625
0.890137
0.891476
0.892687
0.893391
0.8943
0.893162
0.896234
0.893725
0.899537
0.908054
0.907696
0.899372
0.881964
0.892086
0.892409
0.881411
0.884477
0.890265
0.890264
0.891062
0.886083
0.891983
0.884461
0.885912
0.886623
0.901767
0.88809
0.88787
0.886336
0.88864
0.879868
0.8847
0.895113
0.894699
0.890683
0.885823
0.884075
0.890583
0.884691
0.878816
0.896309
0.887379
0.891177
0.883903
0.891027
0.887492
0.885425
0.877137
0.886928
0.879571
0.885058
0.879845
0.888888
0.900759
0.882508
0.885707
0.888566
0.887991
0.884244
0.881128
0.886934
0.879334
0.876907
0.882349
0.884444
0.88148
0.88759
0.895947
0.886561
0.877508
0.886809
0.884136
0.885055
0.883099
0.882066
0.885572
0.880724
0.888197
0.879086
0.886449
0.895447
0.889116
0.879625
0.888623
0.881096
0.891654
0.885345
0.880674
0.889884
0.883051
0.886941
0.883671
0.876293
0.880394
0.884249
0.889988
0.883124
0.881104
0.88443
0.884917
0.878533
0.880744
0.879445
0.882232
0.877912
0.87786
0.882271
0.895047
0.890214
0.879012
0.882214
0.878169
0.892066
0.884633
0.87275
0.880908
0.887032
0.886005
0.883943
0.880668
0.889576
0.9085
0.875404
0.881532
0.877609
0.887317
0.881588
0.886285
0.883106
0.888416
0.891174
0.878906
0.888218
0.878692
0.889792
0.897279
0.880553
0.891737
0.89493
0.880922
0.882707
0.898688
0.891429
0.880566
0.891944
0.883589
0.879522
0.880055
0.884407
0.884565
0.882792
0.886899
0.877062
0.884112
0.881348
0.884177
0.881439
0.883927
0.880904
0.877263
0.888282
0.885995
0.902857
0.881797
0.879412
0.88571
0.881552
0.880172
0.883499
0.882918
0.880524
0.874251
0.88231
0.882915
0.884486
0.89582
0.914076
0.886384
0.875416
0.876959
0.879047
0.886143
0.876869
0.882294
0.879457
0.874956
0.871237
0.878358
0.881197
0.89857
0.884876
0.879234
0.888158
0.88043
0.89908
0.889065
0.882379
0.884495
0.882909
0.880893
0.88278
0.883406
0.885235
0.878702
0.889322
0.879733
0.885659
0.881765
0.876811
0.879564
0.884847
0.881534
0.882733
0.88535
0.88699
0.875162
0.888367
0.902715
0.879921
0.876432
0.825453
0.817759
0.836103
0.820107
0.818135
0.821553
0.832084
0.836855
0.827316
0.831798
0.827072
0.835543
0.816709
0.829195
0.823798
0.812661
0.8176
0.826596
0.822777
0.818801
0.809299
0.826347
0.827531
0.81762
0.82352
0.839552
0.847867
0.821994
0.815319
0.816343
0.813061
0.818595
0.81257
0.822333
0.814819
0.81819
0.810079
0.809608
0.81754
0.811353
0.817795
0.806862
0.805848
0.816806
0.819562
0.811213
0.811506
0.806032
0.822992
0.81015
0.811696
0.82252
0.810404
0.812543
0.821639
0.835418
0.8155
0.81061
0.816386
0.805765
0.805281
0.810964
0.807975
0.815761
0.816401
0.81913
0.810695
0.815972
0.807386
0.812253
0.831173
0.812638
0.820229
0.806907
0.810331
0.811978
0.814002
0.817655
0.812109
0.816911
0.812107
0.810955
0.808158
0.806858
0.81874
0.819524
0.816591
0.808178
0.810099
0.80867
0.814215
0.81464
0.81449
0.814942
0.80653
0.814162
0.811073
0.817264
0.809071
0.819658
0.801787
0.813755
0.808205
0.805922
0.803129
0.814821
0.814945
0.806862
0.804539
0.819733
0.805783
0.811135
0.812391
0.812848
0.830358
0.818032
0.815561
0.813836
0.811112
0.812978
0.80962
0.820315
0.803518
0.815716
0.806597
0.807423
0.813522
0.816607
0.816888
0.823847
0.817008
0.80845
0.817674
0.809136
0.818409
0.806297
0.808756
0.81891
0.807493
0.80674
0.822342
0.807439
0.808642
0.815043
0.823804
0.81401
0.806211
0.83627
0.825406
0.814476
0.818131
0.809933
0.816137
0.807541
0.810812
0.803496
0.807915
0.812563
0.809193
0.81142
0.810318
0.81968
0.810619
0.820548
0.810382
0.817755
0.807035
0.808949
0.809298
0.811208
0.813797
0.81554
0.809321
0.817256
0.826876
0.815488
0.808278
0.806396
0.812157
0.811808
0.808833
0.813858
0.811156
0.81346
0.810887
0.810397
0.803972
0.814787
0.819384
0.820365
0.813936
0.810738
0.813976
0.811026
0.810435
0.803407
0.813859
0.81183
0.808872
0.813348
0.810438
0.813797
0.813877
0.825663
0.805178
0.814382
0.811629
0.807789
0.813492
0.810832
0.814387
0.811377
0.8101
0.804411
0.814546
0.812395
0.808149
0.814456
0.811922
0.814037
0.810966
0.810544
0.803902
0.814815
0.81158
0.808448
0.813774
0.814071
0.813412
0.811973
0.810104
0.80494
0.818095
0.832709
0.802005
0.808093
0.799759
0.802782
0.799569
0.799923
0.792688
0.80339
0.800093
0.796387
0.801815
0.799256
0.80252
0.803396
0.815678
0.791646
0.803598
0.800427
0.79694
0.802328
0.799185
0.802851
0.799632
0.798764
0.792347
0.803192
0.802084
0.797315
0.807294
0.813699
0.803026
0.799683
0.799158
0.792247
0.802819
0.800198
0.796587
0.802238
0.799284
0.802606
0.799747
0.798871
0.792056
0.803245
0.802051
0.798138
0.802235
0.799239
0.802243
0.799859
0.799205
0.794366
0.803071
0.800461
0.797145
0.80243
0.798603
0.802957
0.802045
0.820512
0.791183
0.803415
0.799858
0.796643
0.802857
0.798962
0.802105
0.79988
0.798931
0.792214
0.803886
0.799987
0.797079
0.803859
0.817434
0.802368
0.799883
0.799244
0.792236
0.803194
0.800669
0.795984
0.801649
0.799353
0.802614
0.799404
0.798495
0.791621
0.806952
0.816774
0.797408
0.802882
0.799776
0.802349
0.799617
0.800263
0.791862
0.802611
0.800719
0.797237
0.802731
0.799498
0.803163
0.800089
0.800764
0.793479
0.802954
0.800966
0.796825
0.80261
0.798951
0.802713
0.799113
0.799408
0.792806
0.803443
0.799861
0.796414
0.802546
0.812942
0.81268
0.80017
0.798873
0.792165
0.802914
0.800387
0.799435
0.802443
0.799235
0.802753
0.800124
0.799299
0.792949
0.80307
0.8094
0.806379
0.802712
0.798995
0.802305
0.800858
0.798238
0.789898
0.800599
0.798782
0.793784
0.799036
0.795727
0.798677
0.79664
0.806444
0.799935
0.800174
0.797679
0.79496
0.800727
0.796881
0.79898
0.797639
0.795709
0.792387
0.799987
0.798574
0.794669
0.799965
0.798615
0.800371
0.796483
0.79581
0.788781
0.799778
0.797326
0.793963
0.799004
0.796904
0.799681
0.796561
0.796663
0.789261
0.800766
0.80186
0.813721
0.800061
0.796612
0.800115
0.796235
0.796822
0.789339
0.8006
0.797724
0.795226
0.799394
0.797175
0.799722
0.79669
0.798008
0.805217
0.800263
0.797393
0.793937
0.798181
0.796241
0.800167
0.796789
0.79571
0.789126
0.799644
0.797218
0.794105
0.799782
0.795901
0.808166
0.793416
0.790643
0.786195
0.794453
0.792269
0.789066
0.794201
0.790935
0.794176
0.791331
0.790692
0.784163
0.794867
0.787049
0.784907
0.788391
0.785622
0.789016
0.786259
0.785617
0.778374
0.789375
0.787516
0.783104
0.788542
0.785667
0.788742
0.785906
0.785815
0.786565
0.805284
0.787081
0.782948
0.788198
0.785327
0.788772
0.786113
0.785249
0.77828
0.789778
0.786103
0.783201
0.788822
0.785742
0.790907
0.802575
0.785877
0.778775
0.789451
0.786774
0.78333
0.7885
0.785424
0.788621
0.785969
0.785242
0.77969
0.789484
0.787282
0.786518
0.803125
0.785907
0.788814
0.785515
0.784359
0.777863
0.789717
0.787836
0.783513
0.78903
0.785617
0.788579
0.786107
0.786431
0.778858
0.790812
0.787797
0.783273
0.788281
0.78537
0.789127
0.786377
0.785487
0.778178
0.789464
0.789104
0.783232
0.788926
0.78581
0.788428
0.790136
0.805295
0.779806
0.792383
0.790131
0.786746
0.791521
0.788848
0.791436
0.788975
0.788505
0.780715
0.79228
0.790138
0.787414
0.794164
0.804686
0.791493
0.789554
0.787954
0.783244
0.792314
0.790575
0.785646
0.791712
0.788597
0.791604
0.7884
0.788921
0.781544
0.794355
0.80507
0.787082
0.791618
0.789189
0.79252
0.789254
0.787767
0.782192
0.791994
0.790274
0.786223
0.792061
0.788763
0.792173
0.789136
0.78977
0.782475
0.791686
0.789209
0.786436
0.791746
0.789076
0.792126
0.789072
0.788267
0.781167
0.792589
0.789499
0.786456
0.792024
0.792434
0.811253
0.789138
0.788803
0.781077
0.792073
0.789705
0.786268
0.791597
0.788869
0.791611
0.789966
0.78827
0.783975
0.791647
0.792507
0.802504
0.791951
0.788312
0.791835
0.788973
0.788356
0.781254
0.792
0.790313
0.785883
0.79173
0.789048
0.79166
0.789838
0.791392
0.797379
0.794634
0.790184
0.786939
0.792352
0.789401
0.791142
0.789516
0.788242
0.781773
0.786089
0.784652
0.781464
0.78565
0.783188
0.787241
0.78466
0.782671
0.776372
0.788004
0.778689
0.775102
0.781034
0.777754
0.780862
0.778327
0.778984
0.770628
0.781894
0.779295
0.780199
0.801942
0.778006
0.780425
0.778146
0.777559
0.770522
0.781605
0.779253
0.776163
0.780393
0.777798
0.781001
0.777989
0.777377
0.769975
0.784724
0.794368
0.77478
0.781083
0.777772
0.781161
0.778318
0.777167
0.772357
0.781636
0.7791
0.775306
0.781472
0.777868
0.78117
0.784034
0.79164
0.773407
0.781019
0.778893
0.775543
0.781037
0.778234
0.781249
0.77818
0.778038
0.770975
0.781303
0.779693
0.775408
0.781593
0.779685
0.781044
0.778166
0.778036
0.770678
0.781346
0.779263
0.775337
0.780779
0.777574
0.780745
0.778436
0.778251
0.772573
0.781424
0.784511
0.794398
0.780683
0.777629
0.780819
0.778108
0.777066
0.77006
0.781034
0.778588
0.775237
0.781213
0.778011
0.781383
0.778439
0.777817
0.788844
0.783806
0.779769
0.775449
0.78127
0.777584
0.78058
0.778377
0.777128
0.770593
0.780277
0.778698
0.77534
0.781051
0.777121
0.788352
0.790064
0.777723
0.770239
0.781358
0.778747
0.775513
0.78141
0.777709
0.781019
0.778287
0.777415
0.769768
0.781534
0.778677
0.775915
0.781503
0.77863
0.780649
0.778281
0.777895
0.77078
0.781507
0.779532
0.775906
0.781569
0.777291
0.780797
0.778119
0.777906
0.770211
0.785229
0.797976
0.775277
0.780026
0.778249
0.780898
0.778277
0.777891
0.770642
0.78167
0.778999
0.775269
0.781609
0.778166
0.780467
0.779827
0.795429
0.771646
0.781335
0.779162
0.776192
0.781418
0.777927
0.781087
0.778655
0.777695
0.771245
0.781363
0.779245
0.775186
0.781172
0.786061
0.792575
0.778189
0.778489
0.770284
0.781842
0.778936
0.775813
0.781171
0.777443
0.780621
0.778328
0.777861
0.771416
0.781291
0.779206
0.778189
0.78087
0.777823
0.780915
0.778054
0.777063
0.770103
0.783088
0.778917
0.775275
0.781686
0.777531
0.781207
0.778305
0.777705
0.771968
0.795889
0.774079
0.764953
0.770854
0.766852
0.769651
0.768001
0.767524
0.761357
0.769954
0.767963
0.765375
0.770644
0.767671
0.770072
0.786285
0.76617
0.760808
0.770404
0.769039
0.765635
0.770279
0.76716
0.770054
0.767467
0.766704
0.759347
0.770624
0.768076
0.765254
0.775805
0.78109
0.771147
0.768013
0.766726
0.760633
0.771046
0.768695
0.763671
0.770391
0.767427
0.770302
0.767565
0.767176
0.759917
0.770828
0.768598
0.766766
0.770338
0.767358
0.770155
0.767207
0.767659
0.760207
0.770977
0.768171
0.764679
0.769878
0.767199
0.770235
0.767684
0.766487
0.772563
0.781475
0.767732
0.764726
0.775234
0.767436
0.770324
0.767445
0.76664
0.759908
0.770977
0.768515
0.764318
0.770668
0.766728
0.772534
0.784099
0.767009
0.760235
0.770683
0.767839
0.764341
0.770476
0.767624
0.769958
0.768039
0.767378
0.761142
0.770568
0.768648
0.765138
0.777354
0.780169
0.769841
0.767498
0.766914
0.759925
0.770382
0.767657
0.764544
0.770476
0.767276
0.770262
0.767536
0.766992
0.7602
0.771152
0.770403
0.765287
0.770703
0.767086
0.770301
0.76783
0.76679
0.761165
0.770775
0.768574
0.764434
0.769906
0.767402
0.769874
0.767206
0.769463
0.781686
0.770516
0.768185
0.764242
0.770642
0.768562
0.769946
0.767771
0.766753
0.759672
0.770678
0.768359
0.765083
0.771002
0.767492
0.772427
0.783995
0.766212
0.759893
0.770249
0.768315
0.764816
0.770144
0.766638
0.771696
0.767866
0.766604
0.759605
0.771365
0.767897
0.764279
0.780134
0.777886
0.770341
0.767326
0.767425
0.759972
0.770817
0.767546
0.765581
0.769976
0.767119
0.769949
0.767767
0.768624
0.759481
0.770127
0.769129
0.764988
0.77021
0.766527
0.770391
0.767785
0.76597
0.760149
0.770773
0.767985
0.764097
0.770062
0.766982
0.771009
0.767447
0.771419
0.779366
0.770898
0.768118
0.765006
0.770126
0.766967
0.769809
0.768478
0.767098
0.763212
0.770437
0.769482
0.764785
0.770213
0.767018
0.773826
0.783789
0.766541
0.759652
0.770711
0.769587
0.759387
0.765198
0.761867
0.759462
0.756724
0.75617
0.748595
0.760143
0.757285
0.753877
0.770192
0.763978
0.759421
0.756749
0.755955
0.748711
0.760415
0.756734
0.754385
0.759084
0.757044
0.759381
0.756674
0.755716
0.748591
0.759894
0.759183
0.754813
0.758984
0.756159
0.759463
0.756746
0.756243
0.749316
0.759747
0.757284
0.753715
0.759999
0.7563
0.759842
0.757292
0.758438
0.773666
0.75918
0.758034
0.754495
0.759802
0.757028
0.759396
0.756354
0.755693
0.748423
0.759242
0.757786
0.753894
0.759314
0.756757
0.761727
0.773569
0.75601
0.749309
0.760014
0.757273
0.753713
0.759415
0.756229
0.75922
0.756632
0.756364
0.749435
0.760827
0.757525
0.753951
0.765099
0.770527
0.76007
0.75666
0.75609
0.749414
0.759901
0.757519
0.75398
0.758813
0.756259
0.759673
0.756935
0.756331
0.748278
0.760221
0.75792
0.755423
0.759693
0.75609
0.759135
0.756409
0.755647
0.750891
0.760094
0.757449
0.754194
0.759439
0.756063
0.759123
0.756853
0.755482
0.752609
0.779486
0.757094
0.75356
0.76014
0.756294
0.759432
0.756705
0.755965
0.74947
0.759925
0.757679
0.753929
0.761932
0.756269
0.75917
0.760758
0.772875
0.749505
0.759912
0.756775
0.75384
0.759352
0.755881
0.759474
0.75702
0.755663
0.75005
0.760231
0.757415
0.753264
0.759136
0.767298
0.769352
0.756944
0.755618
0.748859
0.759841
0.757506
0.754047
0.759532
0.755902
0.759603
0.757181
0.756334
0.752322
0.759973
0.759249
0.755682
0.760649
0.75684
0.758626
0.757049
0.756523
0.748882
0.759783
0.757261
0.754318
0.760243
0.756765
0.759592
0.756161
0.75615
0.748096
0.765145
0.775566
0.754188
0.759656
0.756162
0.759117
0.757006
0.755946
0.748146
0.760142
0.757644
0.754014
0.759451
0.75705
0.75948
0.756633
0.770964
0.752722
0.760214
0.756748
0.748688
0.754484
0.751149
0.753801
0.751031
0.750574
0.743144
0.754104
0.753324
0.749373
0.753579
0.750945
0.765653
0.754512
0.745198
0.740043
0.749198
0.746434
0.742271
0.748822
0.745627
0.748649
0.746408
0.744813
0.738323
0.749081
0.747197
0.743105
0.749772
0.7462
0.748522
0.746225
0.745452
0.739443
0.749112
0.747108
0.743051
0.749221
0.745337
0.748268
0.746175
0.745803
0.738986
0.749804
0.751057
0.762388
0.748519
0.745534
0.750508
0.745542
0.745177
0.737993
0.748989
0.746458
0.742871
0.748591
0.745398
0.74875
0.745545
0.745436
0.739908
0.765977
0.746294
0.743581
0.749059
0.745296
0.749131
0.745864
0.745087
0.739906
0.750299
0.74703
0.743379
0.748833
0.745463
0.748928
0.750786
0.758863
0.739174
0.748981
0.746459
0.742793
0.749238
0.745456
0.748671
0.745725
0.744936
0.739373
0.749029
0.747399
0.743252
0.748933
0.746007
0.749536
0.745738
0.745278
0.738361
0.748882
0.74575
0.743364
0.748408
0.745345
0.748988
0.745938
0.745283
0.737526
0.748789
0.746402
0.744786
0.770695
0.745603
0.748477
0.745601
0.745185
0.738334
0.749202
0.746304
0.74296
0.748577
0.745493
0.748463
0.746425
0.744871
0.73905
0.749072
0.76329
0.745309
0.747813
0.745285
0.750661
0.745993
0.745037
0.737738
0.749505
0.746102
0.742991
0.749644
0.745752
0.748807
0.745899
0.745473
0.746844
0.760408
0.746674
0.743772
0.748636
0.745437
0.748376
0.745912
0.745056
0.738236
0.749332
0.745771
0.743292
0.749011
0.745918
0.74871
0.746799
0.745928
0.737809
0.749615
0.746459
0.742951
0.749393
0.745531
0.748679
0.745729
0.74537
0.738244
0.749916
0.746382
0.74308
0.748978
0.749713
0.76784
0.746849
0.745546
0.741095
0.74917
0.746987
0.742635
0.748842
0.745296
0.749175
0.746161
0.744646
0.73848
0.749197
0.74707
0.745439
0.764899
0.745846
0.74871
0.745584
0.746065
0.739314
0.749192
0.747348
0.743827
0.750103
0.745556
