0.69655
0.677712
0.666523
0.668061
0.66658
0.661362
0.656846
0.652085
0.650247
0.657493
0.64912
0.646457
0.643074
0.645034
0.652407
0.650324
0.646613
0.642545
0.651254
0.649378
0.645247
0.653865
0.665208
0.653633
0.652959
0.64403
0.645864
0.649529
0.650141
0.645141
0.645413
0.654011
0.652427
0.656031
0.660342
0.665862
0.650671
0.662781
0.654192
0.652572
0.655924
0.65135
0.649072
0.648013
0.644004
0.662247
0.666539
0.64968
0.649762
0.656197
0.654536
0.658327
0.657877
0.651045
0.651575
0.651109
0.657612
0.660356
0.652497
0.649488
0.656838
0.654933
0.662691
0.64892
0.656437
0.648604
0.645785
0.640319
0.656998
0.642799
0.653449
0.645406
0.656721
0.653961
0.652397
0.644297
0.647836
0.662923
0.642687
0.654756
0.650555
0.649051
0.644995
0.664052
0.654046
0.653827
0.667375
0.658737
0.654066
0.653017
0.658847
0.654072
0.664231
0.659298
0.664916
0.663318
0.662088
0.657235
0.657472
0.657255
0.656998
0.650687
0.645422
0.652843
0.656443
0.657089
0.658519
0.648787
0.65287
0.653153
0.656492
0.642486
0.64824
0.64424
0.654027
0.658772
0.653454
0.6494
0.656201
0.65592
0.652973
0.652823
0.650022
0.650488
0.65017
0.657945
0.651789
0.654881
0.647922
0.659739
0.651153
0.658022
0.645675
0.647706
0.650864
0.662337
0.64395
0.653453
0.651506
0.647113
0.653499
0.668453
0.651386
0.655117
0.651163
0.642534
0.649913
0.652808
0.645961
0.646938
0.651415
0.653217
0.650937
0.647524
0.655431
0.651604
0.645789
0.650579
0.65996
0.647115
0.64773
0.659588
0.645314
0.660757
0.654813
0.642374
0.648982
0.652508
0.64688
0.651393
0.650305
0.656191
0.645813
0.657475
0.655805
0.650766
0.655495
0.652984
0.643638
0.649282
0.651014
0.654734
0.646472
0.657401
0.644293
0.650962
0.644755
0.641263
0.641522
0.642518
0.655649
0.643583
0.648241
0.64255
0.650081
0.639875
0.639106
0.636974
0.64307
0.640136
0.646392
0.645534
0.648183
0.64276
0.646533
0.646296
0.651757
0.643209
0.651611
0.64345
0.648272
0.653342
0.64298
0.649359
0.643252
0.655407
0.645843
0.659057
0.642219
0.650048
0.638373
0.649245
0.642312
0.643713
0.640533
0.645918
0.64677
0.64434
0.643103
0.649885
0.65067
0.646239
0.647684
0.646999
0.645934
0.647058
0.649987
0.646885
0.645617
0.65025
0.643765
0.651288
0.645155
0.656897
0.659486
0.641108
0.65035
0.641599
0.65769
0.658392
0.644943
0.655363
0.650611
0.643298
0.644642
0.640522
0.648287
0.639208
0.642594
0.639732
0.640614
0.64922
0.649115
0.655317
0.648441
0.649298
0.649442
0.641651
0.652758
0.639824
0.655839
0.642965
0.640224
0.649169
0.641544
0.650639
0.643037
0.643692
0.645425
0.64631
0.647138
0.645777
0.648032
0.645658
0.652488
0.650905
0.656313
0.651918
0.633605
0.644739
0.645042
0.634483
0.637309
0.643129
0.642871
0.642652
0.639072
0.644778
0.637243
0.638567
0.638539
0.653401
0.639794
0.640606
0.638857
0.641452
0.632489
0.637159
0.646092
0.647656
0.643949
0.638469
0.636916
0.643315
0.637412
0.631537
0.648522
0.640456
0.643889
0.636807
0.642411
0.640151
0.637652
0.629594
0.638319
0.6328
0.638111
0.632375
0.642025
0.634346
0.635567
0.638799
0.64018
0.640644
0.63718
0.633592
0.63989
0.632037
0.629621
0.634634
0.63731
0.634452
0.639701
0.631481
0.639176
0.629388
0.638294
0.636888
0.637753
0.635994
0.634979
0.638406
0.633711
0.641222
0.631668
0.639119
0.635919
0.641826
0.63243
0.64004
0.633784
0.642939
0.638133
0.633289
0.641359
0.635746
0.640118
0.636004
0.628201
0.633589
0.636157
0.64169
0.63568
0.633316
0.636871
0.637976
0.631516
0.633289
0.632216
0.635081
0.63069
0.630426
0.635254
0.637306
0.630843
0.631739
0.63439
0.631089
0.643753
0.63712
0.625353
0.6339
0.63784
0.637053
0.636545
0.633507
0.642598
0.645301
0.628585
0.634294
0.630329
0.639995
0.632983
0.639095
0.63624
0.640201
0.643949
0.631486
0.639971
0.63114
0.642729
0.638938
0.633259
0.64464
0.646621
0.634018
0.634411
0.651531
0.6418
0.633561
0.644802
0.636151
0.632376
0.632792
0.63556
0.637435
0.635721
0.639908
0.629821
0.636845
0.633408
0.637314
0.634278
0.635112
0.633118
0.629837
0.641403
0.638927
0.636213
0.634593
0.632556
0.637951
0.63447
0.633378
0.636126
0.635572
0.633463
0.626361
0.635396
0.635768
0.637365
0.648884
0.650121
0.639467
0.628457
0.630075
0.632214
0.63895
0.629359
0.635414
0.632484
0.628156
0.624169
0.630988
0.634149
0.638349
0.637945
0.632171
0.639783
0.633443
0.652241
0.642101
0.634856
0.637648
0.634274
0.633556
0.635849
0.634287
0.638481
0.630851
0.642117
0.63289
0.63865
0.633758
0.629622
0.632533
0.637607
0.634562
0.63555
0.63724
0.639883
0.628228
0.636041
0.638098
0.632847
0.629297
0.637297
0.629638
0.647336
0.632039
0.630165
0.633566
0.643885
0.648641
0.639097
0.644047
0.638864
0.631391
0.628918
0.640925
0.634291
0.62301
0.629528
0.636661
0.634938
0.63071
0.621099
0.638254
0.639513
0.628209
0.635651
0.646649
0.649391
0.632527
0.625715
0.627036
0.624939
0.630759
0.624455
0.63428
0.626439
0.629644
0.621903
0.621813
0.629017
0.623138
0.629621
0.619059
0.615943
0.627998
0.63141
0.622799
0.622039
0.618217
0.634958
0.621474
0.623577
0.634288
0.622523
0.624432
0.633559
0.626889
0.627495
0.622463
0.627828
0.617635
0.617097
0.622249
0.620138
0.627052
0.628475
0.63142
0.621852
0.627508
0.619256
0.622464
0.627318
0.624646
0.632065
0.618647
0.622611
0.623097
0.624551
0.62974
0.624323
0.628492
0.624093
0.622629
0.619897
0.619031
0.630869
0.622106
0.627227
0.620062
0.621573
0.620575
0.626074
0.626686
0.62579
0.626395
0.61832
0.626348
0.623108
0.629078
0.62093
0.630547
0.613258
0.624708
0.619822
0.618101
0.615225
0.626148
0.626864
0.617207
0.616331
0.630408
0.617784
0.622978
0.623905
0.624622
0.629415
0.619636
0.625954
0.625226
0.623238
0.62499
0.621172
0.631916
0.615449
0.626978
0.618539
0.61932
0.625614
0.628432
0.628832
0.619547
0.627496
0.620313
0.629709
0.62119
0.630182
0.618396
0.620405
0.630608
0.61906
0.618445
0.634271
0.617651
0.620726
0.626984
0.62631
0.625571
0.61792
0.647211
0.635652
0.626045
0.628616
0.621801
0.626946
0.619567
0.622665
0.615093
0.620123
0.624636
0.619449
0.622883
0.622327
0.631274
0.622592
0.632413
0.622145
0.629711
0.618579
0.620053
0.621242
0.622648
0.625518
0.62606
0.621295
0.627385
0.61943
0.627363
0.620206
0.618753
0.623949
0.622133
0.620704
0.625726
0.62283
0.625528
0.62268
0.621385
0.615917
0.626528
0.623642
0.620931
0.625825
0.622488
0.625945
0.622777
0.621337
0.615556
0.625678
0.622188
0.620896
0.625302
0.622312
0.625829
0.625619
0.625711
0.617242
0.62609
0.621955
0.619812
0.625323
0.622628
0.626473
0.623108
0.621015
0.616299
0.62645
0.622697
0.620151
0.626043
0.622762
0.626046
0.622731
0.621507
0.616168
0.626607
0.621974
0.620507
0.625699
0.625924
0.625512
0.623736
0.621174
0.617036
0.629952
0.623733
0.613882
0.619938
0.611467
0.614876
0.61133
0.610877
0.604654
0.615489
0.610816
0.608599
0.614167
0.611329
0.614864
0.615449
0.610233
0.603997
0.615651
0.611143
0.609221
0.614452
0.611323
0.615121
0.611671
0.609978
0.604627
0.615205
0.612609
0.609642
0.619465
0.615413
0.615445
0.611735
0.610313
0.604637
0.615044
0.610816
0.608891
0.614469
0.611425
0.614986
0.611806
0.610152
0.604488
0.615318
0.611766
0.610367
0.614488
0.611313
0.614659
0.61196
0.610523
0.606775
0.615161
0.611056
0.609432
0.614613
0.61076
0.615385
0.613802
0.612121
0.603614
0.615467
0.610382
0.608938
0.615128
0.610936
0.614442
0.611948
0.610142
0.60463
0.615928
0.610724
0.609272
0.61597
0.613127
0.614674
0.611893
0.610465
0.604653
0.615109
0.611205
0.608351
0.613945
0.611231
0.615023
0.611345
0.609862
0.604066
0.618974
0.615798
0.609604
0.615179
0.611877
0.614752
0.611752
0.611469
0.604403
0.614802
0.611383
0.609567
0.614847
0.61166
0.615577
0.612185
0.610701
0.605821
0.61516
0.611669
0.60904
0.614875
0.610911
0.615085
0.611288
0.61074
0.605123
0.615514
0.610563
0.60874
0.614883
0.613366
0.614782
0.612207
0.610227
0.60454
0.615091
0.61097
0.611712
0.614742
0.611388
0.615141
0.61205
0.610596
0.60529
0.615259
0.612744
0.608456
0.6149
0.611102
0.614626
0.612932
0.609442
0.603166
0.613664
0.610306
0.606683
0.612252
0.608802
0.611979
0.609531
0.615474
0.604355
0.613231
0.609461
0.6082
0.613856
0.609879
0.612287
0.610672
0.60774
0.605345
0.612822
0.610197
0.607817
0.613086
0.611486
0.612785
0.60935
0.608151
0.602029
0.612834
0.608859
0.606993
0.612218
0.609892
0.61298
0.609472
0.608615
0.602347
0.613712
0.613329
0.607232
0.613036
0.609593
0.613267
0.609272
0.608922
0.60273
0.613603
0.609115
0.60833
0.612482
0.610108
0.613036
0.609683
0.609961
0.602273
0.613216
0.608939
0.607031
0.611424
0.609218
0.613386
0.609775
0.607786
0.602401
0.61269
0.608822
0.607279
0.613001
0.608982
0.610824
0.605927
0.602833
0.599368
0.607296
0.603963
0.602165
0.607362
0.603878
0.607438
0.604363
0.602817
0.597509
0.607865
0.598753
0.597123
0.601676
0.598468
0.602308
0.599142
0.597799
0.591763
0.602165
0.598953
0.596302
0.601766
0.598549
0.60189
0.59879
0.59776
0.593943
0.602362
0.598504
0.596079
0.601396
0.598308
0.602053
0.598956
0.597268
0.591418
0.602735
0.597705
0.596397
0.601947
0.598639
0.604305
0.599225
0.598031
0.592018
0.602254
0.598373
0.596501
0.601611
0.598405
0.601825
0.598996
0.597422
0.592874
0.602419
0.598839
0.599653
0.605802
0.598262
0.601919
0.598464
0.59657
0.591242
0.602715
0.599278
0.596688
0.602103
0.598648
0.601766
0.599092
0.598619
0.592112
0.602536
0.59945
0.596414
0.601291
0.598457
0.602216
0.599238
0.597722
0.591505
0.602528
0.600481
0.596305
0.601973
0.598668
0.601691
0.603042
0.597892
0.593293
0.604563
0.600702
0.599054
0.603757
0.600946
0.603757
0.600878
0.599577
0.593148
0.604378
0.600847
0.599668
0.606364
0.600556
0.60382
0.601676
0.599275
0.595453
0.604302
0.601107
0.597906
0.603849
0.60071
0.603816
0.600576
0.600209
0.593868
0.606468
0.604059
0.599338
0.603774
0.601335
0.604804
0.601298
0.599021
0.594468
0.604119
0.600636
0.598482
0.604214
0.600894
0.604495
0.60104
0.600196
0.594415
0.603667
0.599901
0.598564
0.603973
0.601179
0.604192
0.601134
0.599407
0.593599
0.604649
0.600183
0.598572
0.604216
0.604543
0.604262
0.601262
0.599928
0.593554
0.60419
0.600219
0.59852
0.603592
0.601088
0.603957
0.602055
0.59965
0.595872
0.603763
0.603208
0.59839
0.604085
0.600385
0.604063
0.601102
0.599508
0.593727
0.604041
0.601018
0.598213
0.603869
0.601011
0.604018
0.601902
0.602517
0.598669
0.606498
0.60075
0.599184
0.604449
0.601442
0.603514
0.601559
0.599523
0.594229
0.598032
0.595385
0.593802
0.59778
0.595363
0.599696
0.595749
0.59389
0.588729
0.599979
0.589089
0.587421
0.593265
0.589861
0.593158
0.590466
0.590075
0.583122
0.593876
0.589788
0.592385
0.594579
0.590038
0.592591
0.590321
0.588819
0.582979
0.593308
0.589588
0.58842
0.592705
0.589877
0.593251
0.590076
0.588623
0.582165
0.595755
0.588649
0.586991
0.593319
0.589737
0.593398
0.590435
0.5883
0.584193
0.593813
0.589511
0.587611
0.593635
0.589835
0.593378
0.596136
0.593166
0.585668
0.593087
0.589403
0.587796
0.593234
0.59029
0.593459
0.590243
0.589184
0.583472
0.593375
0.590082
0.587779
0.593693
0.590505
0.593361
0.590305
0.589237
0.583009
0.593536
0.58953
0.587547
0.592999
0.589704
0.593159
0.590544
0.589437
0.58468
0.593537
0.595064
0.587259
0.592886
0.589721
0.593193
0.590035
0.588374
0.582519
0.593149
0.589172
0.587555
0.593363
0.590046
0.593726
0.590415
0.589057
0.586299
0.593194
0.590313
0.587669
0.593587
0.589731
0.59294
0.590359
0.588367
0.583002
0.592459
0.589265
0.587593
0.593283
0.589242
0.600733
0.592318
0.588976
0.582636
0.593306
0.589134
0.587852
0.593596
0.589797
0.593407
0.590393
0.58869
0.582297
0.593492
0.589203
0.588065
0.592888
0.590754
0.593013
0.590456
0.58922
0.583308
0.593605
0.590135
0.588171
0.593889
0.589428
0.593106
0.590094
0.588959
0.582743
0.59739
0.589298
0.587478
0.592242
0.590362
0.593165
0.590153
0.589034
0.582939
0.593694
0.589637
0.587498
0.593824
0.590252
0.59284
0.591782
0.590328
0.584167
0.593449
0.589677
0.588287
0.593634
0.589938
0.593423
0.590684
0.588866
0.5837
0.593464
0.589772
0.587474
0.593468
0.598165
0.59506
0.590172
0.589754
0.582689
0.593854
0.589635
0.587883
0.593404
0.589601
0.593012
0.590374
0.588959
0.58375
0.593439
0.589813
0.589406
0.593059
0.589847
0.593172
0.589978
0.588353
0.582523
0.595243
0.589449
0.587469
0.593822
0.589625
0.59351
0.590328
0.588963
0.584057
0.588694
0.584586
0.577211
0.583128
0.578967
0.581945
0.579944
0.578839
0.573623
0.58197
0.578616
0.577692
0.58281
0.579569
0.582429
0.580969
0.57708
0.573129
0.582348
0.579505
0.577872
0.582321
0.57915
0.582312
0.579481
0.577833
0.571723
0.582608
0.578692
0.577513
0.587921
0.582932
0.58323
0.580022
0.577823
0.572861
0.582927
0.579399
0.575983
0.582371
0.579259
0.58254
0.579471
0.578382
0.572161
0.58269
0.579175
0.578086
0.582423
0.579318
0.58251
0.579236
0.578025
0.572507
0.583074
0.578807
0.576904
0.581946
0.579085
0.582576
0.579608
0.57755
0.573471
0.582928
0.578521
0.576818
0.586244
0.579382
0.582516
0.579526
0.577916
0.572166
0.583088
0.579074
0.576499
0.582657
0.57863
0.584905
0.579874
0.578055
0.572678
0.582761
0.578365
0.576525
0.582463
0.57975
0.582179
0.580102
0.578413
0.57351
0.582644
0.578999
0.57726
0.589504
0.582644
0.582176
0.579406
0.57807
0.572276
0.582563
0.578175
0.576663
0.582658
0.57924
0.582597
0.579498
0.578172
0.572309
0.583276
0.579547
0.577304
0.582898
0.57911
0.582636
0.579946
0.57811
0.573474
0.582783
0.579091
0.576594
0.582041
0.579589
0.582242
0.57906
0.580718
0.574233
0.582619
0.578701
0.576597
0.582837
0.580453
0.582254
0.579871
0.577921
0.571907
0.582664
0.578801
0.577288
0.583008
0.579461
0.584663
0.579759
0.577398
0.572156
0.582198
0.57904
0.577101
0.582462
0.578633
0.583812
0.579885
0.577569
0.571948
0.58334
0.578414
0.576663
0.589398
0.580205
0.582661
0.579356
0.578609
0.572567
0.582668
0.578129
0.577859
0.582137
0.579233
0.582311
0.579836
0.579871
0.571924
0.582334
0.578838
0.577105
0.582402
0.578596
0.582645
0.579806
0.577126
0.572312
0.582805
0.578628
0.576373
0.582136
0.578982
0.583287
0.579456
0.582685
0.572477
0.582913
0.57879
0.57724
0.582318
0.579001
0.58223
0.580477
0.578322
0.575142
0.582532
0.580052
0.57708
0.5825
0.579125
0.586112
0.579484
0.577716
0.571897
0.582776
0.580214
0.571464
0.577474
0.573891
0.571845
0.568763
0.567279
0.560977
0.57226
0.567779
0.566224
0.577022
0.568396
0.571796
0.568937
0.567204
0.561067
0.572488
0.56717
0.566715
0.571322
0.569253
0.571595
0.568828
0.566847
0.56097
0.571856
0.568411
0.566906
0.571278
0.568178
0.57175
0.568777
0.567359
0.561582
0.571833
0.567863
0.565811
0.572122
0.568352
0.571903
0.569359
0.569618
0.565749
0.571187
0.568539
0.566701
0.57195
0.568745
0.571591
0.568491
0.566722
0.560893
0.571247
0.56826
0.56596
0.571582
0.568702
0.574007
0.569173
0.567172
0.561621
0.571958
0.567805
0.565852
0.571561
0.568344
0.571641
0.568728
0.567597
0.561691
0.572713
0.568195
0.566222
0.577277
0.572308
0.572367
0.568656
0.56729
0.561717
0.571916
0.567905
0.56615
0.570943
0.56824
0.571925
0.568816
0.567361
0.560736
0.572249
0.568543
0.566779
0.571962
0.568159
0.571423
0.568663
0.566845
0.562949
0.572098
0.568131
0.566305
0.571847
0.56818
0.571506
0.568769
0.566633
0.565003
0.57221
0.567686
0.565747
0.572349
0.568427
0.571772
0.568738
0.567161
0.561662
0.571867
0.568164
0.565966
0.574063
0.56831
0.571349
0.572737
0.56772
0.561778
0.571745
0.567418
0.566096
0.571498
0.56794
0.571789
0.569009
0.566923
0.56209
0.571918
0.567901
0.565542
0.571248
0.579286
0.572569
0.568991
0.566756
0.56122
0.57186
0.568037
0.566197
0.571558
0.568039
0.571813
0.569281
0.567453
0.564418
0.571869
0.569786
0.567824
0.57192
0.568819
0.570857
0.56906
0.567634
0.561142
0.571816
0.567878
0.566493
0.572388
0.56881
0.571865
0.568117
0.567235
0.560503
0.574115
0.567632
0.566317
0.571814
0.568242
0.571407
0.568978
0.567082
0.56043
0.572134
0.568072
0.566262
0.571633
0.568979
0.571742
0.568671
0.568687
0.561084
0.572281
0.567377
0.560892
0.566376
0.563147
0.566124
0.563119
0.561718
0.555763
0.566024
0.563706
0.561564
0.565806
0.562917
0.572257
0.559198
0.55649
0.552179
0.561299
0.556871
0.554536
0.560967
0.557795
0.560905
0.558354
0.555997
0.550792
0.561025
0.557711
0.555412
0.561868
0.557406
0.560892
0.558365
0.556755
0.551513
0.561212
0.557649
0.555433
0.56111
0.557403
0.560551
0.558169
0.557021
0.551523
0.561877
0.56162
0.555173
0.560637
0.557611
0.562755
0.557486
0.55631
0.550337
0.561072
0.557051
0.555054
0.560844
0.5575
0.561029
0.557679
0.556653
0.552232
0.561565
0.556858
0.555813
0.561069
0.557391
0.561162
0.557851
0.556294
0.551961
0.562317
0.557548
0.555476
0.561046
0.557431
0.561237
0.562709
0.560201
0.551399
0.56097
0.556956
0.555007
0.561421
0.557594
0.560919
0.557821
0.55618
0.551433
0.561007
0.557703
0.55552
0.56119
0.557938
0.560966
0.557872
0.556415
0.550866
0.561042
0.556355
0.555615
0.560509
0.557405
0.561323
0.558004
0.55636
0.549914
0.560855
0.55695
0.556991
0.56281
0.557656
0.56076
0.557693
0.556393
0.550689
0.561131
0.556789
0.555216
0.560706
0.557571
0.560706
0.558274
0.556043
0.551358
0.560993
0.559185
0.554841
0.559937
0.557367
0.562331
0.557987
0.556114
0.55018
0.561579
0.556617
0.555162
0.561837
0.557885
0.561087
0.557821
0.556729
0.556719
0.563372
0.557212
0.55602
0.560716
0.557489
0.560576
0.558003
0.55616
0.550517
0.561002
0.556545
0.555473
0.561115
0.557855
0.560917
0.558806
0.5561
0.55006
0.561484
0.556844
0.555115
0.561373
0.55765
0.560993
0.55775
0.55648
0.550586
0.562026
0.556967
0.555223
0.561133
0.561842
0.560794
0.558856
0.556642
0.553156
0.561363
0.55753
0.554887
0.560895
0.557313
0.561345
0.558237
0.555789
0.550908
0.56122
0.557688
0.557732
0.560668
0.55774
0.560992
0.557599
0.557229
0.551537
0.561149
0.557952
0.555699
0.562161
0.557596
