3.35161
2.08995
1.60189
1.45929
1.32333
1.15797
0.988867
0.830915
0.691241
0.571945
0.472246
0.389962
0.322435
0.267049
0.221475
-0.213819
-0.210679
-0.207656
-0.204741
-0.201924
-0.199199
-0.19656
-0.194001
-0.191516
-0.189103
-0.186757
-0.184474
-0.182252
-0.180087
-0.177977
-0.17592
-0.173912
-0.171953
-0.17004
-0.168172
-0.166346
-0.164562
-0.162822
-0.161126
-0.159464
-0.157837
-0.156244
-0.154682
-0.153152
-0.151652
-0.150182
-0.14874
-0.147327
-0.14594
-0.14458
-0.143245
-0.141935
-0.14065
-0.139387
-0.138148
-0.136931
-0.135735
-0.134561
-0.133407
-0.132273
-0.131158
-0.130062
-0.128984
-0.127924
-0.126882
-0.125857
-0.124848
-0.123855
-0.122878
-0.121916
-0.120968
-0.120036
-0.119117
-0.118212
-0.117321
-0.116443
-0.115577
-0.114724
-0.113883
-0.113054
-0.112237
-0.11143
-0.110635
-0.109851
-0.109077
-0.108313
-0.107559
-0.106815
-0.106081
-0.105356
-0.10464
-0.103933
-0.103234
-0.102545
-0.101863
-0.10119
-0.100524
-0.0998667
-0.0992167
-0.0985741
-0.0979389
-0.0973108
-0.0966897
-0.0960754
-0.0954678
-0.0948668
-0.0942722
-0.093684
-0.0931019
-0.0925258
-0.0919557
-0.0913913
-0.0908327
-0.0902796
-0.0897321
-0.0891899
-0.0886529
-0.0881212
-0.0875945
-0.0870728
-0.086556
-0.0860439
-0.0855366
-0.0850339
-0.0845358
-0.0840421
-0.0835528
-0.0830678
-0.082587
-0.0821104
-0.0816379
-0.0811695
-0.080705
-0.0802443
-0.0797875
-0.0793345
-0.0788851
-0.0784395
-0.0779974
-0.0775588
-0.0771237
-0.0766921
-0.0762638
-0.0758388
-0.0754171
-0.0749987
-0.0745834
-0.0741712
-0.0737621
-0.0733561
-0.0729531
-0.072553
-0.0721559
-0.0717616
-0.0713701
-0.0709815
-0.0705956
-0.0702125
-0.069832
-0.0694542
-0.0690791
-0.0687065
-0.0683365
-0.067969
-0.0676039
-0.0672414
-0.0668813
-0.0665236
-0.0661683
-0.0658153
-0.0654646
-0.0651163
-0.0647702
-0.0644263
-0.0640847
-0.0637453
-0.063408
-0.0630729
-0.0627399
-0.062409
-0.0620802
-0.0617535
-0.0614288
-0.061106
-0.0607853
-0.0604666
-0.0601498
-0.059835
-0.0595221
-0.059211
-0.0589019
-0.0585946
-0.0582892
-0.0579856
-0.0576838
-0.0573837
-0.0570855
-0.056789
-0.0564943
-0.0562013
-0.05591
-0.0556204
-0.0553325
-0.0550463
-0.0547617
-0.0544788
-0.0541975
-0.0539178
-0.0536397
-0.0533632
-0.0530883
-0.0528149
-0.0525431
-0.0522729
-0.0520041
-0.0517369
-0.0514711
-0.0512069
-0.0509441
-0.0506828
-0.050423
-0.0501646
-0.0499076
-0.0496521
-0.0493979
-0.0491452
-0.0488938
-0.0486439
-0.0483953
-0.0481481
-0.0479022
-0.0476577
-0.0474145
-0.0471726
-0.0469321
-0.0466928
-0.0464548
-0.0462182
-0.0459828
-0.0457487
-0.0455158
-0.0452842
-0.0450538
-0.0448247
-0.0445968
-0.0443701
-0.0441447
-0.0439204
-0.0436973
-0.0434755
-0.0432548
-0.0430353
-0.0428169
-0.0425997
-0.0423837
-0.0421687
-0.041955
-0.0417423
-0.0415308
-0.0413204
-0.0411111
-0.0409029
-0.0406959
-0.0404898
-0.0402849
-0.0400811
-0.0398783
-0.0396766
-0.0394759
-0.0392763
-0.0390777
-0.0388802
-0.0386837
-0.0384882
-0.0382937
-0.0381003
-0.0379078
-0.0377164
-0.037526
-0.0373365
-0.037148
-0.0369605
-0.036774
-0.0365884
-0.0364038
-0.0362202
-0.0360375
-0.0358557
-0.0356749
-0.0354951
-0.0353161
-0.0351381
-0.034961
-0.0347848
-0.0346095
-0.0344351
-0.0342616
-0.034089
-0.0339173
-0.0337465
-0.0335765
-0.0334074
-0.0332392
-0.0330719
-0.0329054
-0.0327398
-0.032575
-0.032411
-0.0322479
-0.0320857
-0.0319242
-0.0317636
-0.0316038
-0.0314449
-0.0312867
-0.0311293
-0.0309728
-0.030817
-0.0306621
-0.0305079
-0.0303545
-0.0302019
-0.0300501
-0.0298991
-0.0297488
-0.0295993
-0.0294505
-0.0293025
-0.0291553
-0.0290088
-0.0288631
-0.0287181
-0.0285738
-0.0284303
-0.0282875
-0.0281454
-0.028004
-0.0278634
-0.0277235
-0.0275842
-0.0274457
-0.0273079
-0.0271708
-0.0270344
-0.0268987
-0.0267637
-0.0266293
-0.0264957
-0.0263627
-0.0262303
-0.0260987
-0.0259677
-0.0258374
-0.0257078
-0.0255788
-0.0254504
-0.0253227
-0.0251957
-0.0250693
-0.0249435
-0.0248184
-0.0246939
-0.02457
-0.0244467
-0.0243241
-0.0242021
-0.0240807
-0.02396
-0.0238398
-0.0237202
-0.0236013
-0.0234829
-0.0233652
-0.023248
-0.0231315
-0.0230155
-0.0229001
-0.0227853
-0.022671
-0.0225574
-0.0224443
-0.0223318
-0.0222198
-0.0221085
-0.0219976
-0.0218874
-0.0217777
-0.0216685
-0.0215599
-0.0214519
-0.0213444
-0.0212374
-0.021131
-0.0210251
-0.0209197
-0.0208149
-0.0207106
-0.0206068
-0.0205035
-0.0204008
-0.0202986
-0.0201969
-0.0200957
-0.019995
-0.0198948
-0.0197952
-0.019696
-0.0195973
-0.0194992
-0.0194015
-0.0193043
-0.0192076
-0.0191114
-0.0190156
-0.0189204
-0.0188256
-0.0187313
-0.0186375
-0.0185442
-0.0184513
-0.0183589
-0.0182669
-0.0181755
-0.0180844
-0.0179939
-0.0179038
-0.0178141
-0.0177249
-0.0176361
-0.0175478
-0.0174599
-0.0173725
-0.0172855
-0.017199
-0.0171129
-0.0170272
-0.0169419
-0.0168571
-0.0167727
-0.0166887
-0.0166052
-0.016522
-0.0164393
-0.016357
-0.0162751
-0.0161936
-0.0161126
-0.0160319
-0.0159516
-0.0158718
-0.0157923
-0.0157133
-0.0156346
-0.0155564
-0.0154785
-0.015401
-0.0153239
-0.0152472
-0.0151709
-0.0150949
-0.0150194
-0.0149442
-0.0148694
-0.014795
-0.0147209
-0.0146473
-0.014574
-0.014501
-0.0144284
-0.0143562
-0.0142844
-0.0142129
-0.0141417
-0.014071
-0.0140006
-0.0139305
-0.0138608
-0.0137914
-0.0137224
-0.0136537
-0.0135854
-0.0135174
-0.0134498
-0.0133824
-0.0133155
-0.0132488
-0.0131825
-0.0131166
-0.0130509
-0.0129856
-0.0129207
-0.012856
-0.0127917
-0.0127277
-0.012664
-0.0126006
-0.0125376
-0.0124748
-0.0124124
-0.0123503
-0.0122885
-0.012227
-0.0121659
-0.012105
-0.0120444
-0.0119842
-0.0119242
-0.0118645
-0.0118052
-0.0117461
-0.0116873
-0.0116289
-0.0115707
-0.0115128
-0.0114552
-0.0113979
-0.0113409
-0.0112841
-0.0112277
-0.0111715
-0.0111156
-0.01106
-0.0110047
-0.0109496
-0.0108948
-0.0108403
-0.0107861
-0.0107322
-0.0106785
-0.010625
-0.0105719
-0.010519
-0.0104664
-0.010414
-0.0103619
-0.0103101
-0.0102585
-0.0102072
-0.0101561
-0.0101053
-0.0100548
-0.0100045
-0.00995445
-0.00990465
-0.00985511
-0.00980581
-0.00975676
-0.00970795
-0.00965939
-0.00961108
-0.009563
-0.00951517
-0.00946757
-0.00942021
-0.00937309
-0.00932621
-0.00927956
-0.00923314
-0.00918696
-0.00914101
-0.00909529
-0.00904979
-0.00900453
-0.00895949
-0.00891468
-0.00887009
-0.00882572
-0.00878158
-0.00873765
-0.00869395
-0.00865047
-0.0086072
-0.00856415
-0.00852131
-0.00847869
-0.00843629
-0.00839409
-0.00835211
-0.00831033
-0.00826877
-0.00822741
-0.00818626
-0.00814532
-0.00810458
-0.00806405
-0.00802372
-0.00798359
-0.00794366
-0.00790393
-0.0078644
-0.00782506
-0.00778593
-0.00774699
-0.00770824
-0.00766969
-0.00763133
-0.00759317
-0.00755519
-0.00751741
-0.00747981
-0.0074424
-0.00740518
-0.00736814
-0.0073313
-0.00729463
-0.00725815
-0.00722185
-0.00718573
-0.00714979
-0.00711404
-0.00707846
-0.00704306
-0.00700784
-0.00697279
-0.00693792
-0.00690322
-0.0068687
-0.00683435
-0.00680017
-0.00676616
-0.00673232
-0.00669866
-0.00666516
-0.00663182
-0.00659866
-0.00656566
-0.00653282
-0.00650015
-0.00646765
-0.0064353
-0.00640312
-0.0063711
-0.00633924
-0.00630754
-0.00627599
-0.00624461
-0.00621338
-0.00618231
-0.00615139
-0.00612063
-0.00609002
-0.00605956
-0.00602926
-0.00599911
-0.00596911
-0.00593926
-0.00590956
-0.00588001
-0.0058506
-0.00582135
-0.00579223
-0.00576327
-0.00573445
-0.00570577
-0.00567724
-0.00564885
-0.0056206
-0.00559249
-0.00556453
-0.0055367
-0.00550901
-0.00548147
-0.00545406
-0.00542678
-0.00539964
-0.00537264
-0.00534578
-0.00531904
-0.00529245
-0.00526598
-0.00523965
-0.00521345
-0.00518738
-0.00516144
-0.00513563
-0.00510995
-0.00508439
-0.00505897
-0.00503367
-0.0050085
-0.00498345
-0.00495853
-0.00493374
-0.00490907
-0.00488452
-0.00486009
-0.00483579
-0.00481161
-0.00478755
-0.00476361
-0.00473979
-0.00471609
-0.0046925
-0.00466904
-0.00464569
-0.00462246
-0.00459935
-0.00457635
-0.00455346
-0.0045307
-0.00450804
-0.0044855
-0.00446307
-0.00444075
-0.00441855
-0.00439645
-0.00437447
-0.00435259
-0.00433083
-0.00430917
-0.00428762
-0.00426619
-0.00424485
-0.00422363
-0.00420251
-0.00418149
-0.00416058
-0.00413978
-0.00411908
-0.00409848
-0.00407799
-0.0040576
-0.00403731
-0.00401712
-0.00399703
-0.00397705
-0.00395716
-0.00393737
-0.00391768
-0.00389809
-0.0038786
-0.00385921
-0.00383991
-0.00382071
-0.00380161
-0.0037826
-0.00376368
-0.00374486
-0.00372614
-0.00370751
-0.00368897
-0.00367052
-0.00365217
-0.00363391
-0.00361574
-0.00359766
-0.00357967
-0.00356177
-0.00354396
-0.00352624
-0.0035086
-0.00349106
-0.0034736
-0.00345624
-0.00343895
-0.00342176
-0.00340465
-0.00338762
-0.00337069
-0.00335383
-0.00333706
-0.00332038
-0.00330377
-0.00328725
-0.00327082
-0.00325446
-0.00323819
-0.003222
-0.00320589
-0.00318986
-0.00317391
-0.00315804
-0.00314224
-0.00312653
-0.0031109
-0.00309534
-0.00307987
-0.00306447
-0.00304914
-0.0030339
-0.00301873
-0.00300363
-0.00298861
-0.00297367
-0.0029588
-0.00294401
-0.00292929
-0.00291464
-0.00290007
-0.00288557
-0.00287114
-0.00285678
-0.0028425
-0.00282828
-0.00281414
-0.00280007
-0.00278607
-0.00277214
-0.00275828
-0.00274449
-0.00273076
-0.00271711
-0.00270352
-0.00269
-0.00267655
-0.00266317
-0.00264986
-0.00263661
-0.00262342
-0.0026103
-0.00259725
-0.00258427
-0.00257135
-0.00255849
-0.0025457
-0.00253297
-0.00252031
-0.00250771
-0.00249517
-0.0024827
-0.00247028
-0.00245793
-0.00244564
-0.00243342
-0.00242125
-0.00240915
-0.0023971
-0.00238512
-0.00237319
-0.00236133
-0.00234952
-0.00233778
-0.00232609
-0.00231446
-0.00230289
-0.00229137
-0.00227992
-0.00226852
-0.00225718
-0.00224589
-0.00223466
-0.00222349
-0.00221238
-0.00220132
-0.00219031
-0.00217936
-0.00216846
-0.00215762
-0.00214683
-0.0021361
-0.00212542
-0.0021148
-0.00210422
-0.0020937
-0.00208323
-0.00207282
-0.00206246
-0.00205215
-0.00204189
-0.00203168
-0.00202152
-0.00201141
-0.00200136
-0.00199135
-0.00198139
-0.00197149
-0.00196163
-0.00195182
-0.00194207
-0.00193236
-0.0019227
-0.00191308
-0.00190352
-0.001894
-0.00188453
-0.00187511
-0.00186574
-0.00185641
-0.00184713
-0.00183789
-0.0018287
-0.00181956
-0.00181046
-0.00180141
-0.00179241
-0.00178344
-0.00177453
-0.00176566
-0.00175683
-0.00174805
-0.00173931
-0.00173061
-0.00172196
-0.00171335
-0.00170478
-0.00169626
-0.00168778
-0.00167934
-0.00167094
-0.00166259
-0.00165428
-0.00164601
-0.00163778
-0.00162959
-0.00162144
-0.00161334
-0.00160527
-0.00159725
-0.00158926
-0.00158131
-0.00157341
-0.00156554
-0.00155771
-0.00154993
-0.00154218
-0.00153447
-0.0015268
-0.00151916
-0.00151157
-0.00150401
-0.00149649
-0.00148901
-0.00148156
-0.00147416
-0.00146679
-0.00145945
-0.00145216
-0.0014449
-0.00143767
-0.00143049
-0.00142333
-0.00141622
-0.00140914
-0.00140209
-0.00139508
-0.00138811
-0.00138117
-0.00137426
-0.00136739
-0.00136056
-0.00135375
-0.00134699
-0.00134025
-0.00133355
-0.00132688
-0.00132025
-0.00131365
-0.00130708
-0.00130055
-0.00129404
-0.00128757
-0.00128114
-0.00127473
-0.00126836
-0.00126202
-0.00125571
-0.00124943
-0.00124318
-0.00123697
-0.00123078
-0.00122463
-0.00121851
-0.00121242
-0.00120636
-0.00120032
-0.00119432
-0.00118835
-0.00118241
-0.0011765
-0.00117062
-0.00116477
-0.00115894
-0.00115315
-0.00114738
-0.00114165
-0.00113594
-0.00113026
-0.00112461
-0.00111899
-0.00111339
-0.00110783
-0.00110229
-0.00109678
-0.00109129
-0.00108584
-0.00108041
-0.00107501
-0.00106963
-0.00106429
-0.00105896
-0.00105367
-0.0010484
-0.00104316
-0.00103795
-0.00103276
-0.00102759
-0.00102246
-0.00101734
-0.00101226
-0.0010072
-0.00100216
-0.000997152
-0.000992167
-0.000987206
-0.000982271
-0.00097736
-0.000972474
-0.000967612
-0.000962775
-0.000957961
-0.000953172
-0.000948407
-0.000943665
-0.000938948
-0.000934253
-0.000929583
-0.000924935
-0.000920311
-0.00091571
-0.000911132
-0.000906577
-0.000902045
-0.000897535
-0.000893048
-0.000888583
-0.000884141
-0.000879721
-0.000875323
-0.000870947
-0.000866593
-0.00086226
-0.000857949
-0.00085366
-0.000849392
-0.000845146
-0.000840921
-0.000836717
-0.000832534
-0.000828372
-0.00082423
-0.00082011
-0.00081601
-0.00081193
-0.000807871
-0.000803832
-0.000799814
-0.000795815
-0.000791837
-0.000787878
-0.000783939
-0.00078002
-0.00077612
-0.00077224
-0.00076838
-0.000764538
-0.000760716
-0.000756913
-0.000753129
-0.000749364
-0.000745618
-0.00074189
-0.000738181
-0.000734491
-0.000730819
-0.000727165
-0.00072353
-0.000719913
-0.000716314
-0.000712733
-0.00070917
-0.000705625
-0.000702097
-0.000698587
-0.000695095
-0.00069162
-0.000688162
-0.000684722
-0.000681299
-0.000677893
-0.000674504
-0.000671132
-0.000667777
-0.000664438
-0.000661117
-0.000657812
-0.000654523
-0.000651251
-0.000647995
-0.000644756
-0.000641533
-0.000638326
-0.000635134
-0.000631959
-0.0006288
-0.000625657
-0.000622529
-0.000619417
-0.00061632
-0.000613239
-0.000610173
-0.000607123
-0.000604088
-0.000601068
-0.000598063
-0.000595074
-0.000592099
-0.000589139
-0.000586194
-0.000583263
-0.000580347
-0.000577446
-0.000574559
-0.000571687
-0.000568829
-0.000565986
-0.000563156
-0.000560341
-0.00055754
-0.000554753
-0.000551979
-0.00054922
-0.000546474
-0.000543743
-0.000541024
-0.00053832
-0.000535629
-0.000532951
-0.000530287
-0.000527636
-0.000524998
-0.000522374
-0.000519762
-0.000517164
-0.000514579
-0.000512007
-0.000509448
-0.000506901
-0.000504367
-0.000501846
-0.000499337
-0.000496841
-0.000494357
-0.000491886
-0.000489427
-0.000486981
-0.000484546
-0.000482124
-0.000479714
-0.000477316
-0.00047493
-0.000472556
-0.000470194
-0.000467844
-0.000465505
-0.000463178
-0.000460863
-0.000458559
-0.000456266
-0.000453986
-0.000451716
-0.000449458
-0.000447211
-0.000444976
-0.000442751
-0.000440538
-0.000438336
-0.000436144
-0.000433964
-0.000431795
-0.000429636
-0.000427489
-0.000425352
-0.000423225
-0.00042111
-0.000419005
-0.00041691
-0.000414826
-0.000412752
-0.000410689
-0.000408636
-0.000406594
-0.000404561
-0.000402539
-0.000400527
-0.000398525
-0.000396533
-0.00039455
-0.000392578
-0.000390616
-0.000388663
-0.000386721
-0.000384787
-0.000382864
-0.00038095
-0.000379046
-0.000377151
-0.000375266
-0.00037339
-0.000371524
-0.000369667
-0.000367819
-0.00036598
-0.000364151
-0.000362331
-0.00036052
-0.000358718
-0.000356924
-0.00035514
-0.000353365
-0.000351599
-0.000349841
-0.000348093
-0.000346353
-0.000344622
-0.000342899
-0.000341185
-0.00033948
-0.000337783
-0.000336094
-0.000334414
-0.000332743
-0.00033108
-0.000329425
-0.000327778
-0.00032614
-0.00032451
-0.000322888
-0.000321274
-0.000319668
-0.00031807
-0.00031648
-0.000314898
-0.000313324
-0.000311758
-0.0003102
-0.000308649
-0.000307107
-0.000305572
-0.000304044
-0.000302525
-0.000301013
-0.000299508
-0.000298011
-0.000296521
-0.000295039
-0.000293565
-0.000292097
-0.000290637
-0.000289185
-0.000287739
-0.000286301
-0.00028487
-0.000283446
-0.00028203
-0.00028062
-0.000279217
-0.000277822
-0.000276433
-0.000275052
-0.000273677
-0.000272309
-0.000270948
-0.000269594
-0.000268246
-0.000266906
-0.000265572
-0.000264244
-0.000262924
-0.00026161
-0.000260302
-0.000259001
-0.000257707
-0.000256419
-0.000255137
-0.000253862
-0.000252593
-0.000251331
-0.000250074
-0.000248825
-0.000247581
-0.000246344
-0.000245112
-0.000243887
-0.000242668
-0.000241456
-0.000240249
-0.000239048
-0.000237853
-0.000236665
-0.000235482
-0.000234305
-0.000233134
-0.000231969
-0.00023081
-0.000229656
-0.000228508
-0.000227366
-0.00022623
-0.000225099
-0.000223974
-0.000222855
-0.000221741
-0.000220633
-0.00021953
-0.000218433
-0.000217342
-0.000216255
-0.000215175
-0.000214099
-0.000213029
-0.000211965
-0.000210905
-0.000209851
-0.000208803
-0.000207759
-0.000206721
-0.000205688
-0.00020466
-0.000203637
-0.000202619
-0.000201607
-0.000200599
-0.000199597
-0.000198599
-0.000197607
-0.000196619
-0.000195637
-0.000194659
-0.000193686
-0.000192719
-0.000191755
-0.000190797
-0.000189844
-0.000188895
-0.000187951
-0.000187012
-0.000186077
-0.000185147
-0.000184222
-0.000183302
-0.000182386
-0.000181474
-0.000180567
-0.000179665
-0.000178767
-0.000177874
-0.000176985
-0.000176101
-0.000175221
-0.000174345
-0.000173474
-0.000172607
-0.000171745
-0.000170886
-0.000170032
-0.000169183
-0.000168337
-0.000167496
-0.000166659
-0.000165826
-0.000164998
-0.000164173
-0.000163353
-0.000162537
-0.000161725
-0.000160917
-0.000160112
-0.000159312
-0.000158516
-0.000157724
-0.000156936
-0.000156152
-0.000155372
-0.000154595
-0.000153823
-0.000153054
-0.00015229
-0.000151529
-0.000150772
-0.000150019
-0.000149269
-0.000148523
-0.000147781
-0.000147043
-0.000146308
-0.000145578
-0.00014485
-0.000144127
-0.000143407
-0.00014269
-0.000141977
-0.000141268
-0.000140562
-0.00013986
-0.000139161
-0.000138466
-0.000137774
-0.000137086
-0.000136401
-0.000135719
-0.000135041
-0.000134367
-0.000133695
-0.000133027
-0.000132363
-0.000131702
-0.000131044
-0.000130389
-0.000129737
-0.000129089
-0.000128444
-0.000127802
-0.000127164
-0.000126528
-0.000125896
-0.000125267
-0.000124641
-0.000124019
-0.000123399
-0.000122782
-0.000122169
-0.000121559
-0.000120951
-0.000120347
-0.000119746
-0.000119148
-0.000118552
-0.00011796
-0.000117371
-0.000116784
-0.000116201
-0.00011562
-0.000115043
-0.000114468
-0.000113896
-0.000113327
-0.000112761
-0.000112198
-0.000111637
-0.00011108
-0.000110525
-0.000109972
-0.000109423
-0.000108877
-0.000108333
-0.000107792
-0.000107253
-0.000106717
-0.000106184
-0.000105654
-0.000105126
-0.000104601
-0.000104078
-0.000103559
-0.000103041
-0.000102527
-0.000102014
-0.000101505
-0.000100998
-0.000100493
-9.99914e-05
-9.9492e-05
-9.8995e-05
-9.85006e-05
-9.80086e-05
-9.7519e-05
-9.7032e-05
-9.65473e-05
-9.60651e-05
-9.55853e-05
-9.51079e-05
-9.46328e-05
-9.41602e-05
-9.36899e-05
-9.3222e-05
-9.27564e-05
-9.22931e-05
-9.18322e-05
-9.13735e-05
-9.09172e-05
-9.04631e-05
-9.00113e-05
-8.95618e-05
-8.91145e-05
-8.86694e-05
-8.82266e-05
-8.7786e-05
-8.73476e-05
-8.69113e-05
-8.64773e-05
-8.60454e-05
-8.56157e-05
-8.51882e-05
-8.47627e-05
-8.43394e-05
-8.39183e-05
-8.34992e-05
-8.30822e-05
-8.26673e-05
-8.22545e-05
-8.18437e-05
-8.1435e-05
-8.10284e-05
-8.06238e-05
-8.02212e-05
-7.98206e-05
-7.9422e-05
-7.90254e-05
-7.86308e-05
-7.82382e-05
-7.78475e-05
-7.74588e-05
-7.7072e-05
-7.66872e-05
-7.63043e-05
-7.59233e-05
-7.55442e-05
-7.5167e-05
-7.47916e-05
-7.44182e-05
-7.40466e-05
-7.36769e-05
-7.33091e-05
-7.2943e-05
-7.25788e-05
-7.22165e-05
-7.18559e-05
-7.14971e-05
-7.11402e-05
-7.0785e-05
-7.04316e-05
-7.008e-05
-6.97301e-05
-6.93819e-05
-6.90356e-05
-6.86909e-05
-6.8348e-05
-6.80067e-05
-6.76672e-05
-6.73294e-05
-6.69933e-05
-6.66588e-05
-6.63261e-05
-6.5995e-05
-6.56655e-05
-6.53377e-05
-6.50115e-05
-6.4687e-05
-6.43641e-05
-6.40428e-05
-6.37231e-05
-6.3405e-05
-6.30885e-05
-6.27736e-05
-6.24602e-05
-6.21484e-05
-6.18382e-05
-6.15295e-05
-6.12224e-05
-6.09168e-05
-6.06127e-05
-6.03102e-05
-6.00092e-05
-5.97096e-05
-5.94116e-05
-5.91151e-05
-5.882e-05
-5.85264e-05
-5.82343e-05
-5.79437e-05
-5.76545e-05
-5.73667e-05
-5.70804e-05
-5.67955e-05
-5.65121e-05
-5.623e-05
-5.59494e-05
-5.56702e-05
-5.53923e-05
-5.51159e-05
-5.48408e-05
-5.45671e-05
-5.42948e-05
-5.40239e-05
-5.37543e-05
-5.3486e-05
-5.32191e-05
-5.29535e-05
-5.26893e-05
-5.24264e-05
-5.21647e-05
-5.19044e-05
-5.16454e-05
-5.13877e-05
-5.11313e-05
-5.08762e-05
-5.06223e-05
-5.03697e-05
-5.01184e-05
-4.98683e-05
-4.96195e-05
-4.93719e-05
-4.91256e-05
-4.88804e-05
-4.86366e-05
-4.83939e-05
-4.81524e-05
-4.79122e-05
-4.76732e-05
-4.74353e-05
-4.71987e-05
-4.69645e-05
-4.67298e-05
-4.64964e-05
-4.62643e-05
-4.60334e-05
-4.58038e-05
-4.55753e-05
-4.53478e-05
-4.51216e-05
-4.48964e-05
-4.46723e-05
-4.44493e-05
-4.42276e-05
-4.4007e-05
-4.37875e-05
-4.35691e-05
-4.33518e-05
-4.31356e-05
-4.29204e-05
-4.27063e-05
-4.24933e-05
-4.22814e-05
-4.20705e-05
-4.18606e-05
-4.16518e-05
-4.14441e-05
-4.12374e-05
-4.10317e-05
-4.08271e-05
-4.06234e-05
-4.04208e-05
-4.02193e-05
-4.00187e-05
-3.98191e-05
-3.96206e-05
-3.9423e-05
-3.92264e-05
-3.90308e-05
-3.88362e-05
-3.86425e-05
-3.84499e-05
-3.82581e-05
-3.80674e-05
-3.78775e-05
-3.76887e-05
-3.75007e-05
-3.73137e-05
-3.71277e-05
-3.69425e-05
-3.67583e-05
-3.6575e-05
-3.63927e-05
-3.62112e-05
-3.60307e-05
-3.5851e-05
-3.56723e-05
-3.54944e-05
-3.53174e-05
-3.51414e-05
-3.49662e-05
-3.47918e-05
-3.46184e-05
-3.44458e-05
-3.42741e-05
-3.41032e-05
-3.39332e-05
-3.3764e-05
-3.35957e-05
-3.34283e-05
-3.32616e-05
-3.30958e-05
-3.29309e-05
-3.27667e-05
-3.26034e-05
-3.24409e-05
-3.22792e-05
-3.21183e-05
-3.19582e-05
-3.17989e-05
-3.16405e-05
-3.14828e-05
-3.13259e-05
-3.11697e-05
-3.10144e-05
-3.08598e-05
-3.07061e-05
-3.0553e-05
-3.04008e-05
-3.02493e-05
-3.00986e-05
-2.99486e-05
-2.97994e-05
-2.96509e-05
-2.95031e-05
-2.93561e-05
-2.92099e-05
-2.90643e-05
-2.89195e-05
-2.87754e-05
-2.86321e-05
-2.84894e-05
-2.83475e-05
-2.82063e-05
-2.80658e-05
-2.7926e-05
-2.77868e-05
-2.76484e-05
-2.75107e-05
-2.73737e-05
-2.72373e-05
-2.71016e-05
-2.69667e-05
-2.68323e-05
-2.66987e-05
-2.65657e-05
-2.64334e-05
-2.63017e-05
-2.61707e-05
-2.60404e-05
-2.59107e-05
-2.57817e-05
-2.56533e-05
-2.55255e-05
-2.53984e-05
-2.52719e-05
-2.51461e-05
-2.50209e-05
-2.48963e-05
-2.47723e-05
-2.4649e-05
-2.45263e-05
-2.44041e-05
-2.42826e-05
-2.41617e-05
-2.40414e-05
-2.39217e-05
-2.38026e-05
-2.36842e-05
-2.35662e-05
-2.34489e-05
-2.33322e-05
-2.32161e-05
-2.31005e-05
-2.29855e-05
-2.28711e-05
-2.27572e-05
-2.2644e-05
-2.25313e-05
-2.24191e-05
-2.23075e-05
-2.21965e-05
-2.2086e-05
-2.19761e-05
-2.18668e-05
-2.17579e-05
-2.16497e-05
-2.15419e-05
-2.14347e-05
-2.13281e-05
-2.1222e-05
-2.11164e-05
-2.10113e-05
-2.09067e-05
-2.08027e-05
-2.06992e-05
-2.05962e-05
-2.04938e-05
-2.03918e-05
-2.02904e-05
-2.01894e-05
-2.0089e-05
-1.99891e-05
-1.98896e-05
-1.97907e-05
-1.96923e-05
-1.95943e-05
-1.94969e-05
-1.93999e-05
-1.93034e-05
-1.92074e-05
-1.91119e-05
-1.90168e-05
-1.89223e-05
-1.88282e-05
-1.87345e-05
-1.86414e-05
-1.85487e-05
-1.84565e-05
-1.83647e-05
-1.82734e-05
-1.81825e-05
-1.80921e-05
-1.80022e-05
-1.79127e-05
-1.78236e-05
-1.7735e-05
-1.76469e-05
-1.75591e-05
-1.74719e-05
-1.7385e-05
-1.72986e-05
-1.72126e-05
-1.71271e-05
-1.70419e-05
-1.69573e-05
-1.6873e-05
-1.67891e-05
-1.67057e-05
-1.66227e-05
-1.65401e-05
-1.64579e-05
-1.63761e-05
-1.62947e-05
-1.62138e-05
-1.61332e-05
-1.60531e-05
-1.59733e-05
-1.5894e-05
-1.5815e-05
-1.57365e-05
-1.56583e-05
-1.55805e-05
-1.55031e-05
-1.54261e-05
-1.53503e-05
-1.5274e-05
-1.5198e-05
-1.51223e-05
-1.5047e-05
-1.49721e-05
-1.48976e-05
-1.48236e-05
-1.47499e-05
-1.46766e-05
-1.46037e-05
-1.45311e-05
-1.44589e-05
-1.43871e-05
-1.43156e-05
-1.42446e-05
-1.41739e-05
-1.41035e-05
-1.40335e-05
-1.39639e-05
-1.38946e-05
-1.38257e-05
-1.37571e-05
-1.36889e-05
-1.3621e-05
-1.35534e-05
-1.34862e-05
-1.34193e-05
-1.33528e-05
-1.32865e-05
-1.32207e-05
-1.31551e-05
-1.30899e-05
-1.30249e-05
-1.29603e-05
-1.28961e-05
-1.28321e-05
-1.27685e-05
-1.27052e-05
-1.26422e-05
-1.25795e-05
-1.25171e-05
-1.24551e-05
-1.23933e-05
-1.23319e-05
-1.22707e-05
-1.22099e-05
-1.21494e-05
-1.20892e-05
-1.20292e-05
-1.19696e-05
-1.19103e-05
-1.18513e-05
-1.17925e-05
-1.17341e-05
-1.16759e-05
-1.16181e-05
-1.15605e-05
-1.15032e-05
-1.14462e-05
-1.13895e-05
-1.13331e-05
-1.12769e-05
-1.1221e-05
-1.11655e-05
-1.11101e-05
-1.10551e-05
-1.10004e-05
-1.09459e-05
-1.08917e-05
-1.08377e-05
-1.0784e-05
-1.07306e-05
-1.06775e-05
-1.06246e-05
-1.0572e-05
-1.05197e-05
-1.04676e-05
-1.04158e-05
-1.03642e-05
-1.03129e-05
-1.02619e-05
-1.02111e-05
-1.01605e-05
-1.01102e-05
-1.00602e-05
-1.00104e-05
-9.96089e-06
-9.9116e-06
-9.86256e-06
-9.81376e-06
-9.7652e-06
-9.71689e-06
-9.66882e-06
-9.62099e-06
-9.5734e-06
-9.52605e-06
-9.47893e-06
-9.43205e-06
-9.3854e-06
-9.33898e-06
-9.2928e-06
-9.24685e-06
-9.20113e-06
-9.15563e-06
-9.11037e-06
-9.06532e-06
-9.02051e-06
-8.97592e-06
-8.93155e-06
-8.8874e-06
-8.84347e-06
-8.79977e-06
-8.75628e-06
-8.713e-06
-8.66995e-06
-8.62711e-06
-8.58448e-06
-8.54207e-06
-8.49987e-06
-8.45788e-06
-8.4161e-06
-8.37452e-06
