2.20515
1.5676
1.2791
1.10174
0.916032
0.748066
0.606191
0.490398
0.39738
-0.364841
-0.357281
-0.349602
-0.341986
-0.334545
-0.327343
-0.32041
-0.313759
-0.30739
-0.301295
-0.295463
-0.289881
-0.284535
-0.279411
-0.274496
-0.269778
-0.265244
-0.260885
-0.256689
-0.252646
-0.24875
-0.24499
-0.24136
-0.237852
-0.23446
-0.231179
-0.228001
-0.224922
-0.221937
-0.219041
-0.216231
-0.213501
-0.210849
-0.20827
-0.205761
-0.20332
-0.200943
-0.198627
-0.19637
-0.194169
-0.192023
-0.189928
-0.187884
-0.185887
-0.183936
-0.182029
-0.180164
-0.178341
-0.176557
-0.174812
-0.173102
-0.171429
-0.169789
-0.168182
-0.166608
-0.165064
-0.163549
-0.162064
-0.160606
-0.159176
-0.157771
-0.156392
-0.155037
-0.153706
-0.152398
-0.151113
-0.149849
-0.148606
-0.147384
-0.146182
-0.144999
-0.143835
-0.142689
-0.14156
-0.140449
-0.139355
-0.138277
-0.137216
-0.136169
-0.135138
-0.134121
-0.133119
-0.132131
-0.131156
-0.130195
-0.129247
-0.128311
-0.127387
-0.126476
-0.125577
-0.124688
-0.123812
-0.122946
-0.122091
-0.121246
-0.120411
-0.119587
-0.118772
-0.117967
-0.117171
-0.116385
-0.115607
-0.114838
-0.114078
-0.113326
-0.112583
-0.111847
-0.11112
-0.1104
-0.109688
-0.108983
-0.108285
-0.107595
-0.106912
-0.106235
-0.105566
-0.104903
-0.104246
-0.103596
-0.102952
-0.102315
-0.101683
-0.101057
-0.100438
-0.0998236
-0.0992152
-0.0986123
-0.0980149
-0.0974229
-0.0968361
-0.0962545
-0.095678
-0.0951065
-0.09454
-0.0939783
-0.0934214
-0.0928693
-0.0923217
-0.0917787
-0.0912403
-0.0907062
-0.0901765
-0.0896511
-0.08913
-0.088613
-0.0881001
-0.0875913
-0.0870865
-0.0865856
-0.0860886
-0.0855955
-0.0851061
-0.0846205
-0.0841385
-0.0836602
-0.0831855
-0.0827143
-0.0822466
-0.0817823
-0.0813215
-0.080864
-0.0804098
-0.0799589
-0.0795113
-0.0790668
-0.0786256
-0.0781874
-0.0777523
-0.0773203
-0.0768913
-0.0764652
-0.0760422
-0.075622
-0.0752047
-0.0747902
-0.0743786
-0.0739698
-0.0735637
-0.0731603
-0.0727596
-0.0723616
-0.0719663
-0.0715735
-0.0711834
-0.0707958
-0.0704107
-0.0700281
-0.0696481
-0.0692704
-0.0688953
-0.0685225
-0.0681521
-0.067784
-0.0674183
-0.067055
-0.0666939
-0.0663351
-0.0659785
-0.0656242
-0.0652721
-0.0649222
-0.0645744
-0.0642288
-0.0638853
-0.063544
-0.0632047
-0.0628676
-0.0625324
-0.0621993
-0.0618683
-0.0615392
-0.0612122
-0.0608871
-0.0605639
-0.0602427
-0.0599235
-0.0596061
-0.0592906
-0.058977
-0.0586653
-0.0583554
-0.0580473
-0.057741
-0.0574366
-0.0571339
-0.056833
-0.0565339
-0.0562365
-0.0559409
-0.055647
-0.0553547
-0.0550642
-0.0547754
-0.0544882
-0.0542026
-0.0539188
-0.0536365
-0.0533559
-0.0530769
-0.0527994
-0.0525236
-0.0522493
-0.0519766
-0.0517054
-0.0514358
-0.0511677
-0.0509011
-0.050636
-0.0503724
-0.0501103
-0.0498497
-0.0495906
-0.0493329
-0.0490766
-0.0488218
-0.0485684
-0.0483164
-0.0480658
-0.0478166
-0.0475688
-0.0473224
-0.0470773
-0.0468336
-0.0465913
-0.0463502
-0.0461106
-0.0458722
-0.0456352
-0.0453994
-0.045165
-0.0449318
-0.0446999
-0.0444693
-0.04424
-0.0440119
-0.0437851
-0.0435595
-0.0433351
-0.0431119
-0.04289
-0.0426693
-0.0424498
-0.0422314
-0.0420143
-0.0417983
-0.0415835
-0.0413699
-0.0411574
-0.0409461
-0.0407359
-0.0405268
-0.0403189
-0.0401121
-0.0399064
-0.0397018
-0.0394983
-0.0392959
-0.0390946
-0.0388944
-0.0386952
-0.0384971
-0.0383001
-0.0381041
-0.0379092
-0.0377153
-0.0375224
-0.0373306
-0.0371398
-0.03695
-0.0367612
-0.0365735
-0.0363867
-0.0362009
-0.0360161
-0.0358323
-0.0356495
-0.0354676
-0.0352867
-0.0351068
-0.0349278
-0.0347497
-0.0345726
-0.0343964
-0.0342212
-0.0340469
-0.0338735
-0.033701
-0.0335294
-0.0333588
-0.033189
-0.0330201
-0.0328521
-0.032685
-0.0325188
-0.0323534
-0.032189
-0.0320253
-0.0318626
-0.0317007
-0.0315396
-0.0313794
-0.03122
-0.0310614
-0.0309037
-0.0307468
-0.0305908
-0.0304355
-0.0302811
-0.0301274
-0.0299746
-0.0298225
-0.0296713
-0.0295208
-0.0293711
-0.0292222
-0.0290741
-0.0289267
-0.0287802
-0.0286343
-0.0284893
-0.028345
-0.0282014
-0.0280586
-0.0279165
-0.0277751
-0.0276345
-0.0274947
-0.0273555
-0.0272171
-0.0270793
-0.0269423
-0.026806
-0.0266705
-0.0265356
-0.0264014
-0.0262679
-0.0261351
-0.0260029
-0.0258715
-0.0257407
-0.0256106
-0.0254812
-0.0253525
-0.0252244
-0.025097
-0.0249702
-0.0248441
-0.0247186
-0.0245938
-0.0244696
-0.0243461
-0.0242232
-0.0241009
-0.0239793
-0.0238582
-0.0237378
-0.0236181
-0.0234989
-0.0233803
-0.0232624
-0.0231451
-0.0230283
-0.0229122
-0.0227967
-0.0226817
-0.0225673
-0.0224536
-0.0223404
-0.0222278
-0.0221157
-0.0220043
-0.0218934
-0.0217831
-0.0216733
-0.0215641
-0.0214555
-0.0213474
-0.0212398
-0.0211329
-0.0210264
-0.0209205
-0.0208152
-0.0207104
-0.0206061
-0.0205024
-0.0203991
-0.0202964
-0.0201943
-0.0200926
-0.0199915
-0.0198909
-0.0197908
-0.0196912
-0.0195921
-0.0194936
-0.0193955
-0.0192979
-0.0192008
-0.0191043
-0.0190082
-0.0189126
-0.0188174
-0.0187228
-0.0186287
-0.018535
-0.0184418
-0.0183491
-0.0182568
-0.018165
-0.0180737
-0.0179829
-0.0178925
-0.0178025
-0.0177131
-0.0176241
-0.0175355
-0.0174474
-0.0173597
-0.0172725
-0.0171857
-0.0170993
-0.0170134
-0.016928
-0.0168429
-0.0167583
-0.0166741
-0.0165904
-0.0165071
-0.0164242
-0.0163417
-0.0162596
-0.016178
-0.0160967
-0.0160159
-0.0159355
-0.0158555
-0.0157759
-0.0156967
-0.0156179
-0.0155395
-0.0154615
-0.0153839
-0.0153067
-0.0152298
-0.0151534
-0.0150773
-0.0150017
-0.0149264
-0.0148515
-0.014777
-0.0147028
-0.014629
-0.0145556
-0.0144826
-0.0144099
-0.0143377
-0.0142657
-0.0141942
-0.014123
-0.0140521
-0.0139816
-0.0139115
-0.0138417
-0.0137723
-0.0137032
-0.0136345
-0.0135661
-0.0134981
-0.0134304
-0.013363
-0.013296
-0.0132294
-0.013163
-0.013097
-0.0130314
-0.012966
-0.012901
-0.0128363
-0.012772
-0.0127079
-0.0126442
-0.0125809
-0.0125178
-0.012455
-0.0123926
-0.0123305
-0.0122687
-0.0122072
-0.012146
-0.0120851
-0.0120246
-0.0119643
-0.0119043
-0.0118447
-0.0117853
-0.0117263
-0.0116675
-0.011609
-0.0115509
-0.011493
-0.0114354
-0.0113781
-0.0113211
-0.0112644
-0.0112079
-0.0111518
-0.0110959
-0.0110403
-0.010985
-0.01093
-0.0108752
-0.0108207
-0.0107665
-0.0107126
-0.0106589
-0.0106055
-0.0105524
-0.0104996
-0.010447
-0.0103947
-0.0103426
-0.0102908
-0.0102392
-0.010188
-0.0101369
-0.0100862
-0.0100357
-0.00998539
-0.00993539
-0.00988563
-0.00983613
-0.00978687
-0.00973786
-0.0096891
-0.00964058
-0.0095923
-0.00954427
-0.00949648
-0.00944893
-0.00940162
-0.00935454
-0.00930771
-0.0092611
-0.00921473
-0.0091686
-0.00912269
-0.00907702
-0.00903157
-0.00898636
-0.00894137
-0.0088966
-0.00885207
-0.00880775
-0.00876366
-0.00871978
-0.00867613
-0.0086327
-0.00858949
-0.00854649
-0.00850371
-0.00846114
-0.00841879
-0.00837664
-0.00833471
-0.008293
-0.00825149
-0.00821018
-0.00816909
-0.0081282
-0.00808752
-0.00804704
-0.00800676
-0.00796669
-0.00792681
-0.00788714
-0.00784767
-0.00780839
-0.00776931
-0.00773043
-0.00769174
-0.00765324
-0.00761494
-0.00757683
-0.00753892
-0.00750119
-0.00746365
-0.0074263
-0.00738913
-0.00735216
-0.00731536
-0.00727876
-0.00724233
-0.00720609
-0.00717003
-0.00713415
-0.00709845
-0.00706293
-0.00702759
-0.00699243
-0.00695744
-0.00692263
-0.00688799
-0.00685352
-0.00681923
-0.00678511
-0.00675116
-0.00671738
-0.00668377
-0.00665033
-0.00661705
-0.00658395
-0.006551
-0.00651823
-0.00648561
-0.00645317
-0.00642088
-0.00638875
-0.00635679
-0.00632499
-0.00629334
-0.00626186
-0.00623053
-0.00619936
-0.00616834
-0.00613748
-0.00610678
-0.00607623
-0.00604583
-0.00601558
-0.00598549
-0.00595555
-0.00592575
-0.00589611
-0.00586661
-0.00583726
-0.00580806
-0.00577901
-0.0057501
-0.00572133
-0.00569271
-0.00566423
-0.0056359
-0.00560771
-0.00557966
-0.00555174
-0.00552397
-0.00549634
-0.00546885
-0.00544149
-0.00541427
-0.00538719
-0.00536024
-0.00533343
-0.00530675
-0.0052802
-0.00525379
-0.00522751
-0.00520137
-0.00517535
-0.00514946
-0.0051237
-0.00509808
-0.00507258
-0.0050472
-0.00502196
-0.00499684
-0.00497185
-0.00494698
-0.00492223
-0.00489761
-0.00487312
-0.00484874
-0.00482449
-0.00480036
-0.00477635
-0.00475246
-0.00472869
-0.00470504
-0.00468151
-0.00465809
-0.0046348
-0.00461161
-0.00458855
-0.0045656
-0.00454277
-0.00452004
-0.00449744
-0.00447494
-0.00445256
-0.00443029
-0.00440814
-0.00438609
-0.00436415
-0.00434233
-0.00432061
-0.004299
-0.0042775
-0.00425611
-0.00423482
-0.00421364
-0.00419257
-0.0041716
-0.00415074
-0.00412998
-0.00410933
-0.00408878
-0.00406833
-0.00404798
-0.00402774
-0.00400759
-0.00398755
-0.00396761
-0.00394777
-0.00392802
-0.00390838
-0.00388883
-0.00386939
-0.00385004
-0.00383078
-0.00381162
-0.00379256
-0.0037736
-0.00375473
-0.00373595
-0.00371727
-0.00369868
-0.00368018
-0.00366178
-0.00364346
-0.00362524
-0.00360711
-0.00358908
-0.00357113
-0.00355327
-0.0035355
-0.00351782
-0.00350023
-0.00348272
-0.00346531
-0.00344798
-0.00343074
-0.00341358
-0.00339651
-0.00337953
-0.00336263
-0.00334581
-0.00332908
-0.00331243
-0.00329587
-0.00327939
-0.00326299
-0.00324667
-0.00323044
-0.00321428
-0.00319821
-0.00318222
-0.0031663
-0.00315047
-0.00313472
-0.00311904
-0.00310344
-0.00308792
-0.00307248
-0.00305712
-0.00304183
-0.00302662
-0.00301149
-0.00299643
-0.00298145
-0.00296654
-0.0029517
-0.00293694
-0.00292226
-0.00290764
-0.00289311
-0.00287864
-0.00286424
-0.00284992
-0.00283567
-0.00282149
-0.00280738
-0.00279335
-0.00277938
-0.00276548
-0.00275165
-0.00273789
-0.0027242
-0.00271058
-0.00269703
-0.00268354
-0.00267012
-0.00265677
-0.00264349
-0.00263027
-0.00261712
-0.00260403
-0.00259101
-0.00257805
-0.00256516
-0.00255234
-0.00253958
-0.00252688
-0.00251424
-0.00250167
-0.00248916
-0.00247672
-0.00246433
-0.00245201
-0.00243975
-0.00242755
-0.00241541
-0.00240333
-0.00239132
-0.00237936
-0.00236746
-0.00235563
-0.00234385
-0.00233213
-0.00232047
-0.00230886
-0.00229732
-0.00228583
-0.0022744
-0.00226303
-0.00225172
-0.00224046
-0.00222926
-0.00221811
-0.00220702
-0.00219598
-0.002185
-0.00217408
-0.00216321
-0.00215239
-0.00214163
-0.00213092
-0.00212027
-0.00210967
-0.00209912
-0.00208862
-0.00207818
-0.00206779
-0.00205745
-0.00204716
-0.00203693
-0.00202674
-0.00201661
-0.00200653
-0.00199649
-0.00198651
-0.00197658
-0.0019667
-0.00195686
-0.00194708
-0.00193734
-0.00192766
-0.00191802
-0.00190843
-0.00189889
-0.00188939
-0.00187995
-0.00187055
-0.00186119
-0.00185189
-0.00184263
-0.00183342
-0.00182425
-0.00181513
-0.00180605
-0.00179702
-0.00178804
-0.0017791
-0.0017702
-0.00176135
-0.00175255
-0.00174378
-0.00173506
-0.00172639
-0.00171776
-0.00170917
-0.00170062
-0.00169212
-0.00168366
-0.00167524
-0.00166687
-0.00165853
-0.00165024
-0.00164199
-0.00163378
-0.00162561
-0.00161749
-0.0016094
-0.00160135
-0.00159335
-0.00158538
-0.00157745
-0.00156957
-0.00156172
-0.00155391
-0.00154614
-0.00153841
-0.00153072
-0.00152307
-0.00151545
-0.00150787
-0.00150034
-0.00149283
-0.00148537
-0.00147794
-0.00147055
-0.0014632
-0.00145589
-0.00144861
-0.00144137
-0.00143416
-0.00142699
-0.00141985
-0.00141276
-0.00140569
-0.00139866
-0.00139167
-0.00138471
-0.00137779
-0.0013709
-0.00136405
-0.00135723
-0.00135044
-0.00134369
-0.00133697
-0.00133029
-0.00132364
-0.00131702
-0.00131044
-0.00130389
-0.00129737
-0.00129088
-0.00128443
-0.001278
-0.00127162
-0.00126526
-0.00125893
-0.00125264
-0.00124638
-0.00124014
-0.00123394
-0.00122777
-0.00122164
-0.00121553
-0.00120945
-0.00120341
-0.00119739
-0.0011914
-0.00118545
-0.00117952
-0.00117362
-0.00116776
-0.00116192
-0.00115611
-0.00115033
-0.00114458
-0.00113885
-0.00113316
-0.0011275
-0.00112186
-0.00111625
-0.00111067
-0.00110512
-0.00109959
-0.0010941
-0.00108863
-0.00108318
-0.00107777
-0.00107238
-0.00106702
-0.00106168
-0.00105638
-0.00105109
-0.00104584
-0.00104061
-0.00103541
-0.00103023
-0.00102508
-0.00101996
-0.00101486
-0.00100978
-0.00100474
-0.000999713
-0.000994715
-0.000989742
-0.000984794
-0.000979871
-0.000974972
-0.000970098
-0.000965248
-0.000960423
-0.000955621
-0.000950844
-0.00094609
-0.000941361
-0.000936654
-0.000931972
-0.000927313
-0.000922677
-0.000918064
-0.000913474
-0.000908908
-0.000904364
-0.000899843
-0.000895344
-0.000890868
-0.000886415
-0.000881983
-0.000877574
-0.000873187
-0.000868821
-0.000864478
-0.000860156
-0.000855856
-0.000851578
-0.00084732
-0.000843085
-0.00083887
-0.000834676
-0.000830503
-0.000826352
-0.000822221
-0.00081811
-0.00081402
-0.000809951
-0.000805902
-0.000801873
-0.000797864
-0.000793876
-0.000789907
-0.000785958
-0.000782029
-0.00077812
-0.00077423
-0.000770359
-0.000766508
-0.000762676
-0.000758864
-0.00075507
-0.000751295
-0.00074754
-0.000743803
-0.000740084
-0.000736385
-0.000732703
-0.000729041
-0.000725396
-0.00072177
-0.000718162
-0.000714572
-0.000710999
-0.000707445
-0.000703909
-0.00070039
-0.000696888
-0.000693405
-0.000689938
-0.000686489
-0.000683058
-0.000679643
-0.000676246
-0.000672865
-0.000669501
-0.000666155
-0.000662825
-0.000659511
-0.000656214
-0.000652934
-0.00064967
-0.000646422
-0.000643191
-0.000639976
-0.000636777
-0.000633593
-0.000630426
-0.000627275
-0.000624139
-0.000621019
-0.000617915
-0.000614826
-0.000611752
-0.000608694
-0.000605652
-0.000602624
-0.000599612
-0.000596614
-0.000593632
-0.000590664
-0.000587712
-0.000584774
-0.000581851
-0.000578942
-0.000576048
-0.000573169
-0.000570304
-0.000567453
-0.000564616
-0.000561794
-0.000558986
-0.000556192
-0.000553411
-0.000550645
-0.000547892
-0.000545154
-0.000542429
-0.000539717
-0.000537019
-0.000534335
-0.000531664
-0.000529006
-0.000526362
-0.000523731
-0.000521113
-0.000518508
-0.000515916
-0.000513338
-0.000510772
-0.000508219
-0.000505679
-0.000503151
-0.000500636
-0.000498133
-0.000495644
-0.000493166
-0.000490701
-0.000488248
-0.000485808
-0.000483379
-0.000480963
-0.000478559
-0.000476167
-0.000473787
-0.000471419
-0.000469063
-0.000466718
-0.000464385
-0.000462064
-0.000459755
-0.000457457
-0.00045517
-0.000452895
-0.000450631
-0.000448379
-0.000446137
-0.000443907
-0.000441688
-0.000439481
-0.000437284
-0.000435098
-0.000432923
-0.000430759
-0.000428606
-0.000426464
-0.000424332
-0.000422211
-0.000420101
-0.000418001
-0.000415912
-0.000413833
-0.000411764
-0.000409706
-0.000407658
-0.000405621
-0.000403594
-0.000401576
-0.000399569
-0.000397572
-0.000395585
-0.000393608
-0.00039164
-0.000389683
-0.000387735
-0.000385797
-0.000383869
-0.00038195
-0.000380041
-0.000378142
-0.000376252
-0.000374371
-0.0003725
-0.000370638
-0.000368786
-0.000366943
-0.000365109
-0.000363284
-0.000361468
-0.000359662
-0.000357864
-0.000356075
-0.000354296
-0.000352525
-0.000350763
-0.00034901
-0.000347266
-0.00034553
-0.000343803
-0.000342085
-0.000340375
-0.000338674
-0.000336981
-0.000335297
-0.000333621
-0.000331954
-0.000330295
-0.000328644
-0.000327002
-0.000325367
-0.000323741
-0.000322123
-0.000320513
-0.000318912
-0.000317318
-0.000315732
-0.000314154
-0.000312584
-0.000311022
-0.000309467
-0.000307921
-0.000306382
-0.000304851
-0.000303327
-0.000301811
-0.000300303
-0.000298802
-0.000297309
-0.000295823
-0.000294345
-0.000292874
-0.00029141
-0.000289954
-0.000288505
-0.000287063
-0.000285628
-0.000284201
-0.000282781
-0.000281367
-0.000279961
-0.000278562
-0.00027717
-0.000275785
-0.000274407
-0.000273035
-0.000271671
-0.000270313
-0.000268963
-0.000267618
-0.000266281
-0.00026495
-0.000263626
-0.000262309
-0.000260998
-0.000259694
-0.000258396
-0.000257105
-0.00025582
-0.000254542
-0.00025327
-0.000252004
-0.000250745
-0.000249492
-0.000248245
-0.000247005
-0.00024577
-0.000244542
-0.00024332
-0.000242104
-0.000240894
-0.000239691
-0.000238493
-0.000237301
-0.000236115
-0.000234936
-0.000233762
-0.000232594
-0.000231431
-0.000230275
-0.000229124
-0.000227979
-0.00022684
-0.000225707
-0.000224579
-0.000223457
-0.00022234
-0.000221229
-0.000220124
-0.000219024
-0.000217929
-0.000216841
-0.000215757
-0.000214679
-0.000213606
-0.000212539
-0.000211477
-0.00021042
-0.000209369
-0.000208323
-0.000207282
-0.000206246
-0.000205216
-0.00020419
-0.00020317
-0.000202155
-0.000201145
-0.00020014
-0.00019914
-0.000198145
-0.000197155
-0.00019617
-0.00019519
-0.000194215
-0.000193244
-0.000192279
-0.000191318
-0.000190362
-0.000189411
-0.000188465
-0.000187523
-0.000186586
-0.000185654
-0.000184727
-0.000183804
-0.000182885
-0.000181972
-0.000181063
-0.000180158
-0.000179258
-0.000178362
-0.000177471
-0.000176585
-0.000175702
-0.000174825
-0.000173951
-0.000173082
-0.000172218
-0.000171357
-0.000170501
-0.000169649
-0.000168802
-0.000167959
-0.000167119
-0.000166285
-0.000165454
-0.000164627
-0.000163805
-0.000162987
-0.000162172
-0.000161362
-0.000160556
-0.000159754
-0.000158956
-0.000158162
-0.000157372
-0.000156586
-0.000155804
-0.000155025
-0.000154251
-0.00015348
-0.000152714
-0.000151951
-0.000151192
-0.000150437
-0.000149686
-0.000148938
-0.000148194
-0.000147454
-0.000146717
-0.000145984
-0.000145255
-0.00014453
-0.000143808
-0.00014309
-0.000142375
-0.000141664
-0.000140957
-0.000140252
-0.000139552
-0.000138855
-0.000138161
-0.000137471
-0.000136785
-0.000136102
-0.000135422
-0.000134746
-0.000134073
-0.000133403
-0.000132737
-0.000132074
-0.000131414
-0.000130758
-0.000130105
-0.000129455
-0.000128808
-0.000128165
-0.000127525
-0.000126888
-0.000126254
-0.000125623
-0.000124996
-0.000124372
-0.00012375
-0.000123132
-0.000122517
-0.000121905
-0.000121296
-0.000120691
-0.000120088
-0.000119488
-0.000118891
-0.000118298
-0.000117707
-0.000117119
-0.000116534
-0.000115952
-0.000115373
-0.000114797
-0.000114223
-0.000113653
-0.000113085
-0.000112521
-0.000111959
-0.0001114
-0.000110843
-0.00011029
-0.000109739
-0.000109191
-0.000108646
-0.000108103
-0.000107564
-0.000107027
-0.000106492
-0.00010596
-0.000105431
-0.000104905
-0.000104381
-0.00010386
-0.000103341
-0.000102825
-0.000102312
-0.000101801
-0.000101293
-0.000100787
-0.000100284
-9.9783e-05
-9.92848e-05
-9.87891e-05
-9.82959e-05
-9.78051e-05
-9.73168e-05
-9.68309e-05
-9.63475e-05
-9.58665e-05
-9.53879e-05
-9.49116e-05
-9.44378e-05
-9.39663e-05
-9.34972e-05
-9.30304e-05
-9.2566e-05
-9.21039e-05
-9.16441e-05
-9.11866e-05
-9.07314e-05
-9.02784e-05
-8.98278e-05
-8.93794e-05
-8.89332e-05
-8.84892e-05
-8.80475e-05
-8.7608e-05
-8.71707e-05
-8.67355e-05
-8.63026e-05
-8.58718e-05
-8.54432e-05
-8.50167e-05
-8.45923e-05
-8.41701e-05
-8.37499e-05
-8.33319e-05
-8.2916e-05
-8.25021e-05
-8.20903e-05
-8.16806e-05
-8.12729e-05
-8.08673e-05
-8.04637e-05
-8.00621e-05
-7.96625e-05
-7.92649e-05
-7.88693e-05
-7.84757e-05
-7.8084e-05
-7.76943e-05
-7.73066e-05
-7.69207e-05
-7.65369e-05
-7.61549e-05
-7.57749e-05
-7.53967e-05
-7.50204e-05
-7.46461e-05
-7.42736e-05
-7.39029e-05
-7.35341e-05
-7.31672e-05
-7.28021e-05
-7.24388e-05
-7.20773e-05
-7.17176e-05
-7.13598e-05
-7.10037e-05
-7.06494e-05
-7.02969e-05
-6.99461e-05
-6.95971e-05
-6.92498e-05
-6.89043e-05
-6.85605e-05
-6.82184e-05
-6.78781e-05
-6.75394e-05
-6.72024e-05
-6.68671e-05
-6.65335e-05
-6.62016e-05
-6.58713e-05
-6.55427e-05
-6.52157e-05
-6.48903e-05
-6.45666e-05
-6.42445e-05
-6.3924e-05
-6.36051e-05
-6.32878e-05
-6.29721e-05
-6.26579e-05
-6.23454e-05
-6.20344e-05
-6.17249e-05
-6.1417e-05
-6.11106e-05
-6.08058e-05
-6.05025e-05
-6.02007e-05
-5.99004e-05
-5.96016e-05
-5.93044e-05
-5.90086e-05
-5.87142e-05
-5.84214e-05
-5.813e-05
-5.78401e-05
-5.75516e-05
-5.72646e-05
-5.6979e-05
-5.66948e-05
-5.6412e-05
-5.61307e-05
-5.58508e-05
-5.55722e-05
-5.52951e-05
-5.50193e-05
-5.4745e-05
-5.4472e-05
-5.42003e-05
-5.393e-05
-5.36611e-05
-5.33935e-05
-5.31273e-05
-5.28624e-05
-5.25988e-05
-5.23365e-05
-5.20755e-05
-5.18159e-05
-5.15575e-05
-5.13005e-05
-5.10447e-05
-5.07902e-05
-5.05369e-05
-5.0285e-05
-5.00343e-05
-4.97848e-05
-4.95366e-05
-4.92897e-05
-4.90439e-05
-4.87994e-05
-4.85562e-05
-4.83141e-05
-4.80732e-05
-4.78336e-05
-4.75951e-05
-4.73579e-05
-4.71231e-05
-4.68879e-05
-4.66539e-05
-4.64212e-05
-4.61897e-05
-4.59595e-05
-4.57304e-05
-4.55024e-05
-4.52756e-05
-4.50498e-05
-4.48252e-05
-4.46016e-05
-4.43793e-05
-4.41582e-05
-4.39381e-05
-4.37192e-05
-4.35013e-05
-4.32846e-05
-4.30689e-05
-4.28542e-05
-4.26407e-05
-4.24282e-05
-4.22168e-05
-4.20064e-05
-4.17971e-05
-4.15888e-05
-4.13816e-05
-4.11754e-05
-4.09702e-05
-4.07661e-05
-4.0563e-05
-4.03609e-05
-4.01598e-05
-3.99597e-05
-3.97607e-05
-3.95626e-05
-3.93655e-05
-3.91694e-05
-3.89743e-05
-3.87802e-05
-3.8587e-05
-3.83948e-05
-3.82036e-05
-3.80133e-05
-3.78239e-05
-3.76355e-05
-3.7448e-05
-3.72615e-05
-3.70759e-05
-3.68912e-05
-3.67075e-05
-3.65247e-05
-3.63427e-05
-3.61617e-05
-3.59816e-05
-3.58024e-05
-3.56241e-05
-3.54467e-05
-3.52702e-05
-3.50945e-05
-3.49198e-05
-3.47459e-05
-3.45729e-05
-3.44007e-05
-3.42294e-05
-3.4059e-05
-3.38894e-05
-3.37206e-05
-3.35528e-05
-3.33857e-05
-3.32195e-05
-3.30541e-05
-3.28895e-05
-3.27258e-05
-3.25629e-05
-3.24008e-05
-3.22395e-05
-3.2079e-05
-3.19193e-05
-3.17604e-05
-3.16024e-05
-3.14451e-05
-3.12885e-05
-3.11328e-05
-3.09779e-05
-3.08237e-05
-3.06703e-05
-3.05176e-05
-3.03658e-05
-3.02147e-05
-3.00643e-05
-2.99147e-05
-2.97658e-05
-2.96177e-05
-2.94703e-05
-2.93237e-05
-2.91778e-05
-2.90326e-05
-2.88882e-05
-2.87445e-05
-2.86015e-05
-2.84592e-05
-2.83176e-05
-2.81767e-05
-2.80366e-05
-2.78971e-05
-2.77583e-05
-2.76203e-05
-2.74829e-05
-2.73462e-05
-2.72102e-05
-2.70748e-05
-2.69402e-05
-2.68062e-05
-2.66729e-05
-2.65402e-05
-2.64082e-05
-2.62769e-05
-2.61463e-05
-2.60162e-05
-2.58869e-05
-2.57582e-05
-2.56301e-05
-2.55026e-05
-2.53758e-05
-2.52497e-05
-2.51242e-05
-2.49992e-05
-2.4875e-05
-2.47513e-05
-2.46283e-05
-2.45058e-05
-2.4384e-05
-2.42628e-05
-2.41422e-05
-2.40222e-05
-2.39028e-05
-2.3784e-05
-2.36658e-05
-2.35482e-05
-2.34312e-05
-2.33148e-05
-2.31989e-05
-2.30836e-05
-2.29689e-05
-2.28548e-05
-2.27412e-05
-2.26282e-05
-2.25158e-05
-2.24039e-05
-2.22926e-05
-2.21819e-05
-2.20717e-05
-2.19621e-05
-2.1853e-05
-2.17444e-05
-2.16364e-05
-2.15289e-05
-2.1422e-05
-2.13156e-05
-2.12098e-05
-2.11044e-05
-2.09996e-05
-2.08953e-05
-2.07916e-05
-2.06883e-05
-2.05856e-05
-2.04834e-05
-2.03817e-05
-2.02805e-05
-2.01798e-05
-2.00796e-05
-1.99799e-05
-1.98807e-05
-1.97821e-05
-1.96839e-05
-1.95862e-05
-1.94889e-05
-1.93922e-05
-1.9296e-05
-1.92002e-05
-1.91049e-05
-1.90101e-05
-1.89158e-05
-1.88219e-05
-1.87285e-05
-1.86356e-05
-1.85431e-05
-1.84511e-05
-1.83596e-05
-1.82685e-05
-1.81779e-05
-1.80877e-05
-1.7998e-05
-1.79087e-05
-1.78199e-05
-1.77315e-05
-1.76435e-05
-1.7556e-05
-1.7469e-05
-1.73823e-05
-1.72961e-05
-1.72104e-05
-1.7125e-05
-1.70401e-05
-1.69556e-05
-1.68716e-05
-1.67879e-05
-1.67047e-05
-1.66219e-05
-1.65395e-05
-1.64575e-05
-1.63759e-05
-1.62948e-05
-1.6214e-05
-1.61337e-05
-1.60537e-05
-1.59741e-05
-1.5895e-05
-1.58162e-05
-1.57379e-05
-1.56599e-05
-1.55823e-05
-1.55051e-05
-1.54283e-05
-1.53527e-05
-1.52766e-05
-1.52007e-05
-1.51252e-05
-1.50501e-05
-1.49754e-05
-1.49011e-05
-1.48272e-05
-1.47537e-05
-1.46806e-05
-1.46079e-05
-1.45355e-05
-1.44635e-05
-1.43918e-05
-1.43206e-05
-1.42497e-05
-1.41791e-05
-1.4109e-05
-1.40392e-05
-1.39697e-05
-1.39006e-05
-1.38318e-05
-1.37634e-05
-1.36954e-05
-1.36276e-05
-1.35602e-05
-1.34932e-05
-1.34265e-05
-1.33601e-05
-1.3294e-05
-1.32283e-05
-1.31629e-05
-1.30978e-05
-1.30331e-05
-1.29686e-05
-1.29045e-05
-1.28407e-05
-1.27773e-05
-1.27141e-05
-1.26513e-05
-1.25887e-05
-1.25265e-05
-1.24646e-05
-1.2403e-05
-1.23417e-05
-1.22807e-05
-1.222e-05
-1.21597e-05
-1.20996e-05
-1.20398e-05
-1.19803e-05
-1.19212e-05
-1.18623e-05
-1.18037e-05
-1.17454e-05
-1.16874e-05
-1.16297e-05
-1.15722e-05
-1.15151e-05
-1.14582e-05
-1.14017e-05
-1.13454e-05
-1.12894e-05
-1.12336e-05
-1.11782e-05
-1.1123e-05
-1.10681e-05
-1.10135e-05
-1.09591e-05
-1.09051e-05
-1.08513e-05
-1.07977e-05
-1.07444e-05
-1.06914e-05
-1.06387e-05
-1.05862e-05
-1.0534e-05
-1.04821e-05
-1.04304e-05
-1.03789e-05
-1.03277e-05
-1.02768e-05
-1.02262e-05
-1.01757e-05
-1.01256e-05
-1.00757e-05
-1.0026e-05
-9.97659e-06
