4877.49
0.823818
0.820611
0.824567
0.817796
0.821083
0.812043
0.805676
0.806905
0.820889
0.810446
0.808143
0.808221
0.812226
0.821058
0.811297
0.815627
0.809574
0.813545
0.803046
0.803048
0.810822
0.822175
0.809209
0.804061
0.801414
0.804356
0.804981
0.807772
0.800039
0.799474
0.805528
0.808458
0.802129
0.81778
0.821135
0.807522
0.813451
0.810458
0.812468
0.806217
0.801906
0.801274
0.802828
0.800163
0.82105
0.822949
0.812446
0.807132
0.809987
0.811937
0.80921
0.810101
0.80151
0.805336
0.809083
0.808297
0.81072
0.802615
0.804712
0.805552
0.80575
0.815027
0.798429
0.808897
0.809226
0.808163
0.802024
0.814183
0.801582
0.809261
0.80486
0.815043
0.809826
0.808586
0.804209
0.806139
0.819241
0.80031
0.813615
0.80797
0.805848
0.802863
0.819728
0.811278
0.810664
0.812735
0.809001
0.806078
0.803375
0.811895
0.807185
0.814826
0.811899
0.819342
0.818577
0.81453
0.808323
0.810922
0.806996
0.810376
0.803199
0.803701
0.80512
0.809193
0.808449
0.811559
0.809215
0.810631
0.81234
0.813871
0.800796
0.806573
0.801709
0.811317
0.811708
0.808092
0.80529
0.807557
0.807555
0.81187
0.812378
0.807486
0.809589
0.806481
0.816227
0.810406
0.812775
0.805208
0.819547
0.817194
0.814581
0.804288
0.802021
0.808497
0.818758
0.805772
0.811421
0.808513
0.804475
0.812488
0.825183
0.80906
0.815008
0.808823
0.799008
0.807917
0.814194
0.802585
0.806587
0.803719
0.80948
0.809938
0.807044
0.812859
0.810295
0.802939
0.806441
0.820406
0.806687
0.80532
0.819046
0.80457
0.815895
0.814704
0.800895
0.803327
0.810596
0.804693
0.806767
0.805419
0.814833
0.801245
0.815517
0.814823
0.807726
0.814867
0.81
0.800141
0.809132
0.808457
0.8107
0.805229
0.816729
0.802851
0.808948
0.807676
0.810373
0.807478
0.805644
0.81774
0.805551
0.810994
0.806408
0.81247
0.804762
0.799263
0.798795
0.810033
0.796534
0.800384
0.804709
0.809127
0.80255
0.801816
0.803005
0.806746
0.802094
0.808437
0.80196
0.805731
0.810923
0.80113
0.807409
0.801154
0.811168
0.803188
0.808936
0.799253
0.807632
0.796261
0.807845
0.800444
0.799958
0.797534
0.802914
0.80494
0.802934
0.80135
0.807146
0.807233
0.802827
0.806933
0.806797
0.804343
0.80424
0.809275
0.806634
0.79956
0.805042
0.798208
0.80331
0.797275
0.808334
0.818496
0.794576
0.803629
0.804209
0.811255
0.810212
0.796387
0.807132
0.803177
0.797228
0.795735
0.791704
0.797633
0.792603
0.79803
0.793093
0.795367
0.802794
0.803164
0.806789
0.80063
0.803972
0.800289
0.793723
0.80596
0.791545
0.809807
0.796416
0.792253
0.800816
0.795117
0.803989
0.794844
0.796869
0.796848
0.80021
0.799105
0.798575
0.800068
0.797256
0.798381
0.800271
0.815525
0.805159
0.792099
0.803111
0.8035
0.790878
0.79389
0.799928
0.800738
0.802886
0.799907
0.802458
0.794365
0.795435
0.797138
0.809774
0.796434
0.800197
0.798216
0.797868
0.792705
0.801542
0.806441
0.805525
0.799857
0.796511
0.795645
0.801601
0.794932
0.788226
0.807016
0.799066
0.802195
0.795251
0.807321
0.805563
0.800029
0.792166
0.803582
0.79518
0.801305
0.796048
0.800758
0.797945
0.801347
0.801938
0.805881
0.804111
0.801124
0.798545
0.803039
0.802555
0.803538
0.800786
0.804423
0.80523
0.801378
0.796159
0.789986
0.789845
0.798957
0.794554
0.799324
0.794019
0.793277
0.800368
0.79869
0.798121
0.79751
0.79786
0.79943
0.802917
0.794094
0.802294
0.799233
0.805269
0.796152
0.799853
0.806025
0.793019
0.793765
0.803328
0.803283
0.799844
0.798235
0.797531
0.804599
0.790908
0.800258
0.795139
0.797687
0.796146
0.799239
0.793678
0.798923
0.800561
0.79883
0.797094
0.800151
0.793549
0.808156
0.796381
0.807843
0.800303
0.804791
0.79359
0.804497
0.794784
0.804362
0.811841
0.799026
0.799566
0.798899
0.810413
0.787564
0.79934
0.798079
0.797192
0.797805
0.792739
0.802711
0.794371
0.799643
0.798734
0.794161
0.800275
0.797919
0.799447
0.803444
0.797017
0.793374
0.805907
0.813397
0.815598
0.803984
0.792706
0.797113
0.803845
0.796133
0.795654
0.79921
0.799434
0.812175
0.802882
0.80538
0.796081
0.79998
0.805534
0.795569
0.800041
0.806135
0.794699
0.800319
0.805728
0.79521
0.806921
0.792182
0.794421
0.800888
0.799429
0.801957
0.794323
0.796664
0.785482
0.79848
0.792985
0.798495
0.789804
0.789295
0.798379
0.79225
0.795079
0.80144
0.800537
0.791946
0.795805
0.794161
0.795528
0.785965
0.793166
0.787353
0.799996
0.796263
0.794132
0.787771
0.791553
0.792582
0.797546
0.783847
0.789371
0.798406
0.787903
0.78848
0.786888
0.788441
0.791942
0.796467
0.796067
0.786355
0.786403
0.792813
0.787879
0.796298
0.791131
0.799008
0.795218
0.787132
0.784213
0.785174
0.782963
0.805248
0.807129
0.792339
0.785806
0.783352
0.783009
0.805895
0.797888
0.783429
0.777808
0.790308
0.788734
0.786206
0.78803
0.795624
0.788615
0.790561
0.787742
0.790602
0.785818
0.782386
0.78912
0.789192
0.783826
0.778586
0.785645
0.79262
0.79571
0.787538
0.791534
0.788696
0.78564
0.791421
0.793483
0.780013
0.788807
0.783389
0.781883
0.789292
0.78314
0.780275
0.789144
0.783452
0.780011
0.789027
0.783748
0.780243
0.789442
0.783382
0.780137
0.789342
0.783484
0.780362
0.789574
0.782926
0.780367
0.789042
0.78393
0.780118
0.788923
0.783294
0.780149
0.789466
0.783201
0.785528
0.792201
0.783421
0.77999
0.789192
0.7833
0.780023
0.78877
0.783733
0.780257
0.788947
0.782952
0.780054
0.789492
0.782923
0.780023
0.788964
0.783278
0.779601
0.78896
0.78338
0.780361
0.789165
0.783838
0.780045
0.789095
0.783509
0.779926
0.789308
0.78325
0.780228
0.789157
0.782697
0.780184
0.789056
0.782973
0.779999
0.78892
0.783127
0.781138
0.789038
0.783059
0.780223
0.789335
0.783297
0.779994
0.789044
0.783053
0.780147
0.788843
0.783888
0.780017
0.788748
0.783327
0.779682
0.788984
0.783352
0.779827
0.789028
0.783235
0.779919
0.789376
0.783175
0.780281
0.788818
0.783276
0.780323
0.788917
0.783223
0.779761
0.78902
0.783118
0.780242
0.789253
0.783128
0.780002
0.789058
0.78369
0.780413
0.788771
0.783517
0.787939
0.789115
0.783464
0.779994
0.789165
0.783069
0.780188
0.789243
0.782754
0.780445
0.788999
0.783058
0.78046
0.788988
0.783101
0.780223
0.790103
0.783941
0.780063
0.788967
0.78313
0.779909
0.789283
0.783039
0.779836
0.789343
0.783261
0.780266
0.789432
0.783324
0.779732
0.784018
0.778562
0.77463
0.784955
0.777637
0.775042
0.783664
0.777978
0.774868
0.784037
0.777708
0.775127
0.783686
0.792343
0.776419
0.790076
0.786542
0.780359
0.791586
0.780442
0.780259
0.788263
0.77917
0.781606
0.785413
0.779137
0.776408
0.79108
0.778711
0.774818
0.78392
0.783153
0.777947
0.78487
0.778082
0.769621
0.778853
0.776486
0.772424
0.779546
0.773294
0.769774
0.779339
0.773064
0.770367
0.780453
0.777502
0.769829
0.77897
0.772392
0.769673
0.778855
0.772454
0.769678
0.778368
0.772314
0.776335
0.778564
0.77259
0.77094
0.778718
0.772657
0.76935
0.778259
0.772643
0.769426
0.779034
0.772788
0.769338
0.780576
0.77737
0.769943
0.77842
0.772959
0.77048
0.778161
0.77267
0.76895
0.778622
0.77279
0.769652
0.779153
0.772465
0.769827
0.778648
0.773047
0.769185
0.78337
0.774816
0.769048
0.778066
0.772736
0.770595
0.779451
0.772457
0.769341
0.778646
0.772322
0.769891
0.778747
0.772787
0.772374
0.778811
0.772753
0.769762
0.778421
0.773404
0.769784
0.778432
0.772669
0.774614
0.781677
0.772879
0.769276
0.778801
0.773176
0.769656
0.779447
0.773079
0.771487
0.778524
0.773372
0.769591
0.778106
0.773108
0.769745
0.778575
0.772547
0.769242
0.778691
0.772909
0.769625
0.778683
0.77301
0.769672
0.778537
0.772856
0.769547
0.778368
0.772572
0.774791
0.782132
0.772605
0.769326
0.778567
0.772768
0.769768
0.778766
0.773323
0.76994
0.778727
0.773111
0.769193
0.778384
0.772933
0.770027
0.778981
0.772765
0.770292
0.778814
0.772759
0.769909
0.778769
0.772714
0.76982
0.778454
0.773015
0.770883
0.778181
0.773032
0.769715
0.778767
0.772817
0.769594
0.778998
0.772583
0.769642
0.778399
0.772855
0.77592
0.779137
0.77324
0.769539
0.778378
0.77233
0.770487
0.778492
0.772749
0.769511
0.779216
0.774096
0.769677
0.778642
0.772459
0.769464
0.778403
0.773214
0.769745
0.77834
0.772651
0.769751
0.778651
0.772512
0.769963
0.778926
0.772533
0.770244
0.778528
0.772685
0.769406
0.778432
0.773157
0.769691
0.778495
0.772596
0.769341
0.778717
0.772244
0.769394
0.778662
0.772705
0.769648
0.778019
0.77263
0.769608
0.778488
0.773183
0.769346
0.778323
0.773653
0.775305
0.778642
0.767395
0.764202
0.773163
0.767626
0.767274
0.77316
0.767385
0.76436
0.773139
0.767601
0.764525
0.773395
0.768404
0.764156
0.773292
0.767302
0.764354
0.773432
0.767191
0.764575
0.77315
0.767228
0.764426
0.773099
0.768718
0.764891
0.772301
0.768052
0.76496
0.773335
0.767023
0.764439
0.772912
0.767172
0.76479
0.767546
0.76209
0.759077
0.767385
0.761102
0.759009
0.76739
0.761139
0.759894
0.767747
0.760457
0.759052
0.767303
0.760803
0.759194
0.76729
0.761141
0.758971
0.767124
0.760545
0.758607
0.76744
0.760745
0.761906
0.770183
0.760134
0.758684
0.767723
0.760185
0.758869
0.767226
0.76014
0.757946
0.766622
0.760224
0.758518
0.766622
0.760161
0.758705
0.767283
0.759986
0.758094
0.766633
0.760266
0.758692
0.767335
0.760318
0.758909
0.766951
0.760378
0.758387
0.76663
0.760135
0.758961
0.767104
0.760511
0.758577
0.767283
0.783262
0.777259
0.774539
0.76034
0.758921
0.766851
0.760481
0.758544
0.767459
0.760394
0.758854
0.767413
0.760302
0.761983
0.76997
0.76483
0.761329
0.76838
0.762786
0.760571
0.767273
0.764072
0.760388
0.767081
0.760797
0.762019
0.768227
0.760671
0.759195
0.767644
0.761897
0.759793
0.76732
0.760731
0.759034
0.76789
0.762019
0.758968
0.768266
0.760364
0.759132
0.767491
0.760498
0.759057
0.76826
0.760364
0.758655
0.767795
0.760771
0.758922
0.767453
0.760441
0.761105
0.767302
0.760417
0.759528
0.76746
0.760383
0.760496
0.76745
0.760297
0.759023
0.767583
0.760469
0.758731
0.767643
0.760609
0.758869
0.769223
0.760826
0.759163
0.767626
0.761515
0.759185
0.766877
0.760156
0.758768
0.767271
0.760607
0.758562
0.767437
0.760468
0.759131
0.767408
0.760724
0.758944
0.767999
0.760204
0.758593
0.767627
0.760051
0.759912
0.768481
0.760297
0.758525
0.767344
0.76042
0.758871
0.767654
0.760061
0.759275
0.76752
0.75998
0.759654
0.767474
0.759915
0.758874
0.768207
0.760434
0.758785
0.768865
0.760326
0.759111
0.767284
0.760197
0.759514
0.768327
0.759797
0.758763
0.767382
0.760136
0.758796
0.767161
0.760415
0.760606
0.767153
0.760378
0.758765
0.767524
0.760015
0.759019
0.767729
0.76
0.759177
0.767437
0.754606
0.753631
0.761934
0.755058
0.753275
0.762473
0.755415
0.753434
0.761845
0.754826
0.754062
0.762153
0.755669
0.754305
0.762524
0.754461
0.753373
0.762133
0.75498
0.753604
0.762023
0.756397
0.753359
0.762526
0.75487
0.75371
0.762216
0.754316
0.753841
0.761796
0.754396
0.753932
0.761977
0.755013
0.753568
0.756816
0.749557
0.748014
0.756769
0.749384
0.748081
0.756914
0.749407
0.748613
0.757002
0.749577
0.747868
0.756864
0.749197
0.747702
0.75655
0.749741
0.749611
0.756494
0.749114
0.748645
0.757364
0.749132
0.748175
0.756525
0.749361
0.747982
0.756542
0.749432
0.748002
0.756536
0.750014
0.748377
0.756802
0.749557
0.748647
0.756712
0.749379
0.747963
0.756817
0.749388
0.747643
0.757121
0.749558
0.747958
0.756673
0.74947
0.748037
0.756628
0.749529
0.74876
0.756442
0.748955
0.748156
0.756653
0.74927
0.747787
0.756849
0.749825
0.747902
0.756452
0.749521
0.748217
0.756946
0.74953
0.748344
0.756693
0.749109
0.747898
0.756522
0.749331
0.747822
0.756567
0.749849
0.748215
0.756862
0.750591
0.748313
0.75656
0.749488
0.748627
0.756963
0.749436
0.74802
0.756521
0.749348
0.748435
0.756649
0.749828
0.748445
0.755952
0.749504
0.748629
0.7565
0.749252
0.748269
0.756872
0.74995
0.748211
0.756711
0.749321
0.748124
0.756572
0.749719
0.748211
0.756808
0.749471
0.747967
0.757621
0.749439
0.748045
0.757082
0.749121
0.748464
0.756484
0.749231
0.748
0.756826
0.749674
0.747918
0.756437
0.749407
0.747754
0.756683
0.750494
0.748395
0.756824
0.749207
0.748285
0.756831
0.749515
0.747974
0.756407
0.749582
0.748571
0.756707
0.749599
0.748652
0.756599
0.749337
0.750084
0.757119
0.748976
0.747745
0.756507
0.751424
0.790954
0.771553
0.749945
0.748115
0.756289
0.749764
0.747925
0.756952
0.749589
0.748191
0.758807
0.752253
0.749995
0.757936
0.750987
0.748241
0.758044
0.75102
0.74863
0.757546
0.751284
0.748566
0.759634
0.750114
0.748928
0.757322
0.750847
0.748523
0.757121
0.750625
0.748971
0.756688
0.750725
0.748555
0.757143
0.750153
0.748216
0.757463
0.749942
0.748791
0.756736
0.749957
0.748805
0.756988
0.751198
0.747698
0.756456
0.750523
0.747747
0.756639
0.749895
0.74792
0.757525
0.751799
0.748312
0.757192
0.750355
0.748168
0.756558
0.750121
0.747841
0.756614
0.749911
0.748532
0.756549
0.749927
0.747979
0.751998
0.744353
0.742728
0.753004
0.74463
0.742982
0.751227
0.744342
0.742673
0.751628
0.744502
0.742538
0.751388
0.744683
0.743121
0.751898
0.744268
0.743229
0.75244
0.743845
0.742815
0.751248
0.7444
0.742505
0.75117
0.745064
0.743045
0.751037
0.744413
0.742558
0.751548
0.744218
0.742963
0.750995
0.743978
0.73747
0.745941
0.738889
0.737013
0.745812
0.739398
0.737434
0.746507
0.739432
0.73812
0.746536
0.738747
0.737909
0.746234
0.739044
0.737537
0.745867
0.73871
0.737253
0.745901
0.739629
0.737684
0.745892
0.739348
0.737363
0.746087
0.739045
0.737943
0.745682
0.738811
0.737496
0.745763
0.739143
0.737383
0.745789
0.739644
0.73748
0.74594
0.739622
0.737396
0.746234
0.738719
0.737626
0.745631
0.738893
0.737278
0.746126
0.740271
0.73745
0.746698
0.739246
0.737313
0.745769
0.739091
0.737243
0.746032
0.739333
0.737471
0.74647
0.742565
0.737396
0.746618
0.739001
0.737294
0.745674
0.739356
0.737555
0.745939
0.739645
0.73729
0.745943
0.739245
0.737954
0.746159
0.738693
0.737691
0.746062
0.738849
0.737281
0.746527
0.739145
0.737369
0.745997
0.739407
0.737304
0.745966
0.738933
0.737479
0.74624
0.738963
0.739702
0.745671
0.739045
0.737197
0.746004
0.739167
0.736958
0.745819
0.739197
0.737385
0.746354
0.738718
0.737122
0.746135
0.739033
0.737484
0.745644
0.738824
0.737559
0.746094
0.739324
0.737386
0.74592
0.739131
0.73714
0.746018
0.739319
0.737931
0.746183
0.738703
0.737528
0.745781
0.739045
0.737184
0.745825
0.73955
0.737534
0.745959
0.739191
0.737188
0.747634
0.740514
0.738158
0.746096
0.738808
0.737834
0.746255
0.738927
0.737141
0.745889
0.73899
0.737644
0.745663
0.739289
0.737464
0.74626
0.740332
0.737473
0.745727
0.738816
0.737731
0.745922
0.739143
0.736992
0.745935
0.739026
0.737475
0.74552
0.73926
0.73736
0.746162
0.73894
0.737699
0.746092
0.739008
0.737816
0.745854
0.738937
0.737143
0.745859
0.739244
0.740213
0.745697
0.739197
0.736976
0.746026
0.739283
0.737445
0.746112
0.738844
0.737794
0.745778
0.739155
0.737051
0.746042
0.739442
0.737045
0.745857
0.739118
0.737149
0.746199
0.738916
0.737482
0.746087
0.739193
0.738058
0.745972
0.733694
0.731961
0.740598
0.733944
0.731923
0.740362
0.733678
0.731551
0.740529
0.733572
0.732505
0.740763
0.733152
0.732623
0.741919
0.733795
0.732173
0.74051
0.733648
0.732142
0.740525
0.734028
0.731859
0.740276
0.742257
0.746589
0.744664
0.7335
0.73189
0.740147
0.735552
0.734393
0.741614
0.734721
0.728514
0.73548
0.729256
0.727963
0.736119
0.729107
0.727898
0.735531
0.728705
0.727511
0.735464
0.728825
0.726926
0.735326
0.728774
0.728116
0.735148
0.728357
0.726309
0.735397
0.729454
0.727508
0.736864
0.728092
0.726796
0.735604
0.728136
0.726766
0.73518
0.728883
0.726339
0.735729
0.728684
0.726163
0.735328
0.728456
0.726787
0.735747
0.727925
0.726888
0.736479
0.72827
0.726907
0.735276
0.728531
0.726433
0.734977
0.728584
0.726502
0.735194
0.728364
0.726454
0.735372
0.728037
0.727047
0.735159
0.728085
0.726146
0.735978
0.728383
0.726665
0.735453
0.728817
0.727388
0.735338
0.728071
0.727323
0.735213
0.72849
0.726764
0.735408
0.728458
0.726162
0.736127
0.728641
0.726681
0.735332
0.728519
0.726949
0.73529
0.728334
0.726742
0.735381
0.728285
0.727476
0.735137
0.728058
0.726308
0.734773
0.728868
0.726781
0.735184
0.728372
0.726292
0.735258
0.728607
0.726524
0.735668
0.728396
0.726472
0.734933
0.728264
0.726689
0.735613
0.730166
0.726732
0.735325
0.72859
0.726256
0.735223
0.728392
0.727216
0.73536
0.728416
0.726712
0.735331
0.728406
0.72625
0.735173
0.728872
0.726574
0.735083
0.7285
0.726634
0.735385
0.728316
0.727126
0.734717
0.728052
0.727247
0.735533
0.728317
0.726614
0.735304
0.728139
0.726438
0.734776
0.72883
0.727747
0.73555
0.727995
0.726871
0.735278
0.727856
0.726694
0.735609
0.728233
0.727015
0.734784
0.728921
0.726686
0.734683
0.728383
0.726855
0.735818
0.748842
0.729883
0.73585
0.727888
0.726877
0.736932
0.729921
0.728807
0.736902
0.729211
0.727632
0.736167
0.729219
0.72701
0.736047
0.728414
0.727353
0.736444
0.728541
0.727343
0.735511
0.728187
0.726692
0.73622
0.729147
0.727229
0.735311
0.728384
0.726927
0.736499
0.728481
0.728477
0.735932
0.728197
0.727117
0.730377
0.722765
0.721398
0.729982
0.723217
0.722268
0.729925
0.72374
0.721274
0.730423
0.723108
0.72216
0.730195
0.722471
0.721279
0.73002
0.723916
0.72215
0.730238
0.722801
0.723229
0.730374
0.723085
0.721179
0.730354
0.722862
0.721989
0.730535
0.722956
0.721594
0.730153
0.723607
0.722546
0.729863
0.723191
0.715761
0.72453
0.720051
0.716026
0.725133
0.717512
0.716151
0.725011
0.717246
0.716406
0.724338
0.71796
0.715728
0.724746
0.717866
0.716202
0.724919
0.718814
0.71568
0.725047
0.717435
0.716344
0.725161
0.717823
0.716264
0.724898
0.717527
0.715802
0.72449
0.717755
0.717263
0.72423
0.718018
0.716134
0.725063
0.717758
0.716617
0.725171
0.717103
0.71588
0.724618
0.717175
0.715989
0.725335
0.717863
0.715913
0.724558
0.717447
0.715553
0.724587
0.717576
0.715992
0.724886
0.717273
0.715819
0.724762
0.71739
0.716081
0.724425
0.717287
0.71628
0.724829
0.717953
0.716173
0.724998
0.717465
0.716394
0.724427
0.717392
0.716755
0.724794
0.717483
0.716111
0.724565
0.717739
0.716107
0.724566
0.718823
0.716706
0.724508
0.717624
0.716324
0.724758
0.717275
0.716074
0.724574
0.718343
0.715969
