0.651986
0.638048
0.634415
0.637482
0.631588
0.63531
0.626084
0.619685
0.621012
0.634802
0.624545
0.622103
0.622231
0.626282
0.631713
0.623928
0.629307
0.623358
0.62759
0.617124
0.616241
0.624916
0.636263
0.62339
0.618034
0.615175
0.618436
0.619262
0.621785
0.614219
0.613558
0.61954
0.622628
0.614158
0.631616
0.634849
0.621487
0.626791
0.623352
0.624918
0.620117
0.61556
0.615174
0.616482
0.613385
0.634165
0.636914
0.625997
0.619839
0.623532
0.625772
0.62295
0.623762
0.615334
0.617407
0.621704
0.62163
0.623954
0.616339
0.617702
0.619067
0.619237
0.628061
0.61173
0.621895
0.620856
0.621031
0.615229
0.627038
0.614337
0.622297
0.617722
0.628068
0.622151
0.621103
0.615558
0.61878
0.631869
0.613181
0.625633
0.620395
0.618803
0.614254
0.632327
0.62277
0.623434
0.625526
0.621782
0.618743
0.615619
0.623199
0.6195
0.627265
0.622972
0.631578
0.631295
0.62691
0.620762
0.623117
0.61936
0.622159
0.615349
0.616133
0.617287
0.621359
0.620839
0.622594
0.620946
0.62254
0.624572
0.625633
0.613153
0.618491
0.613931
0.623542
0.623782
0.620228
0.617418
0.619483
0.619798
0.623817
0.622706
0.619791
0.621566
0.618236
0.62686
0.622193
0.62462
0.61734
0.631308
0.626452
0.626391
0.615619
0.614257
0.620476
0.630603
0.616256
0.623645
0.620124
0.616654
0.624504
0.637136
0.620185
0.625924
0.620584
0.611282
0.619812
0.625766
0.612963
0.618437
0.614299
0.62177
0.621925
0.617336
0.624672
0.622258
0.614946
0.618014
0.632017
0.617363
0.617478
0.629343
0.616815
0.627998
0.626424
0.611162
0.61536
0.622681
0.616254
0.619005
0.617357
0.626898
0.613394
0.627027
0.626723
0.619155
0.626934
0.621935
0.61225
0.621181
0.620528
0.622924
0.617131
0.627513
0.615053
0.620273
0.619821
0.620209
0.619209
0.617666
0.629666
0.61745
0.623094
0.61778
0.624598
0.616679
0.611309
0.610991
0.622003
0.608005
0.61238
0.615978
0.618185
0.614333
0.613799
0.615474
0.618879
0.613894
0.619149
0.613846
0.6175
0.621325
0.61284
0.618189
0.613404
0.622918
0.614957
0.618742
0.611031
0.619785
0.608092
0.619686
0.612294
0.612186
0.609557
0.614858
0.616715
0.614665
0.613323
0.619069
0.619433
0.614332
0.618728
0.61899
0.616071
0.616035
0.621265
0.618773
0.61132
0.617187
0.60881
0.615392
0.608477
0.62009
0.629026
0.606297
0.615578
0.614627
0.622029
0.622212
0.608446
0.618389
0.614913
0.609367
0.607714
0.603798
0.609354
0.604295
0.609883
0.604786
0.605865
0.614927
0.613725
0.61805
0.612433
0.614833
0.612215
0.605214
0.61766
0.60344
0.620383
0.607839
0.604299
0.612927
0.606855
0.616007
0.606842
0.608226
0.608678
0.612163
0.611167
0.610438
0.611195
0.608454
0.610063
0.611668
0.622779
0.616851
0.602637
0.615017
0.615251
0.603051
0.605874
0.611838
0.612828
0.613427
0.611728
0.614311
0.606366
0.607436
0.608422
0.620935
0.607944
0.61201
0.609783
0.6099
0.604421
0.611538
0.616342
0.617567
0.612112
0.608358
0.607198
0.613384
0.607197
0.599882
0.618481
0.610658
0.613713
0.60745
0.617366
0.617419
0.611013
0.603819
0.614216
0.607001
0.613427
0.607981
0.612723
0.60985
0.613446
0.613953
0.616489
0.615795
0.612736
0.610096
0.615153
0.612941
0.615357
0.612549
0.615707
0.617412
0.611864
0.608117
0.601877
0.60198
0.611014
0.604604
0.609744
0.60593
0.6038
0.610933
0.609052
0.610225
0.609284
0.610107
0.611646
0.614839
0.605592
0.614215
0.609749
0.616974
0.608383
0.611899
0.617567
0.60499
0.605768
0.615274
0.614701
0.612108
0.610501
0.60933
0.616401
0.602526
0.61222
0.60725
0.60888
0.608039
0.611478
0.605888
0.61087
0.612486
0.610065
0.608178
0.612267
0.605694
0.618834
0.608399
0.618484
0.610819
0.6167
0.604054
0.614538
0.606614
0.616061
0.623519
0.610835
0.611703
0.609324
0.622483
0.599171
0.611092
0.609774
0.609226
0.609804
0.604904
0.614609
0.606729
0.611805
0.610373
0.605702
0.611327
0.60996
0.611652
0.613776
0.608741
0.605031
0.616346
0.625295
0.627183
0.616181
0.604904
0.609327
0.61591
0.608001
0.607628
0.611296
0.611446
0.622978
0.614834
0.617475
0.60805
0.611369
0.617561
0.607657
0.61136
0.618108
0.606804
0.611657
0.617936
0.607279
0.618862
0.604251
0.606041
0.613101
0.611541
0.613948
0.606623
0.608706
0.597706
0.61073
0.60494
0.610545
0.601612
0.599821
0.610383
0.603371
0.606701
0.613524
0.611207
0.603654
0.606356
0.606502
0.607726
0.597481
0.605272
0.599058
0.612265
0.608358
0.604571
0.600174
0.602064
0.603027
0.607787
0.595884
0.600984
0.610517
0.599932
0.600179
0.599189
0.600613
0.604248
0.608563
0.60803
0.598243
0.598549
0.604504
0.600019
0.60554
0.603088
0.610829
0.605419
0.59882
0.596097
0.597132
0.593343
0.617173
0.61882
0.604426
0.597903
0.595409
0.59502
0.616879
0.609118
0.595044
0.590104
0.602022
0.600741
0.598013
0.599666
0.607735
0.599368
0.602483
0.598335
0.60111
0.597452
0.594536
0.599712
0.601276
0.595566
0.590633
0.5974
0.604653
0.606076
0.599196
0.603507
0.600857
0.597788
0.60357
0.605734
0.592066
0.600736
0.595642
0.593362
0.601169
0.595278
0.592223
0.601141
0.595712
0.591869
0.601008
0.595963
0.591987
0.60145
0.595618
0.592126
0.60116
0.59567
0.592407
0.60149
0.595217
0.592283
0.600966
0.596068
0.592107
0.600941
0.595521
0.592259
0.601544
0.595575
0.5975
0.603304
0.595545
0.592107
0.601089
0.59559
0.592048
0.600905
0.596
0.592334
0.601015
0.5954
0.592084
0.601553
0.595262
0.592018
0.600828
0.595507
0.591697
0.600862
0.595125
0.592372
0.601188
0.596088
0.592183
0.601074
0.595846
0.592002
0.601429
0.595629
0.592247
0.601026
0.594956
0.592331
0.600939
0.595288
0.59211
0.601006
0.595406
0.592938
0.601053
0.595427
0.592282
0.601463
0.595617
0.592108
0.600953
0.59532
0.592146
0.600831
0.596154
0.591937
0.60093
0.595654
0.591706
0.601132
0.595612
0.59198
0.601048
0.595545
0.592067
0.601218
0.595393
0.592289
0.600662
0.595482
0.591925
0.600953
0.595478
0.591855
0.601011
0.595395
0.592281
0.601398
0.595373
0.591971
0.600935
0.595851
0.592405
0.600679
0.595654
0.597716
0.60102
0.595723
0.591988
0.601228
0.595446
0.59228
0.601282
0.595062
0.592533
0.600774
0.595264
0.592422
0.600782
0.595294
0.592262
0.601249
0.596065
0.59204
0.600846
0.59538
0.591869
0.601312
0.595168
0.591777
0.601222
0.595424
0.592219
0.601323
0.5955
0.591746
0.595832
0.590704
0.586701
0.596948
0.589951
0.586872
0.595648
0.590082
0.586818
0.595896
0.589887
0.587006
0.59555
0.604333
0.58791
0.601994
0.597399
0.590427
0.603009
0.591578
0.591847
0.598805
0.59119
0.593433
0.595909
0.590972
0.588175
0.600823
0.590372
0.586605
0.595923
0.59518
0.589573
0.595899
0.590242
0.581322
0.590789
0.588712
0.583795
0.591338
0.584728
0.581623
0.591028
0.585218
0.58179
0.592548
0.588027
0.581746
0.590136
0.584672
0.581577
0.590761
0.584796
0.581748
0.590284
0.58447
0.588494
0.590281
0.584826
0.581711
0.590528
0.584891
0.581386
0.590128
0.584787
0.581476
0.590947
0.584851
0.581445
0.592397
0.587823
0.581967
0.590285
0.585204
0.581554
0.590151
0.584813
0.581113
0.59045
0.584943
0.581595
0.590533
0.584654
0.58151
0.590572
0.585097
0.581276
0.595232
0.586827
0.58101
0.590173
0.584981
0.582163
0.590558
0.584784
0.581392
0.590699
0.584595
0.581995
0.590304
0.584952
0.584383
0.590722
0.584926
0.581732
0.590246
0.585707
0.5816
0.590486
0.585041
0.586615
0.59299
0.584889
0.581326
0.590622
0.585426
0.581601
0.590913
0.585208
0.583479
0.590429
0.58552
0.581612
0.590117
0.5854
0.581607
0.590533
0.584831
0.581393
0.590482
0.585088
0.581711
0.590561
0.585084
0.581539
0.590587
0.585108
0.581523
0.59039
0.584893
0.586705
0.593415
0.584808
0.58126
0.590448
0.584974
0.5818
0.590632
0.585515
0.581501
0.59078
0.585327
0.581271
0.590454
0.585263
0.582023
0.59103
0.585037
0.582265
0.590453
0.584882
0.58191
0.590641
0.584823
0.581896
0.590501
0.585269
0.582814
0.590219
0.584937
0.581666
0.59074
0.584984
0.581612
0.590829
0.584743
0.581667
0.590219
0.585098
0.587985
0.590898
0.585457
0.581645
0.590517
0.58478
0.582263
0.590483
0.585053
0.581679
0.591068
0.585447
0.581668
0.590631
0.584698
0.581444
0.590338
0.585418
0.581664
0.590418
0.585017
0.581677
0.59086
0.584773
0.581822
0.590691
0.584783
0.582179
0.590441
0.584921
0.581568
0.590428
0.585321
0.581734
0.59061
0.584862
0.581369
0.590773
0.58449
0.581483
0.5904
0.585041
0.581746
0.589974
0.584935
0.581672
0.590421
0.585409
0.581313
0.590297
0.586
0.585474
0.590781
0.579627
0.576278
0.585024
0.579751
0.579292
0.585117
0.579563
0.576255
0.585243
0.579849
0.576445
0.5854
0.579821
0.576152
0.585279
0.579573
0.576334
0.58525
0.579357
0.576387
0.585005
0.579389
0.57644
0.585182
0.58096
0.57685
0.584379
0.579959
0.576965
0.585308
0.579328
0.576483
0.584921
0.579302
0.576849
0.579504
0.57428
0.571212
0.579159
0.573337
0.570995
0.579296
0.573312
0.571727
0.579515
0.57275
0.571055
0.579148
0.572954
0.571175
0.579017
0.572867
0.570902
0.578973
0.572955
0.570614
0.579305
0.572941
0.573865
0.581474
0.572542
0.570807
0.579547
0.572391
0.570898
0.579032
0.572458
0.570232
0.578411
0.572634
0.57075
0.578554
0.572529
0.570842
0.579335
0.571923
0.570356
0.578456
0.57255
0.570787
0.578988
0.572673
0.570975
0.578974
0.572609
0.570459
0.578718
0.572519
0.571096
0.579007
0.572712
0.570784
0.57899
0.595363
0.573846
0.579189
0.572482
0.570904
0.578676
0.572728
0.570695
0.579237
0.572618
0.571087
0.579323
0.572647
0.573474
0.580438
0.576045
0.572887
0.579118
0.574898
0.571761
0.578974
0.576062
0.57163
0.578702
0.57291
0.573757
0.579261
0.572767
0.571168
0.579116
0.574009
0.571054
0.579014
0.57294
0.571183
0.579514
0.574184
0.571014
0.579275
0.572872
0.571088
0.579188
0.57263
0.571192
0.579293
0.572575
0.570859
0.578997
0.573079
0.570916
0.579015
0.57266
0.571042
0.579126
0.572671
0.571516
0.57923
0.572764
0.571874
0.578956
0.572588
0.571191
0.57883
0.572797
0.570814
0.578916
0.572867
0.570839
0.580819
0.572554
0.571215
0.579242
0.57277
0.571303
0.578522
0.572545
0.570756
0.578585
0.572956
0.57057
0.57901
0.57272
0.57096
0.578954
0.573073
0.570879
0.579637
0.572496
0.570794
0.578981
0.57234
0.571586
0.57906
0.57256
0.570694
0.578916
0.572769
0.570803
0.579239
0.572431
0.571258
0.579095
0.572219
0.571645
0.578745
0.572219
0.571013
0.579727
0.572631
0.57081
0.579878
0.572462
0.571341
0.578852
0.572527
0.57157
0.579181
0.572264
0.570879
0.578865
0.572531
0.570931
0.578439
0.5727
0.57237
0.578822
0.572569
0.57078
0.579118
0.572289
0.571105
0.579265
0.572189
0.571147
0.578818
0.566818
0.565643
0.573388
0.567298
0.56532
0.573971
0.567073
0.565498
0.57346
0.567065
0.566052
0.573772
0.567948
0.566378
0.573775
0.566816
0.565531
0.573593
0.567228
0.565571
0.573548
0.568103
0.565444
0.574122
0.566928
0.565918
0.573932
0.566654
0.566031
0.573385
0.566578
0.565955
0.573592
0.567132
0.565669
0.568307
0.561774
0.560058
0.568413
0.561814
0.560162
0.568472
0.561651
0.560596
0.568525
0.561592
0.559882
0.568141
0.561557
0.559716
0.568213
0.562004
0.561094
0.568223
0.561436
0.560608
0.568561
0.561451
0.560297
0.568038
0.561647
0.560028
0.567929
0.561779
0.560119
0.568126
0.56219
0.560394
0.568433
0.561892
0.560524
0.568286
0.561621
0.560073
0.568266
0.5616
0.559877
0.568435
0.56185
0.559873
0.568215
0.561758
0.560052
0.568186
0.561707
0.560646
0.56806
0.561225
0.560211
0.568083
0.561586
0.559917
0.568229
0.562053
0.559928
0.56808
0.561967
0.560197
0.568449
0.561779
0.560353
0.56833
0.561419
0.560031
0.567935
0.561588
0.559956
0.568141
0.562076
0.560276
0.568436
0.56232
0.560289
0.568218
0.561824
0.56068
0.56853
0.561721
0.560235
0.56801
0.561546
0.560388
0.568075
0.562116
0.560315
0.567573
0.561705
0.559796
0.568067
0.561557
0.560382
0.568414
0.561767
0.560354
0.56815
0.561462
0.560254
0.568046
0.561962
0.560259
0.568433
0.561785
0.560135
0.568807
0.561779
0.560142
0.568615
0.561416
0.56057
0.56808
0.561589
0.560033
0.568251
0.56201
0.559777
0.568057
0.56171
0.5599
0.568382
0.562452
0.560386
0.568452
0.561571
0.56051
0.56821
0.561597
0.560087
0.568005
0.562051
0.560386
0.568267
0.561876
0.560203
0.568223
0.561568
0.561132
0.568852
0.561399
0.559868
0.568021
0.563572
0.577358
0.568769
0.56227
0.560152
0.567997
0.562115
0.559971
0.568649
0.562003
0.560295
0.570148
0.563587
0.560874
0.569189
0.562696
0.560314
0.569086
0.562989
0.560255
0.568714
0.563239
0.560202
0.571032
0.562319
0.560347
0.568718
0.562692
0.560769
0.56858
0.562338
0.561134
0.568079
0.562555
0.560346
0.568194
0.562388
0.560122
0.56911
0.562077
0.560843
0.568273
0.562157
0.560634
0.5684
0.562499
0.559832
0.56792
0.56266
0.559788
0.568263
0.562076
0.559976
0.569243
0.563188
0.560304
0.568821
0.562143
0.56035
0.568039
0.562311
0.559908
0.56804
0.562293
0.560233
0.568226
0.562323
0.56012
0.563172
0.556824
0.554949
0.564763
0.556745
0.555084
0.562666
0.556685
0.554798
0.562841
0.556835
0.554646
0.562937
0.556878
0.555014
0.563409
0.556615
0.555272
0.563474
0.55621
0.554899
0.562751
0.556704
0.554504
0.562759
0.557272
0.555027
0.562708
0.556749
0.55464
0.563004
0.556614
0.555144
0.562658
0.556414
0.549682
0.557302
0.551259
0.54911
0.557298
0.551729
0.549376
0.557567
0.551762
0.549978
0.558063
0.551236
0.549963
0.55788
0.551215
0.549637
0.557343
0.55102
0.549312
0.5573
0.551813
0.549717
0.557364
0.551634
0.549433
0.557692
0.551339
0.550024
0.557389
0.551107
0.549425
0.557338
0.551493
0.549373
0.557254
0.551858
0.549538
0.557475
0.551839
0.549171
0.557862
0.551065
0.549676
0.557393
0.551209
0.54944
0.557687
0.551991
0.549627
0.558138
0.551553
0.549487
0.557453
0.551423
0.549206
0.557757
0.551661
0.54965
0.557854
0.555072
0.549557
0.558076
0.551195
0.549347
0.557089
0.551497
0.549458
0.557418
0.55165
0.549237
0.557647
0.551583
0.549938
0.557843
0.55108
0.549894
0.557415
0.55124
0.549344
0.557484
0.551461
0.549284
0.557518
0.55161
0.549371
0.557565
0.551189
0.549718
0.55792
0.551192
0.551506
0.557307
0.551423
0.549365
0.557469
0.551329
0.54904
0.557482
0.551406
0.549387
0.557903
0.551181
0.549066
0.557664
0.551168
0.549629
0.557195
0.55113
0.549506
0.557442
0.551749
0.549356
0.557513
0.551484
0.549191
0.557706
0.55166
0.550039
0.557619
0.551109
0.549581
0.557289
0.551315
0.549333
0.55734
0.551725
0.549504
0.557645
0.551542
0.549371
0.55923
0.552734
0.550234
0.557686
0.551089
0.549923
0.557706
0.551238
0.549259
0.557406
0.551304
0.54968
0.557429
0.55165
0.549456
0.557874
0.551913
0.54953
0.557448
0.551193
0.549829
0.55752
0.551372
0.5491
0.55739
0.551329
0.5495
0.557209
0.551489
0.549295
0.557849
0.551285
0.549499
0.557774
0.551354
0.549929
0.557314
0.551272
0.549278
0.557385
0.551464
0.552193
0.557371
0.551458
0.549093
0.557678
0.55159
0.54955
0.557633
0.551063
0.549889
0.55721
0.551435
0.549071
0.55752
0.551788
0.549137
0.557564
0.551539
0.549179
0.557807
0.551357
0.549643
0.557775
0.551495
0.549739
0.557411
0.545915
0.544066
0.552085
0.546271
0.543988
0.552141
0.546048
0.543601
0.552192
0.545927
0.544546
0.55239
0.545578
0.544701
0.553174
0.546027
0.54431
0.552038
0.54593
0.54412
0.552113
0.546296
0.543964
0.552003
0.554662
0.545987
0.552221
0.545977
0.544164
0.551834
0.547621
0.545671
0.552327
0.546807
0.539196
0.546966
0.541303
0.539264
0.547616
0.541137
0.539472
0.547134
0.540923
0.539569
0.546324
0.540934
0.539163
0.546783
0.540977
0.539234
0.546757
0.540419
0.538405
0.5469
0.541968
0.539206
0.54793
0.540556
0.539009
0.546905
0.540547
0.5387
0.546864
0.540951
0.538477
0.546437
0.540928
0.538246
0.546893
0.540599
0.538943
0.547072
0.540314
0.539
0.547288
0.540497
0.538995
0.546599
0.540779
0.538592
0.546621
0.540781
0.538559
0.546776
0.540788
0.538484
0.547066
0.540443
0.539215
0.546688
0.540522
0.538433
0.54674
0.54088
0.538778
0.547104
0.54108
0.538788
0.546813
0.540515
0.539372
0.546858
0.540722
0.538704
0.546863
0.540924
0.538269
0.547063
0.54095
0.538764
0.546965
0.540773
0.538421
0.546893
0.540574
0.538897
0.547235
0.540531
0.539557
0.546553
0.540442
0.538519
0.546251
0.541209
0.538785
0.54672
0.540656
0.538441
0.546983
0.540926
0.538662
0.547384
0.540705
0.538639
0.546414
0.540581
0.538805
0.547137
0.541384
0.538797
0.546923
0.541053
0.538534
0.546924
0.540667
0.539533
0.547065
0.540596
0.538975
0.546811
0.540721
0.53827
0.546672
0.541172
0.538674
0.546603
0.540882
0.538637
0.547025
0.540788
0.539223
0.54662
0.54041
0.539335
0.546924
0.540604
0.538504
0.546849
0.540599
0.538513
0.546559
0.541156
0.539142
0.547335
0.54035
0.539058
0.546883
0.540217
0.538854
0.54688
0.540575
0.53901
0.546407
0.541052
0.538795
0.546469
0.540649
0.538848
0.547585
0.55765
0.54074
0.547538
0.540361
0.539144
0.5473
0.541717
0.539934
0.54768
0.540941
0.539442
0.547058
0.541345
0.538889
0.547057
0.540592
0.539189
0.547433
0.540435
0.539512
0.546871
0.54034
0.538533
0.547675
0.540786
0.539121
0.546907
0.540452
0.539102
0.547551
0.54084
0.540363
0.547497
0.540246
0.539184
0.541444
0.535005
0.533291
0.54146
0.53555
0.533653
0.541515
0.535953
0.533246
0.542019
0.535435
0.53414
0.541809
0.534846
0.533457
0.541559
0.536175
0.533551
0.541754
0.535041
0.535151
0.541926
0.535354
0.533353
0.541665
0.535197
0.533974
0.542124
0.534976
0.533581
0.541537
0.535833
0.533966
0.541371
0.535531
0.52778
0.536225
0.53217
0.52804
0.536755
0.529756
0.528372
0.53655
0.529564
0.528519
0.535776
0.530134
0.527732
0.536223
0.530202
0.528131
0.536573
0.530497
0.52786
0.536568
0.529733
0.528313
0.53669
0.530072
0.528196
0.536398
0.529787
0.527935
0.53606
0.530066
0.529003
0.535963
0.530283
0.528092
0.536637
0.529872
0.528671
0.536487
0.529398
0.528026
0.536036
0.52942
0.528051
0.536347
0.530134
0.527765
0.536165
0.529753
0.527652
0.536149
0.529805
0.528197
0.536504
0.529549
0.527946
0.536266
0.52955
0.528116
0.535907
0.529686
0.528203
0.536387
0.530169
0.528196
0.536687
0.529797
0.528348
0.536078
0.529775
0.528638
0.5362
0.529746
0.528312
0.536136
0.52996
0.528162
0.536024
0.531126
0.52809
0.53624
0.529955
0.528408
0.536531
0.529607
0.528257
0.536055
0.530053
0.52811
