-0.832217
-0.811781
-0.793268
-0.776448
-0.761115
-0.747094
-0.734228
-0.722381
-0.711433
-0.70128
-0.69183
-0.683003
-0.674729
-0.666945
-0.659598
-0.652639
-0.646028
-0.639727
-0.633704
-0.627931
-0.622384
-0.617039
-0.611878
-0.606883
-0.602041
-0.597336
-0.592759
-0.588297
-0.583943
-0.579687
-0.575524
-0.571445
-0.567446
-0.563521
-0.559665
-0.555876
-0.552148
-0.548479
-0.544865
-0.541304
-0.537794
-0.534331
-0.530915
-0.527543
-0.524214
-0.520926
-0.517677
-0.514466
-0.511293
-0.508155
-0.505052
-0.501982
-0.498946
-0.495942
-0.492968
-0.490025
-0.487112
-0.484227
-0.481371
-0.478542
-0.47574
-0.472964
-0.470215
-0.46749
-0.464791
-0.462116
-0.459464
-0.456836
-0.454231
-0.451648
-0.449088
-0.446549
-0.444032
-0.441535
-0.439059
-0.436603
-0.434167
-0.431751
-0.429354
-0.426976
-0.424616
-0.422275
-0.419952
-0.417646
-0.415358
-0.413087
-0.410834
-0.408597
-0.406376
-0.404172
-0.401983
-0.399811
-0.397654
-0.395512
-0.393386
-0.391274
-0.389177
-0.387095
-0.385027
-0.382973
-0.380933
-0.378907
-0.376894
-0.374895
-0.372909
-0.370937
-0.368977
-0.36703
-0.365096
-0.363174
-0.361265
-0.359368
-0.357482
-0.355609
-0.353748
-0.351898
-0.35006
-0.348234
-0.346418
-0.344614
-0.342821
-0.341039
-0.339267
-0.337507
-0.335757
-0.334017
-0.332288
-0.33057
-0.328861
-0.327163
-0.325474
-0.323796
-0.322127
-0.320469
-0.318819
-0.31718
-0.315549
-0.313929
-0.312317
-0.310715
-0.309122
-0.307538
-0.305963
-0.304397
-0.302839
-0.301291
-0.299751
-0.29822
-0.296697
-0.295183
-0.293678
-0.29218
-0.290691
-0.28921
-0.287738
-0.286273
-0.284817
-0.283368
-0.281927
-0.280495
-0.27907
-0.277652
-0.276243
-0.274841
-0.273447
-0.27206
-0.27068
-0.269308
-0.267944
-0.266587
-0.265237
-0.263894
-0.262558
-0.26123
-0.259908
-0.258594
-0.257286
-0.255986
-0.254692
-0.253405
-0.252125
-0.250852
-0.249586
-0.248326
-0.247072
-0.245826
-0.244585
-0.243352
-0.242125
-0.240904
-0.239689
-0.238481
-0.237279
-0.236084
-0.234894
-0.233711
-0.232534
-0.231363
-0.230199
-0.22904
-0.227887
-0.22674
-0.225599
-0.224464
-0.223335
-0.222211
-0.221094
-0.219982
-0.218876
-0.217776
-0.216681
-0.215592
-0.214508
-0.21343
-0.212358
-0.211291
-0.210229
-0.209173
-0.208123
-0.207077
-0.206037
-0.205003
-0.203973
-0.202949
-0.20193
-0.200917
-0.199908
-0.198905
-0.197906
-0.196913
-0.195925
-0.194942
-0.193964
-0.192991
-0.192023
-0.191059
-0.190101
-0.189147
-0.188199
-0.187255
-0.186316
-0.185382
-0.184452
-0.183527
-0.182607
-0.181691
-0.18078
-0.179874
-0.178972
-0.178075
-0.177183
-0.176295
-0.175411
-0.174532
-0.173657
-0.172787
-0.171921
-0.17106
-0.170202
-0.16935
-0.168501
-0.167657
-0.166817
-0.165981
-0.16515
-0.164322
-0.163499
-0.16268
-0.161865
-0.161054
-0.160248
-0.159445
-0.158647
-0.157852
-0.157061
-0.156275
-0.155492
-0.154714
-0.153939
-0.153168
-0.152401
-0.151638
-0.150878
-0.150123
-0.149371
-0.148623
-0.147879
-0.147139
-0.146402
-0.145669
-0.14494
-0.144214
-0.143492
-0.142774
-0.142059
-0.141348
-0.140641
-0.139936
-0.139236
-0.138539
-0.137846
-0.137156
-0.136469
-0.135786
-0.135106
-0.13443
-0.133757
-0.133088
-0.132422
-0.131759
-0.131099
-0.130443
-0.12979
-0.129141
-0.128495
-0.127852
-0.127212
-0.126575
-0.125942
-0.125311
-0.124684
-0.12406
-0.12344
-0.122822
-0.122207
-0.121596
-0.120987
-0.120382
-0.119779
-0.11918
-0.118584
-0.11799
-0.1174
-0.116813
-0.116228
-0.115646
-0.115068
-0.114492
-0.113919
-0.113349
-0.112782
-0.112218
-0.111656
-0.111098
-0.110542
-0.109989
-0.109439
-0.108891
-0.108346
-0.107804
-0.107265
-0.106728
-0.106194
-0.105663
-0.105134
-0.104608
-0.104085
-0.103564
-0.103046
-0.102531
-0.102018
-0.101507
-0.101
-0.100494
-0.0999915
-0.0994913
-0.0989936
-0.0984984
-0.0980056
-0.0975154
-0.0970275
-0.0965422
-0.0960592
-0.0955787
-0.0951006
-0.0946248
-0.0941515
-0.0936805
-0.0932119
-0.0927456
-0.0922817
-0.0918201
-0.0913608
-0.0909038
-0.0904491
-0.0899966
-0.0895464
-0.0890985
-0.0886528
-0.0882094
-0.0877682
-0.0873291
-0.0868923
-0.0864577
-0.0860252
-0.0855949
-0.0851668
-0.0847408
-0.0843169
-0.0838952
-0.0834756
-0.083058
-0.0826426
-0.0822292
-0.0818179
-0.0814087
-0.0810015
-0.0805963
-0.0801932
-0.0797921
-0.079393
-0.0789959
-0.0786008
-0.0782077
-0.0778165
-0.0774273
-0.07704
-0.0766547
-0.0762713
-0.0758898
-0.0755102
-0.0751326
-0.0747568
-0.0743829
-0.0740109
-0.0736407
-0.0732724
-0.0729059
-0.0725413
-0.0721785
-0.0718175
-0.0714583
-0.0711009
-0.0707453
-0.0703914
-0.0700394
-0.0696891
-0.0693406
-0.0689938
-0.0686487
-0.0683054
-0.0679637
-0.0676238
-0.0672856
-0.0669491
-0.0666143
-0.0662811
-0.0659496
-0.0656198
-0.0652916
-0.0649651
-0.0646402
-0.0643169
-0.0639952
-0.0636752
-0.0633567
-0.0630399
-0.0627246
-0.0624109
-0.0620988
-0.0617882
-0.0614792
-0.0611717
-0.0608658
-0.0605614
-0.0602585
-0.0599572
-0.0596573
-0.0593589
-0.0590621
-0.0587667
-0.0584728
-0.0581804
-0.0578894
-0.0575999
-0.0573119
-0.0570252
-0.0567401
-0.0564563
-0.056174
-0.055893
-0.0556135
-0.0553354
-0.0550587
-0.0547833
-0.0545093
-0.0542367
-0.0539655
-0.0536956
-0.0534271
-0.0531599
-0.0528941
-0.0526295
-0.0523664
-0.0521045
-0.0518439
-0.0515846
-0.0513267
-0.05107
-0.0508146
-0.0505605
-0.0503076
-0.0500561
-0.0498057
-0.0495567
-0.0493088
-0.0490623
-0.0488169
-0.0485728
-0.0483299
-0.0480882
-0.0478477
-0.0476084
-0.0473703
-0.0471335
-0.0468978
-0.0466632
-0.0464299
-0.0461977
-0.0459667
-0.0457368
-0.0455081
-0.0452805
-0.0450541
-0.0448288
-0.0446046
-0.0443815
-0.0441596
-0.0439388
-0.043719
-0.0435004
-0.0432829
-0.0430664
-0.0428511
-0.0426368
-0.0424236
-0.0422114
-0.0420004
-0.0417903
-0.0415813
-0.0413734
-0.0411665
-0.0409607
-0.0407558
-0.040552
-0.0403492
-0.0401475
-0.0399467
-0.0397469
-0.0395482
-0.0393504
-0.0391536
-0.0389579
-0.038763
-0.0385692
-0.0383763
-0.0381844
-0.0379935
-0.0378035
-0.0376145
-0.0374264
-0.0372392
-0.037053
-0.0368677
-0.0366833
-0.0364999
-0.0363174
-0.0361358
-0.0359551
-0.0357753
-0.0355964
-0.0354184
-0.0352413
-0.0350651
-0.0348897
-0.0347152
-0.0345417
-0.0343689
-0.0341971
-0.0340261
-0.0338559
-0.0336866
-0.0335182
-0.0333506
-0.0331838
-0.0330179
-0.0328528
-0.0326885
-0.032525
-0.0323624
-0.0322006
-0.0320395
-0.0318793
-0.0317199
-0.0315613
-0.0314035
-0.0312464
-0.0310902
-0.0309347
-0.03078
-0.0306261
-0.030473
-0.0303206
-0.030169
-0.0300181
-0.029868
-0.0297187
-0.0295701
-0.0294222
-0.0292751
-0.0291287
-0.0289831
-0.0288381
-0.0286939
-0.0285504
-0.0284077
-0.0282656
-0.0281243
-0.0279837
-0.0278437
-0.0277045
-0.027566
-0.0274281
-0.027291
-0.0271545
-0.0270187
-0.0268836
-0.0267492
-0.0266154
-0.0264824
-0.0263499
-0.0262182
-0.0260871
-0.0259566
-0.0258268
-0.0256977
-0.0255692
-0.0254413
-0.0253141
-0.0251875
-0.0250616
-0.0249363
-0.0248116
-0.0246875
-0.0245641
-0.0244413
-0.024319
-0.0241974
-0.0240764
-0.0239561
-0.0238363
-0.0237171
-0.0235985
-0.0234805
-0.0233631
-0.0232463
-0.02313
-0.0230144
-0.0228993
-0.0227848
-0.0226708
-0.0225575
-0.0224447
-0.0223325
-0.0222208
-0.0221097
-0.0219991
-0.0218891
-0.0217797
-0.0216708
-0.0215624
-0.0214546
-0.0213473
-0.0212406
-0.0211344
-0.0210287
-0.0209235
-0.0208189
-0.0207148
-0.0206112
-0.0205082
-0.0204056
-0.0203036
-0.0202021
-0.0201011
-0.0200006
-0.0199005
-0.019801
-0.019702
-0.0196035
-0.0195055
-0.019408
-0.0193109
-0.0192144
-0.0191183
-0.0190227
-0.0189276
-0.0188329
-0.0187388
-0.0186451
-0.0185518
-0.0184591
-0.0183668
-0.0182749
-0.0181835
-0.0180926
-0.0180022
-0.0179121
-0.0178226
-0.0177335
-0.0176448
-0.0175566
-0.0174688
-0.0173814
-0.0172945
-0.017208
-0.017122
-0.0170364
-0.0169512
-0.0168664
-0.0167821
-0.0166982
-0.0166147
-0.0165316
-0.016449
-0.0163667
-0.0162849
-0.0162035
-0.0161224
-0.0160418
-0.0159616
-0.0158818
-0.0158024
-0.0157234
-0.0156447
-0.0155665
-0.0154887
-0.0154112
-0.0153342
-0.0152575
-0.0151812
-0.0151053
-0.0150298
-0.0149546
-0.0148799
-0.0148055
-0.0147314
-0.0146578
-0.0145845
-0.0145115
-0.014439
-0.0143668
-0.014295
-0.0142235
-0.0141524
-0.0140816
-0.0140112
-0.0139411
-0.0138714
-0.0138021
-0.013733
-0.0136644
-0.0135961
-0.0135281
-0.0134604
-0.0133931
-0.0133262
-0.0132595
-0.0131932
-0.0131273
-0.0130616
-0.0129963
-0.0129313
-0.0128667
-0.0128023
-0.0127383
-0.0126746
-0.0126113
-0.0125482
-0.0124855
-0.012423
-0.0123609
-0.0122991
-0.0122376
-0.0121764
-0.0121155
-0.012055
-0.0119947
-0.0119347
-0.011875
-0.0118156
-0.0117566
-0.0116978
-0.0116393
-0.0115811
-0.0115232
-0.0114656
-0.0114082
-0.0113512
-0.0112944
-0.011238
-0.0111818
-0.0111259
-0.0110702
-0.0110149
-0.0109598
-0.010905
-0.0108505
-0.0107962
-0.0107422
-0.0106885
-0.0106351
-0.0105819
-0.010529
-0.0104764
-0.010424
-0.0103719
-0.01032
-0.0102684
-0.0102171
-0.010166
-0.0101151
-0.0100646
-0.0100142
-0.00996416
-0.00991434
-0.00986477
-0.00981544
-0.00976636
-0.00971753
-0.00966894
-0.0096206
-0.00957249
-0.00952463
-0.00947701
-0.00942962
-0.00938247
-0.00933556
-0.00928888
-0.00924243
-0.00919622
-0.00915024
-0.00910449
-0.00905896
-0.00901367
-0.0089686
-0.00892376
-0.00887914
-0.00883474
-0.00879057
-0.00874661
-0.00870288
-0.00865936
-0.00861607
-0.00857298
-0.00853012
-0.00848747
-0.00844503
-0.0084028
-0.00836079
-0.00831898
-0.00827739
-0.008236
-0.00819482
-0.00815385
-0.00811308
-0.00807251
-0.00803215
-0.00799199
-0.00795203
-0.00791227
-0.0078727
-0.00783334
-0.00779417
-0.0077552
-0.00771642
-0.00767784
-0.00763945
-0.00760125
-0.00756325
-0.00752543
-0.0074878
-0.00745036
-0.00741311
-0.00737604
-0.00733916
-0.00730247
-0.00726596
-0.00722962
-0.00719348
-0.00715751
-0.00712172
-0.00708611
-0.00705068
-0.00701543
-0.00698035
-0.00694545
-0.00691072
-0.00687617
-0.00684178
-0.00680757
-0.00677354
-0.00673967
-0.00670597
-0.00667244
-0.00663908
-0.00660588
-0.00657285
-0.00653999
-0.00650729
-0.00647475
-0.00644238
-0.00641016
-0.00637811
-0.00634622
-0.00631449
-0.00628292
-0.0062515
-0.00622024
-0.00618914
-0.0061582
-0.00612741
-0.00609677
-0.00606628
-0.00603595
-0.00600577
-0.00597574
-0.00594586
-0.00591613
-0.00588655
-0.00585712
-0.00582784
-0.0057987
-0.0057697
-0.00574085
-0.00571215
-0.00568359
-0.00565517
-0.00562689
-0.00559876
-0.00557076
-0.00554291
-0.0055152
-0.00548762
-0.00546018
-0.00543288
-0.00540572
-0.00537869
-0.00535179
-0.00532503
-0.00529841
-0.00527192
-0.00524556
-0.00521933
-0.00519323
-0.00516727
-0.00514143
-0.00511572
-0.00509014
-0.00506469
-0.00503937
-0.00501417
-0.0049891
-0.00496415
-0.00493933
-0.00491464
-0.00489006
-0.00486561
-0.00484128
-0.00481708
-0.00479299
-0.00476903
-0.00474518
-0.00472146
-0.00469785
-0.00467436
-0.00465099
-0.00462773
-0.00460459
-0.00458157
-0.00455866
-0.00453587
-0.00451319
-0.00449062
-0.00446817
-0.00444583
-0.0044236
-0.00440148
-0.00437947
-0.00435758
-0.00433579
-0.00431411
-0.00429254
-0.00427108
-0.00424972
-0.00422847
-0.00420733
-0.00418629
-0.00416536
-0.00414453
-0.00412381
-0.00410319
-0.00408268
-0.00406226
-0.00404195
-0.00402174
-0.00400163
-0.00398162
-0.00396172
-0.00394191
-0.0039222
-0.00390259
-0.00388307
-0.00386366
-0.00384434
-0.00382512
-0.00380599
-0.00378696
-0.00376803
-0.00374919
-0.00373044
-0.00371179
-0.00369323
-0.00367476
-0.00365639
-0.00363811
-0.00361992
-0.00360182
-0.00358381
-0.00356589
-0.00354806
-0.00353032
-0.00351267
-0.0034951
-0.00347763
-0.00346024
-0.00344294
-0.00342572
-0.00340859
-0.00339155
-0.00337459
-0.00335772
-0.00334094
-0.00332423
-0.00330761
-0.00329108
-0.00327463
-0.00325826
-0.00324197
-0.00322576
-0.00320963
-0.00319359
-0.00317762
-0.00316174
-0.00314593
-0.0031302
-0.00311455
-0.00309898
-0.00308349
-0.00306808
-0.00305274
-0.00303748
-0.00302229
-0.00300718
-0.00299215
-0.00297719
-0.00296231
-0.0029475
-0.00293276
-0.0029181
-0.00290351
-0.002889
-0.00287455
-0.00286018
-0.00284588
-0.00283166
-0.0028175
-0.00280341
-0.0027894
-0.00277545
-0.00276158
-0.00274777
-0.00273404
-0.00272037
-0.00270677
-0.00269324
-0.00267977
-0.00266638
-0.00265305
-0.00263978
-0.00262659
-0.00261345
-0.00260039
-0.00258739
-0.00257445
-0.00256158
-0.00254878
-0.00253604
-0.00252336
-0.00251074
-0.00249819
-0.0024857
-0.00247328
-0.00246091
-0.00244861
-0.00243637
-0.0024242
-0.00241208
-0.00240002
-0.00238802
-0.00237609
-0.00236421
-0.00235239
-0.00234063
-0.00232893
-0.00231729
-0.00230571
-0.00229418
-0.00228272
-0.00227131
-0.00225995
-0.00224866
-0.00223742
-0.00222623
-0.0022151
-0.00220403
-0.00219302
-0.00218205
-0.00217115
-0.00216029
-0.00214949
-0.00213875
-0.00212806
-0.00211742
-0.00210684
-0.00209631
-0.00208583
-0.00207541
-0.00206503
-0.00205471
-0.00204444
-0.00203423
-0.00202406
-0.00201394
-0.00200388
-0.00199386
-0.00198389
-0.00197398
-0.00196411
-0.0019543
-0.00194453
-0.00193481
-0.00192514
-0.00191552
-0.00190594
-0.00189642
-0.00188694
-0.00187751
-0.00186812
-0.00185879
-0.0018495
-0.00184025
-0.00183105
-0.0018219
-0.0018128
-0.00180374
-0.00179472
-0.00178575
-0.00177682
-0.00176794
-0.00175911
-0.00175032
-0.00174157
-0.00173286
-0.0017242
-0.00171558
-0.00170701
-0.00169848
-0.00168999
-0.00168154
-0.00167314
-0.00166477
-0.00165645
-0.00164817
-0.00163994
-0.00163174
-0.00162358
-0.00161547
-0.0016074
-0.00159936
-0.00159137
-0.00158341
-0.0015755
-0.00156763
-0.00155979
-0.001552
-0.00154424
-0.00153652
-0.00152884
-0.0015212
-0.0015136
-0.00150603
-0.0014985
-0.00149101
-0.00148356
-0.00147615
-0.00146877
-0.00146143
-0.00145412
-0.00144686
-0.00143963
-0.00143243
-0.00142527
-0.00141815
-0.00141106
-0.00140401
-0.00139699
-0.00139001
-0.00138306
-0.00137615
-0.00136927
-0.00136243
-0.00135562
-0.00134884
-0.0013421
-0.00133539
-0.00132872
-0.00132208
-0.00131547
-0.0013089
-0.00130235
-0.00129584
-0.00128937
-0.00128292
-0.00127651
-0.00127013
-0.00126378
-0.00125747
-0.00125118
-0.00124493
-0.00123871
-0.00123252
-0.00122636
-0.00122023
-0.00121413
-0.00120806
-0.00120202
-0.00119602
-0.00119004
-0.00118409
-0.00117817
-0.00117229
-0.00116643
-0.0011606
-0.0011548
-0.00114903
-0.00114328
-0.00113757
-0.00113188
-0.00112623
-0.0011206
-0.001115
-0.00110943
-0.00110388
-0.00109836
-0.00109287
-0.00108741
-0.00108198
-0.00107657
-0.00107119
-0.00106584
-0.00106051
-0.00105521
-0.00104994
-0.00104469
-0.00103947
-0.00103427
-0.0010291
-0.00102396
-0.00101884
-0.00101375
-0.00100869
-0.00100365
-0.000998629
-0.000993639
-0.000988673
-0.000983732
-0.000978816
-0.000973924
-0.000969057
-0.000964214
-0.000959395
-0.000954601
-0.00094983
-0.000945083
-0.00094036
-0.000935661
-0.000930985
-0.000926332
-0.000921703
-0.000917097
-0.000912514
-0.000907954
-0.000903416
-0.000898901
-0.000894409
-0.000889939
-0.000885492
-0.000881067
-0.000876664
-0.000872283
-0.000867924
-0.000863587
-0.000859271
-0.000854977
-0.000850704
-0.000846453
-0.000842223
-0.000838014
-0.000833827
-0.00082966
-0.000825514
-0.000821389
-0.000817284
-0.0008132
-0.000809136
-0.000805093
-0.000801069
-0.000797066
-0.000793083
-0.00078912
-0.000785177
-0.000781253
-0.000777349
-0.000773465
-0.0007696
-0.000765754
-0.000761927
-0.00075812
-0.000754332
-0.000750562
-0.000746812
-0.00074308
-0.000739367
-0.000735672
-0.000731996
-0.000728338
-0.000724699
-0.000721077
-0.000717474
-0.000713889
-0.000710322
-0.000706772
-0.000703241
-0.000699727
-0.00069623
-0.000692751
-0.00068929
-0.000685846
-0.000682419
-0.000679009
-0.000675616
-0.00067224
-0.000668881
-0.000665539
-0.000662213
-0.000658904
-0.000655612
-0.000652336
-0.000649077
-0.000645833
-0.000642606
-0.000639396
-0.000636201
-0.000633022
-0.000629859
-0.000626712
-0.000623581
-0.000620465
-0.000617365
-0.00061428
-0.000611211
-0.000608157
-0.000605118
-0.000602095
-0.000599086
-0.000596093
-0.000593115
-0.000590151
-0.000587203
-0.000584269
-0.00058135
-0.000578445
-0.000575555
-0.000572679
-0.000569818
-0.000566971
-0.000564138
-0.00056132
-0.000558515
-0.000555725
-0.000552948
-0.000550186
-0.000547437
-0.000544702
-0.00054198
-0.000539273
-0.000536578
-0.000533898
-0.00053123
-0.000528576
-0.000525935
-0.000523308
-0.000520693
-0.000518092
-0.000515504
-0.000512928
-0.000510366
-0.000507816
-0.000505279
-0.000502755
-0.000500243
-0.000497744
-0.000495257
-0.000492783
-0.000490321
-0.000487872
-0.000485434
-0.000483009
-0.000480596
-0.000478195
-0.000475806
-0.00047343
-0.000471064
-0.000468711
-0.00046637
-0.00046404
-0.000461722
-0.000459415
-0.00045712
-0.000454837
-0.000452565
-0.000450304
-0.000448054
-0.000445816
-0.000443589
-0.000441373
-0.000439168
-0.000436975
-0.000434792
-0.00043262
-0.000430459
-0.000428309
-0.000426169
-0.00042404
-0.000421922
-0.000419815
-0.000417718
-0.000415631
-0.000413555
-0.000411489
-0.000409434
-0.000407389
-0.000405354
-0.000403329
-0.000401314
-0.00039931
-0.000397315
-0.000395331
-0.000393356
-0.000391391
-0.000389436
-0.000387491
-0.000385556
-0.00038363
-0.000381714
-0.000379807
-0.00037791
-0.000376023
-0.000374145
-0.000372276
-0.000370417
-0.000368567
-0.000366726
-0.000364894
-0.000363072
-0.000361258
-0.000359454
-0.000357659
-0.000355873
-0.000354095
-0.000352327
-0.000350567
-0.000348816
-0.000347074
-0.000345341
-0.000343616
-0.0003419
-0.000340193
-0.000338494
-0.000336803
-0.000335121
-0.000333448
-0.000331782
-0.000330125
-0.000328477
-0.000326836
-0.000325204
-0.00032358
-0.000321964
-0.000320356
-0.000318757
-0.000317165
-0.000315581
-0.000314005
-0.000312437
-0.000310877
-0.000309324
-0.00030778
-0.000306243
-0.000304714
-0.000303192
-0.000301678
-0.000300172
-0.000298673
-0.000297181
-0.000295698
-0.000294221
-0.000292752
-0.00029129
-0.000289836
-0.000288388
-0.000286948
-0.000285516
-0.00028409
-0.000282672
-0.00028126
-0.000279856
-0.000278459
-0.000277068
-0.000275685
-0.000274308
-0.000272939
-0.000271576
-0.00027022
-0.000268871
-0.000267529
-0.000266193
-0.000264864
-0.000263542
-0.000262226
-0.000260917
-0.000259614
-0.000258318
-0.000257028
-0.000255745
-0.000254468
-0.000253198
-0.000251934
-0.000250676
-0.000249425
-0.00024818
-0.000246941
-0.000245708
-0.000244481
-0.000243261
-0.000242046
-0.000240838
-0.000239636
-0.00023844
-0.000237249
-0.000236065
-0.000234887
-0.000233714
-0.000232548
-0.000231387
-0.000230232
-0.000229083
-0.000227939
-0.000226801
-0.000225669
-0.000224543
-0.000223422
-0.000222307
-0.000221197
-0.000220093
-0.000218995
-0.000217902
-0.000216814
-0.000215732
-0.000214655
-0.000213584
-0.000212518
-0.000211457
-0.000210402
-0.000209352
-0.000208307
-0.000207267
-0.000206233
-0.000205204
-0.00020418
-0.000203161
-0.000202147
-0.000201138
-0.000200134
-0.000199135
-0.000198142
-0.000197153
-0.000196169
-0.00019519
-0.000194216
-0.000193247
-0.000192283
-0.000191323
-0.000190368
-0.000189418
-0.000188473
-0.000187533
-0.000186597
-0.000185666
-0.00018474
-0.000183818
-0.000182901
-0.000181988
-0.00018108
-0.000180176
-0.000179277
-0.000178383
-0.000177493
-0.000176607
-0.000175726
-0.00017485
-0.000173977
-0.000173109
-0.000172246
-0.000171386
-0.000170531
-0.00016968
-0.000168834
-0.000167992
-0.000167154
-0.00016632
-0.00016549
-0.000164664
-0.000163843
-0.000163026
-0.000162212
-0.000161403
-0.000160598
-0.000159797
-0.000159
-0.000158207
-0.000157418
-0.000156633
-0.000155851
-0.000155074
-0.0001543
-0.000153531
-0.000152765
-0.000152003
-0.000151245
-0.000150491
-0.00014974
-0.000148993
-0.00014825
-0.000147511
-0.000146775
-0.000146043
-0.000145315
-0.00014459
-0.000143869
-0.000143151
-0.000142438
-0.000141727
-0.000141021
-0.000140317
-0.000139618
-0.000138921
-0.000138229
-0.000137539
-0.000136854
-0.000136171
-0.000135492
-0.000134817
-0.000134144
-0.000133475
-0.00013281
-0.000132148
-0.000131489
-0.000130833
-0.000130181
-0.000129532
-0.000128886
-0.000128244
-0.000127604
-0.000126968
-0.000126335
-0.000125705
-0.000125079
-0.000124455
-0.000123835
-0.000123217
-0.000122603
-0.000121992
-0.000121384
-0.000120779
-0.000120177
-0.000119578
-0.000118982
-0.000118389
-0.000117799
-0.000117211
-0.000116627
-0.000116046
-0.000115468
-0.000114892
-0.000114319
-0.00011375
-0.000113183
-0.000112619
-0.000112057
-0.000111499
-0.000110943
-0.00011039
-0.00010984
-0.000109293
-0.000108749
-0.000108207
-0.000107667
-0.000107131
-0.000106597
-0.000106066
-0.000105537
-0.000105011
-0.000104488
-0.000103968
-0.00010345
-0.000102934
-0.000102421
-0.000101911
-0.000101403
-0.000100898
-0.000100396
-9.98955e-05
-9.93978e-05
-9.89026e-05
-9.84099e-05
-9.79197e-05
-9.74319e-05
-9.69466e-05
-9.64637e-05
-9.59832e-05
-9.55051e-05
-9.50294e-05
-9.45561e-05
-9.40851e-05
-9.36165e-05
-9.31502e-05
-9.26863e-05
-9.22247e-05
-9.17654e-05
-9.13084e-05
-9.08536e-05
-9.04012e-05
-8.9951e-05
-8.95031e-05
-8.90573e-05
-8.86139e-05
-8.81726e-05
-8.77337e-05
-8.72968e-05
-8.68621e-05
-8.64296e-05
-8.59993e-05
-8.55711e-05
-8.5145e-05
-8.47211e-05
-8.42993e-05
-8.38796e-05
-8.3462e-05
-8.30465e-05
-8.26331e-05
-8.22217e-05
-8.18124e-05
-8.14051e-05
-8.09999e-05
-8.05967e-05
-8.01955e-05
-7.97963e-05
-7.93992e-05
-7.9004e-05
-7.86108e-05
-7.82195e-05
-7.78302e-05
-7.74429e-05
-7.70575e-05
-7.6674e-05
-7.62924e-05
-7.59127e-05
-7.5535e-05
-7.51591e-05
-7.47851e-05
-7.4413e-05
-7.40427e-05
-7.36743e-05
-7.33077e-05
-7.2943e-05
-7.25801e-05
-7.2219e-05
-7.18597e-05
-7.15022e-05
-7.11464e-05
-7.07925e-05
-7.04403e-05
-7.00899e-05
-6.97413e-05
-6.93943e-05
-6.90492e-05
-6.87057e-05
-6.8364e-05
-6.80239e-05
-6.76856e-05
-6.7349e-05
-6.7014e-05
-6.66807e-05
-6.63491e-05
-6.60191e-05
-6.56908e-05
-6.53642e-05
-6.50391e-05
-6.47157e-05
-6.43939e-05
-6.40737e-05
-6.37551e-05
-6.34381e-05
-6.31227e-05
-6.28089e-05
-6.24966e-05
-6.21859e-05
-6.18768e-05
-6.15692e-05
-6.12631e-05
-6.09586e-05
-6.06555e-05
-6.0354e-05
-6.0054e-05
-5.97555e-05
-5.94585e-05
-5.9163e-05
-5.8869e-05
-5.85764e-05
-5.82853e-05
-5.79956e-05
-5.77074e-05
-5.74207e-05
-5.71353e-05
-5.68514e-05
-5.65689e-05
-5.62879e-05
-5.60082e-05
-5.57299e-05
-5.5453e-05
-5.51775e-05
-5.49034e-05
-5.46306e-05
-5.43592e-05
-5.40892e-05
-5.38205e-05
-5.35532e-05
-5.32872e-05
-5.30225e-05
-5.27592e-05
-5.24971e-05
-5.22364e-05
-5.1977e-05
-5.17188e-05
-5.1462e-05
-5.12064e-05
-5.09522e-05
-5.06992e-05
-5.04474e-05
-5.01969e-05
-4.99477e-05
-4.96997e-05
-4.9453e-05
-4.92075e-05
-4.89632e-05
-4.87201e-05
-4.84783e-05
-4.82376e-05
-4.79982e-05
-4.77599e-05
-4.75229e-05
-4.7287e-05
-4.70523e-05
-4.68188e-05
-4.65865e-05
-4.63553e-05
-4.61252e-05
-4.58964e-05
-4.56686e-05
-4.5442e-05
-4.52166e-05
-4.49922e-05
-4.4769e-05
-4.45469e-05
-4.43259e-05
-4.4106e-05
-4.38872e-05
-4.36695e-05
-4.34529e-05
-4.32374e-05
-4.30229e-05
-4.28095e-05
-4.25972e-05
-4.2386e-05
-4.21758e-05
-4.19666e-05
-4.17585e-05
-4.15515e-05
-4.13455e-05
-4.11405e-05
-4.09365e-05
-4.07335e-05
-4.05316e-05
-4.03307e-05
-4.01307e-05
-3.99318e-05
-3.97339e-05
-3.95369e-05
-3.9341e-05
-3.9146e-05
-3.8952e-05
-3.8759e-05
-3.85669e-05
-3.83758e-05
-3.81856e-05
-3.79964e-05
-3.78082e-05
-3.76208e-05
-3.74345e-05
-3.7249e-05
-3.70645e-05
-3.68809e-05
-3.66982e-05
-3.65164e-05
-3.63356e-05
-3.61556e-05
-3.59765e-05
-3.57984e-05
-3.56211e-05
-3.54447e-05
-3.52692e-05
-3.50946e-05
-3.49208e-05
-3.47479e-05
-3.45759e-05
-3.44047e-05
-3.42344e-05
-3.40649e-05
-3.38963e-05
-3.37285e-05
-3.35616e-05
-3.33955e-05
-3.32302e-05
-3.30658e-05
-3.29022e-05
-3.27394e-05
-3.25774e-05
-3.24162e-05
-3.22558e-05
-3.20962e-05
-3.19375e-05
-3.17795e-05
-3.16223e-05
-3.14659e-05
-3.13102e-05
-3.11554e-05
-3.10013e-05
-3.0848e-05
-3.06955e-05
-3.05437e-05
-3.03927e-05
-3.02424e-05
-3.00929e-05
-2.99441e-05
-2.97961e-05
-2.96488e-05
-2.95023e-05
-2.93564e-05
-2.92114e-05
-2.9067e-05
-2.89234e-05
-2.87804e-05
-2.86382e-05
-2.84967e-05
-2.83559e-05
-2.82158e-05
-2.80764e-05
-2.79378e-05
-2.77998e-05
-2.76624e-05
-2.75258e-05
-2.73899e-05
-2.72546e-05
-2.712e-05
-2.69861e-05
-2.68529e-05
-2.67203e-05
-2.65884e-05
-2.64571e-05
-2.63265e-05
-2.61966e-05
-2.60673e-05
-2.59386e-05
-2.58106e-05
-2.56832e-05
-2.55565e-05
-2.54304e-05
-2.53049e-05
-2.518e-05
-2.50558e-05
-2.49322e-05
-2.48092e-05
-2.46869e-05
-2.45651e-05
-2.4444e-05
-2.43234e-05
-2.42035e-05
-2.40841e-05
-2.39654e-05
-2.38472e-05
-2.37297e-05
-2.36127e-05
-2.34963e-05
-2.33805e-05
-2.32652e-05
-2.31506e-05
-2.30365e-05
-2.2923e-05
-2.281e-05
-2.26977e-05
-2.25858e-05
-2.24746e-05
-2.23639e-05
-2.22537e-05
-2.21441e-05
-2.2035e-05
-2.19265e-05
-2.18186e-05
-2.17111e-05
-2.16042e-05
-2.14979e-05
-2.1392e-05
-2.12867e-05
-2.1182e-05
-2.10777e-05
-2.0974e-05
-2.08708e-05
-2.07681e-05
-2.06659e-05
-2.05642e-05
-2.04631e-05
-2.03624e-05
-2.02622e-05
-2.01626e-05
-2.00634e-05
-1.99648e-05
-1.98666e-05
-1.97689e-05
-1.96717e-05
-1.9575e-05
-1.94788e-05
-1.9383e-05
-1.92878e-05
-1.9193e-05
-1.90987e-05
-1.90048e-05
-1.89114e-05
-1.88185e-05
-1.87261e-05
-1.86341e-05
-1.85426e-05
-1.84515e-05
-1.83609e-05
-1.82707e-05
-1.8181e-05
-1.80918e-05
-1.80029e-05
-1.79146e-05
-1.78266e-05
-1.77391e-05
-1.76521e-05
-1.75655e-05
-1.74793e-05
-1.73935e-05
-1.73082e-05
-1.72233e-05
-1.71388e-05
-1.70548e-05
-1.69711e-05
-1.68879e-05
-1.68051e-05
-1.67227e-05
-1.66407e-05
-1.65592e-05
-1.6478e-05
-1.63972e-05
-1.63169e-05
-1.62369e-05
-1.61574e-05
-1.60782e-05
-1.59995e-05
-1.59211e-05
-1.58431e-05
-1.57655e-05
-1.56883e-05
-1.56115e-05
-1.55351e-05
-1.5459e-05
-1.53834e-05
-1.53081e-05
-1.52332e-05
-1.51586e-05
-1.50844e-05
-1.50106e-05
-1.49372e-05
-1.48641e-05
-1.47914e-05
-1.47191e-05
-1.46471e-05
-1.45755e-05
-1.45043e-05
-1.44334e-05
-1.43628e-05
-1.42926e-05
-1.42228e-05
-1.41533e-05
-1.40841e-05
-1.40153e-05
-1.39478e-05
-1.38792e-05
-1.38113e-05
-1.37438e-05
-1.36766e-05
-1.36098e-05
-1.35434e-05
-1.34773e-05
-1.34115e-05
-1.3346e-05
-1.32809e-05
-1.32161e-05
-1.31516e-05
-1.30874e-05
-1.30236e-05
-1.29601e-05
-1.28969e-05
-1.28341e-05
-1.27715e-05
-1.27093e-05
-1.26473e-05
-1.25857e-05
-1.25244e-05
-1.24634e-05
-1.24027e-05
-1.23423e-05
-1.22821e-05
-1.22223e-05
-1.21628e-05
-1.21036e-05
-1.20447e-05
-1.19861e-05
-1.19277e-05
-1.18697e-05
-1.18119e-05
-1.17545e-05
-1.16973e-05
-1.16404e-05
-1.15838e-05
-1.15275e-05
-1.14714e-05
-1.14157e-05
-1.13602e-05
-1.1305e-05
-1.12501e-05
-1.11954e-05
-1.1141e-05
-1.10869e-05
-1.10331e-05
-1.09795e-05
-1.09262e-05
-1.08731e-05
-1.08204e-05
-1.07679e-05
-1.07156e-05
-1.06636e-05
-1.06119e-05
-1.05604e-05
-1.05092e-05
-1.04582e-05
-1.04075e-05
-1.03571e-05
-1.03069e-05
-1.02569e-05
-1.02072e-05
-1.01578e-05
-1.01086e-05
-1.00596e-05
-1.00109e-05
-9.96241e-06
-9.91418e-06
-9.86619e-06
-9.81844e-06
-9.77092e-06
-9.72365e-06
-9.67661e-06
-9.6298e-06
-9.58323e-06
-9.53689e-06
-9.49078e-06
-9.4449e-06
-9.39925e-06
-9.35383e-06
-9.30864e-06
-9.26367e-06
-9.21892e-06
-9.1744e-06
-9.1301e-06
-9.08602e-06
-9.04216e-06
-8.99852e-06
-8.9551e-06
-8.91189e-06
-8.8689e-06
