-0.871105
-0.850468
-0.831757
-0.81474
-0.799214
-0.785
-0.771944
-0.759908
-0.748774
-0.738436
-0.728803
-0.719794
-0.711339
-0.703375
-0.69585
-0.688714
-0.681927
-0.675452
-0.669255
-0.66331
-0.65759
-0.652075
-0.646744
-0.641581
-0.63657
-0.631699
-0.626955
-0.622328
-0.617809
-0.61339
-0.609063
-0.604822
-0.600661
-0.596576
-0.592561
-0.588612
-0.584726
-0.580899
-0.577128
-0.573411
-0.569745
-0.566128
-0.562558
-0.559033
-0.555551
-0.552111
-0.548711
-0.545349
-0.542026
-0.538739
-0.535488
-0.532271
-0.529087
-0.525936
-0.522817
-0.519729
-0.516671
-0.513643
-0.510644
-0.507672
-0.504729
-0.501812
-0.498922
-0.496058
-0.49322
-0.490406
-0.487617
-0.484852
-0.48211
-0.479391
-0.476696
-0.474022
-0.471371
-0.468741
-0.466132
-0.463544
-0.460977
-0.45843
-0.455902
-0.453394
-0.450906
-0.448436
-0.445985
-0.443552
-0.441138
-0.438741
-0.436362
-0.434
-0.431655
-0.429327
-0.427016
-0.424721
-0.422442
-0.420179
-0.417931
-0.415699
-0.413483
-0.411281
-0.409095
-0.406923
-0.404766
-0.402623
-0.400494
-0.398379
-0.396278
-0.394191
-0.392117
-0.390057
-0.388009
-0.385975
-0.383954
-0.381945
-0.379949
-0.377966
-0.375995
-0.374036
-0.372089
-0.370154
-0.368231
-0.36632
-0.36442
-0.362531
-0.360654
-0.358789
-0.356934
-0.35509
-0.353258
-0.351436
-0.349625
-0.347824
-0.346034
-0.344254
-0.342485
-0.340726
-0.338977
-0.337238
-0.335509
-0.33379
-0.332081
-0.330381
-0.328691
-0.32701
-0.325339
-0.323678
-0.322025
-0.320382
-0.318748
-0.317124
-0.315508
-0.313901
-0.312303
-0.310714
-0.309133
-0.307561
-0.305998
-0.304443
-0.302897
-0.301359
-0.29983
-0.298309
-0.296796
-0.295291
-0.293794
-0.292306
-0.290825
-0.289352
-0.287887
-0.286431
-0.284981
-0.28354
-0.282106
-0.28068
-0.279261
-0.27785
-0.276447
-0.27505
-0.273662
-0.27228
-0.270906
-0.269539
-0.268179
-0.266826
-0.265481
-0.264142
-0.262811
-0.261486
-0.260168
-0.258858
-0.257554
-0.256256
-0.254966
-0.253682
-0.252405
-0.251135
-0.249871
-0.248613
-0.247363
-0.246118
-0.24488
-0.243649
-0.242424
-0.241205
-0.239992
-0.238786
-0.237586
-0.236392
-0.235204
-0.234022
-0.232846
-0.231677
-0.230513
-0.229355
-0.228204
-0.227058
-0.225918
-0.224783
-0.223655
-0.222532
-0.221415
-0.220304
-0.219199
-0.218099
-0.217004
-0.215916
-0.214832
-0.213755
-0.212683
-0.211616
-0.210554
-0.209498
-0.208448
-0.207403
-0.206363
-0.205328
-0.204299
-0.203274
-0.202255
-0.201241
-0.200233
-0.199229
-0.198231
-0.197237
-0.196249
-0.195265
-0.194287
-0.193313
-0.192345
-0.191381
-0.190422
-0.189468
-0.188519
-0.187574
-0.186635
-0.1857
-0.18477
-0.183844
-0.182923
-0.182007
-0.181096
-0.180189
-0.179286
-0.178388
-0.177495
-0.176606
-0.175722
-0.174842
-0.173967
-0.173096
-0.172229
-0.171367
-0.170509
-0.169655
-0.168806
-0.16796
-0.16712
-0.166283
-0.165451
-0.164622
-0.163798
-0.162978
-0.162163
-0.161351
-0.160543
-0.15974
-0.15894
-0.158145
-0.157353
-0.156566
-0.155782
-0.155002
-0.154227
-0.153455
-0.152687
-0.151923
-0.151163
-0.150406
-0.149653
-0.148905
-0.148159
-0.147418
-0.14668
-0.145946
-0.145216
-0.14449
-0.143767
-0.143047
-0.142331
-0.141619
-0.140911
-0.140206
-0.139504
-0.138806
-0.138112
-0.137421
-0.136733
-0.136049
-0.135368
-0.134691
-0.134017
-0.133347
-0.13268
-0.132016
-0.131356
-0.130698
-0.130045
-0.129394
-0.128747
-0.128103
-0.127462
-0.126824
-0.12619
-0.125558
-0.12493
-0.124305
-0.123684
-0.123065
-0.122449
-0.121837
-0.121227
-0.120621
-0.120018
-0.119417
-0.11882
-0.118226
-0.117634
-0.117046
-0.11646
-0.115878
-0.115298
-0.114721
-0.114148
-0.113577
-0.113009
-0.112443
-0.111881
-0.111321
-0.110764
-0.11021
-0.109659
-0.109111
-0.108565
-0.108022
-0.107482
-0.106944
-0.106409
-0.105877
-0.105347
-0.104821
-0.104296
-0.103775
-0.103256
-0.102739
-0.102225
-0.101714
-0.101205
-0.100699
-0.100196
-0.0996944
-0.0991958
-0.0986997
-0.0982061
-0.0977149
-0.0972262
-0.09674
-0.0962561
-0.0957747
-0.0952957
-0.0948191
-0.0943449
-0.0938731
-0.0934036
-0.0929365
-0.0924717
-0.0920092
-0.0915491
-0.0910912
-0.0906357
-0.0901824
-0.0897314
-0.0892826
-0.0888361
-0.0883918
-0.0879498
-0.0875099
-0.0870723
-0.0866368
-0.0862036
-0.0857725
-0.0853435
-0.0849167
-0.084492
-0.0840695
-0.0836491
-0.0832307
-0.0828145
-0.0824004
-0.0819883
-0.0815783
-0.0811703
-0.0807644
-0.0803605
-0.0799586
-0.0795587
-0.0791609
-0.078765
-0.0783711
-0.0779792
-0.0775892
-0.0772012
-0.0768151
-0.076431
-0.0760488
-0.0756685
-0.0752901
-0.0749136
-0.0745389
-0.0741662
-0.0737953
-0.0734263
-0.0730591
-0.0726937
-0.0723302
-0.0719685
-0.0716086
-0.0712505
-0.0708942
-0.0705397
-0.0701869
-0.0698359
-0.0694867
-0.0691392
-0.0687935
-0.0684495
-0.0681072
-0.0677666
-0.0674277
-0.0670905
-0.066755
-0.0664212
-0.0660891
-0.0657586
-0.0654297
-0.0651026
-0.064777
-0.0644531
-0.0641308
-0.0638101
-0.063491
-0.0631735
-0.0628576
-0.0625433
-0.0622305
-0.0619193
-0.0616097
-0.0613016
-0.0609951
-0.0606901
-0.0603866
-0.0600846
-0.0597841
-0.0594852
-0.0591877
-0.0588918
-0.0585973
-0.0583043
-0.0580127
-0.0577226
-0.057434
-0.0571468
-0.056861
-0.0565767
-0.0562938
-0.0560123
-0.0557322
-0.0554535
-0.0551762
-0.0549003
-0.0546258
-0.0543526
-0.0540808
-0.0538104
-0.0535413
-0.0532736
-0.0530072
-0.0527421
-0.0524784
-0.052216
-0.0519549
-0.0516951
-0.0514366
-0.0511794
-0.0509234
-0.0506688
-0.0504154
-0.0501633
-0.0499125
-0.0496629
-0.0494146
-0.0491675
-0.0489216
-0.048677
-0.0484336
-0.0481914
-0.0479504
-0.0477107
-0.0474721
-0.0472347
-0.0469985
-0.0467635
-0.0465297
-0.046297
-0.0460655
-0.0458352
-0.045606
-0.0453779
-0.045151
-0.0449252
-0.0447006
-0.0444771
-0.0442547
-0.0440334
-0.0438132
-0.0435941
-0.0433761
-0.0431592
-0.0429434
-0.0427287
-0.042515
-0.0423025
-0.0420909
-0.0418805
-0.041671
-0.0414627
-0.0412553
-0.0410491
-0.0408438
-0.0406396
-0.0404364
-0.0402342
-0.040033
-0.0398328
-0.0396336
-0.0394354
-0.0392383
-0.0390421
-0.0388468
-0.0386526
-0.0384593
-0.038267
-0.0380757
-0.0378853
-0.0376958
-0.0375073
-0.0373198
-0.0371332
-0.0369475
-0.0367628
-0.0365789
-0.036396
-0.036214
-0.036033
-0.0358528
-0.0356735
-0.0354951
-0.0353177
-0.0351411
-0.0349653
-0.0347905
-0.0346165
-0.0344435
-0.0342712
-0.0340999
-0.0339294
-0.0337597
-0.0335909
-0.0334229
-0.0332558
-0.0330895
-0.0329241
-0.0327594
-0.0325956
-0.0324326
-0.0322705
-0.0321091
-0.0319486
-0.0317888
-0.0316299
-0.0314717
-0.0313143
-0.0311578
-0.031002
-0.0308469
-0.0306927
-0.0305392
-0.0303865
-0.0302346
-0.0300834
-0.029933
-0.0297833
-0.0296344
-0.0294862
-0.0293388
-0.0291921
-0.0290461
-0.0289009
-0.0287564
-0.0286126
-0.0284695
-0.0283272
-0.0281855
-0.0280446
-0.0279044
-0.0277648
-0.027626
-0.0274879
-0.0273504
-0.0272137
-0.0270776
-0.0269422
-0.0268075
-0.0266734
-0.0265401
-0.0264074
-0.0262753
-0.0261439
-0.0260132
-0.0258831
-0.0257537
-0.025625
-0.0254968
-0.0253693
-0.0252425
-0.0251163
-0.0249907
-0.0248657
-0.0247414
-0.0246177
-0.0244946
-0.0243721
-0.0242503
-0.024129
-0.0240083
-0.0238883
-0.0237689
-0.02365
-0.0235318
-0.0234141
-0.023297
-0.0231805
-0.0230646
-0.0229493
-0.0228345
-0.0227204
-0.0226068
-0.0224937
-0.0223813
-0.0222693
-0.022158
-0.0220472
-0.021937
-0.0218273
-0.0217181
-0.0216095
-0.0215015
-0.021394
-0.021287
-0.0211806
-0.0210747
-0.0209693
-0.0208644
-0.0207601
-0.0206563
-0.020553
-0.0204503
-0.020348
-0.0202463
-0.020145
-0.0200443
-0.0199441
-0.0198444
-0.0197451
-0.0196464
-0.0195482
-0.0194504
-0.0193532
-0.0192564
-0.0191601
-0.0190643
-0.018969
-0.0188741
-0.0187798
-0.0186859
-0.0185924
-0.0184995
-0.018407
-0.0183149
-0.0182234
-0.0181322
-0.0180416
-0.0179514
-0.0178616
-0.0177723
-0.0176834
-0.017595
-0.017507
-0.0174195
-0.0173324
-0.0172457
-0.0171595
-0.0170737
-0.0169883
-0.0169034
-0.0168189
-0.0167348
-0.0166511
-0.0165679
-0.016485
-0.0164026
-0.0163206
-0.016239
-0.0161578
-0.016077
-0.0159966
-0.0159166
-0.015837
-0.0157578
-0.0156791
-0.0156007
-0.0155227
-0.015445
-0.0153678
-0.015291
-0.0152145
-0.0151384
-0.0150627
-0.0149874
-0.0149125
-0.0148379
-0.0147637
-0.0146899
-0.0146165
-0.0145434
-0.0144707
-0.0143983
-0.0143263
-0.0142547
-0.0141834
-0.0141125
-0.0140419
-0.0139717
-0.0139019
-0.0138323
-0.0137632
-0.0136944
-0.0136259
-0.0135578
-0.01349
-0.0134225
-0.0133554
-0.0132886
-0.0132222
-0.0131561
-0.0130903
-0.0130248
-0.0129597
-0.0128949
-0.0128304
-0.0127663
-0.0127025
-0.0126389
-0.0125758
-0.0125129
-0.0124503
-0.0123881
-0.0123261
-0.0122645
-0.0122032
-0.0121421
-0.0120814
-0.012021
-0.0119609
-0.0119011
-0.0118416
-0.0117824
-0.0117235
-0.0116649
-0.0116065
-0.0115485
-0.0114908
-0.0114333
-0.0113761
-0.0113193
-0.0112627
-0.0112064
-0.0111503
-0.0110946
-0.0110391
-0.0109839
-0.010929
-0.0108743
-0.01082
-0.0107659
-0.010712
-0.0106585
-0.0106052
-0.0105521
-0.0104994
-0.0104469
-0.0103947
-0.0103427
-0.010291
-0.0102395
-0.0101883
-0.0101374
-0.0100867
-0.0100363
-0.00998607
-0.00993614
-0.00988646
-0.00983702
-0.00978784
-0.0097389
-0.0096902
-0.00964175
-0.00959354
-0.00954558
-0.00949785
-0.00945036
-0.0094031
-0.00935609
-0.00930931
-0.00926276
-0.00921645
-0.00917036
-0.00912451
-0.00907889
-0.00903349
-0.00898833
-0.00894338
-0.00889867
-0.00885417
-0.0088099
-0.00876585
-0.00872202
-0.00867841
-0.00863502
-0.00859184
-0.00854889
-0.00850614
-0.00846361
-0.00842129
-0.00837918
-0.00833729
-0.0082956
-0.00825412
-0.00821285
-0.00817179
-0.00813093
-0.00809027
-0.00804982
-0.00800957
-0.00796952
-0.00792968
-0.00789003
-0.00785058
-0.00781132
-0.00777227
-0.00773341
-0.00769474
-0.00765626
-0.00761798
-0.00757989
-0.00754199
-0.00750428
-0.00746676
-0.00742943
-0.00739228
-0.00735532
-0.00731854
-0.00728195
-0.00724554
-0.00720931
-0.00717326
-0.0071374
-0.00710171
-0.0070662
-0.00703087
-0.00699572
-0.00696074
-0.00692593
-0.0068913
-0.00685685
-0.00682256
-0.00678845
-0.00675451
-0.00672073
-0.00668713
-0.00665369
-0.00662043
-0.00658732
-0.00655439
-0.00652161
-0.00648901
-0.00645656
-0.00642428
-0.00639216
-0.0063602
-0.00632839
-0.00629675
-0.00626527
-0.00623394
-0.00620277
-0.00617176
-0.0061409
-0.00611019
-0.00607964
-0.00604924
-0.006019
-0.0059889
-0.00595896
-0.00592916
-0.00589952
-0.00587002
-0.00584067
-0.00581147
-0.00578241
-0.0057535
-0.00572473
-0.00569611
-0.00566762
-0.00563929
-0.00561109
-0.00558303
-0.00555512
-0.00552734
-0.00549971
-0.00547221
-0.00544485
-0.00541762
-0.00539053
-0.00536358
-0.00533676
-0.00531008
-0.00528353
-0.00525711
-0.00523083
-0.00520467
-0.00517865
-0.00515275
-0.00512699
-0.00510136
-0.00507586
-0.00505049
-0.00502525
-0.00500014
-0.00497515
-0.00495029
-0.00492555
-0.00490094
-0.00487645
-0.00485208
-0.00482783
-0.00480371
-0.0047797
-0.00475582
-0.00473205
-0.0047084
-0.00468487
-0.00466146
-0.00463817
-0.00461499
-0.00459193
-0.00456898
-0.00454615
-0.00452343
-0.00450083
-0.00447833
-0.00445595
-0.00443369
-0.00441153
-0.00438948
-0.00436755
-0.00434572
-0.00432401
-0.0043024
-0.0042809
-0.00425951
-0.00423822
-0.00421704
-0.00419597
-0.004175
-0.00415413
-0.00413337
-0.00411272
-0.00409217
-0.00407172
-0.00405137
-0.00403112
-0.00401098
-0.00399093
-0.00397099
-0.00395115
-0.0039314
-0.00391175
-0.00389221
-0.00387276
-0.0038534
-0.00383415
-0.00381499
-0.00379592
-0.00377695
-0.00375808
-0.0037393
-0.00372061
-0.00370202
-0.00368352
-0.00366511
-0.00364679
-0.00362857
-0.00361044
-0.00359239
-0.00357444
-0.00355658
-0.00353881
-0.00352112
-0.00350353
-0.00348602
-0.0034686
-0.00345126
-0.00343402
-0.00341686
-0.00339978
-0.00338279
-0.00336589
-0.00334907
-0.00333233
-0.00331568
-0.00329911
-0.00328262
-0.00326622
-0.0032499
-0.00323366
-0.0032175
-0.00320142
-0.00318542
-0.0031695
-0.00315366
-0.0031379
-0.00312222
-0.00310662
-0.0030911
-0.00307565
-0.00306028
-0.00304499
-0.00302977
-0.00301463
-0.00299957
-0.00298458
-0.00296966
-0.00295482
-0.00294006
-0.00292536
-0.00291075
-0.0028962
-0.00288173
-0.00286733
-0.002853
-0.00283874
-0.00282456
-0.00281044
-0.0027964
-0.00278242
-0.00276852
-0.00275468
-0.00274092
-0.00272722
-0.00271359
-0.00270003
-0.00268654
-0.00267312
-0.00265976
-0.00264647
-0.00263324
-0.00262009
-0.00260699
-0.00259397
-0.002581
-0.00256811
-0.00255527
-0.0025425
-0.0025298
-0.00251716
-0.00250458
-0.00249206
-0.00247961
-0.00246722
-0.00245489
-0.00244263
-0.00243042
-0.00241828
-0.00240619
-0.00239417
-0.0023822
-0.0023703
-0.00235846
-0.00234667
-0.00233495
-0.00232328
-0.00231167
-0.00230012
-0.00228862
-0.00227719
-0.00226581
-0.00225449
-0.00224322
-0.00223201
-0.00222086
-0.00220976
-0.00219872
-0.00218774
-0.0021768
-0.00216593
-0.0021551
-0.00214434
-0.00213362
-0.00212296
-0.00211235
-0.0021018
-0.0020913
-0.00208085
-0.00207045
-0.0020601
-0.00204981
-0.00203957
-0.00202938
-0.00201924
-0.00200915
-0.00199911
-0.00198912
-0.00197918
-0.00196929
-0.00195945
-0.00194966
-0.00193992
-0.00193023
-0.00192058
-0.00191099
-0.00190144
-0.00189194
-0.00188248
-0.00187308
-0.00186372
-0.00185441
-0.00184514
-0.00183592
-0.00182675
-0.00181762
-0.00180854
-0.00179951
-0.00179051
-0.00178157
-0.00177267
-0.00176381
-0.001755
-0.00174623
-0.0017375
-0.00172882
-0.00172019
-0.00171159
-0.00170304
-0.00169453
-0.00168606
-0.00167764
-0.00166926
-0.00166092
-0.00165262
-0.00164436
-0.00163615
-0.00162797
-0.00161984
-0.00161175
-0.0016037
-0.00159568
-0.00158771
-0.00157978
-0.00157189
-0.00156403
-0.00155622
-0.00154844
-0.00154071
-0.00153301
-0.00152535
-0.00151773
-0.00151015
-0.00150261
-0.0014951
-0.00148763
-0.0014802
-0.0014728
-0.00146544
-0.00145812
-0.00145084
-0.00144359
-0.00143638
-0.0014292
-0.00142206
-0.00141496
-0.00140789
-0.00140086
-0.00139386
-0.0013869
-0.00137997
-0.00137307
-0.00136621
-0.00135939
-0.0013526
-0.00134584
-0.00133912
-0.00133243
-0.00132577
-0.00131915
-0.00131256
-0.001306
-0.00129948
-0.00129299
-0.00128653
-0.0012801
-0.00127371
-0.00126735
-0.00126102
-0.00125472
-0.00124845
-0.00124221
-0.00123601
-0.00122983
-0.00122369
-0.00121758
-0.0012115
-0.00120544
-0.00119942
-0.00119343
-0.00118747
-0.00118154
-0.00117564
-0.00116977
-0.00116392
-0.00115811
-0.00115232
-0.00114657
-0.00114084
-0.00113514
-0.00112947
-0.00112383
-0.00111822
-0.00111263
-0.00110708
-0.00110155
-0.00109604
-0.00109057
-0.00108512
-0.0010797
-0.00107431
-0.00106894
-0.00106361
-0.00105829
-0.00105301
-0.00104775
-0.00104252
-0.00103731
-0.00103213
-0.00102697
-0.00102184
-0.00101674
-0.00101166
-0.00100661
-0.00100158
-0.000996581
-0.000991604
-0.000986652
-0.000981724
-0.000976821
-0.000971943
-0.000967089
-0.000962259
-0.000957454
-0.000952672
-0.000947914
-0.000943181
-0.00093847
-0.000933784
-0.000929121
-0.000924481
-0.000919864
-0.00091527
-0.0009107
-0.000906152
-0.000901627
-0.000897124
-0.000892644
-0.000888187
-0.000883752
-0.000879339
-0.000874947
-0.000870578
-0.000866231
-0.000861906
-0.000857602
-0.000853319
-0.000849059
-0.000844819
-0.0008406
-0.000836403
-0.000832227
-0.000828071
-0.000823936
-0.000819822
-0.000815729
-0.000811656
-0.000807603
-0.000803571
-0.000799559
-0.000795566
-0.000791594
-0.000787642
-0.000783709
-0.000779796
-0.000775903
-0.000772029
-0.000768174
-0.000764339
-0.000760523
-0.000756726
-0.000752948
-0.000749189
-0.000745448
-0.000741727
-0.000738024
-0.000734339
-0.000730673
-0.000727025
-0.000723395
-0.000719784
-0.000716191
-0.000712615
-0.000709058
-0.000705518
-0.000701996
-0.000698491
-0.000695005
-0.000691535
-0.000688083
-0.000684648
-0.00068123
-0.00067783
-0.000674446
-0.000671079
-0.000667729
-0.000664396
-0.00066108
-0.00065778
-0.000654496
-0.000651229
-0.000647979
-0.000644744
-0.000641526
-0.000638325
-0.000635139
-0.000631968
-0.000628814
-0.000625675
-0.000622552
-0.000619445
-0.000616353
-0.000613277
-0.000610216
-0.00060717
-0.00060414
-0.000601124
-0.000598124
-0.000595139
-0.000592169
-0.000589213
-0.000586273
-0.000583347
-0.000580435
-0.000577539
-0.000574656
-0.000571789
-0.000568935
-0.000566096
-0.000563271
-0.00056046
-0.000557663
-0.00055488
-0.000552111
-0.000549356
-0.000546614
-0.000543887
-0.000541173
-0.000538472
-0.000535785
-0.000533112
-0.000530452
-0.000527805
-0.000525171
-0.000522551
-0.000519943
-0.000517349
-0.000514768
-0.000512199
-0.000509644
-0.000507101
-0.000504571
-0.000502053
-0.000499548
-0.000497056
-0.000494576
-0.000492108
-0.000489653
-0.00048721
-0.00048478
-0.000482361
-0.000479955
-0.00047756
-0.000475178
-0.000472807
-0.000470449
-0.000468102
-0.000465767
-0.000463443
-0.000461131
-0.000458831
-0.000456542
-0.000454265
-0.000451999
-0.000449744
-0.000447501
-0.000445268
-0.000443047
-0.000440837
-0.000438639
-0.000436451
-0.000434274
-0.000432108
-0.000429952
-0.000427808
-0.000425674
-0.000423551
-0.000421439
-0.000419337
-0.000417245
-0.000415164
-0.000413094
-0.000411034
-0.000408984
-0.000406944
-0.000404915
-0.000402896
-0.000400886
-0.000398887
-0.000396898
-0.000394919
-0.000392949
-0.00039099
-0.00038904
-0.0003871
-0.00038517
-0.00038325
-0.000381339
-0.000379437
-0.000377545
-0.000375663
-0.00037379
-0.000371926
-0.000370072
-0.000368226
-0.000366391
-0.000364564
-0.000362746
-0.000360938
-0.000359138
-0.000357348
-0.000355566
-0.000353794
-0.00035203
-0.000350275
-0.000348529
-0.000346792
-0.000345063
-0.000343343
-0.000341631
-0.000339928
-0.000338234
-0.000336548
-0.00033487
-0.000333201
-0.00033154
-0.000329888
-0.000328244
-0.000326608
-0.00032498
-0.00032336
-0.000321749
-0.000320145
-0.000318549
-0.000316962
-0.000315382
-0.000313811
-0.000312247
-0.000310691
-0.000309142
-0.000307602
-0.000306069
-0.000304544
-0.000303026
-0.000301516
-0.000300014
-0.000298519
-0.000297032
-0.000295552
-0.000294079
-0.000292614
-0.000291156
-0.000289705
-0.000288262
-0.000286826
-0.000285397
-0.000283975
-0.00028256
-0.000281153
-0.000279752
-0.000278358
-0.000276972
-0.000275592
-0.000274219
-0.000272853
-0.000271494
-0.000270142
-0.000268796
-0.000267457
-0.000266125
-0.0002648
-0.000263481
-0.000262169
-0.000260863
-0.000259564
-0.000258271
-0.000256985
-0.000255705
-0.000254431
-0.000253164
-0.000251904
-0.000250649
-0.000249401
-0.000248159
-0.000246924
-0.000245694
-0.000244471
-0.000243253
-0.000242042
-0.000240837
-0.000239638
-0.000238445
-0.000237258
-0.000236077
-0.000234901
-0.000233732
-0.000232568
-0.000231411
-0.000230259
-0.000229112
-0.000227972
-0.000226837
-0.000225708
-0.000224585
-0.000223467
-0.000222354
-0.000221248
-0.000220147
-0.000219051
-0.000217961
-0.000216876
-0.000215797
-0.000214723
-0.000213654
-0.000212591
-0.000211533
-0.00021048
-0.000209433
-0.000208391
-0.000207354
-0.000206322
-0.000205296
-0.000204274
-0.000203258
-0.000202247
-0.000201241
-0.000200239
-0.000199243
-0.000198252
-0.000197266
-0.000196285
-0.000195308
-0.000194337
-0.00019337
-0.000192408
-0.000191451
-0.000190499
-0.000189551
-0.000188609
-0.000187671
-0.000186737
-0.000185809
-0.000184885
-0.000183965
-0.00018305
-0.00018214
-0.000181234
-0.000180333
-0.000179437
-0.000178544
-0.000177657
-0.000176773
-0.000175894
-0.00017502
-0.00017415
-0.000173284
-0.000172423
-0.000171566
-0.000170713
-0.000169864
-0.00016902
-0.00016818
-0.000167344
-0.000166512
-0.000165684
-0.000164861
-0.000164042
-0.000163226
-0.000162415
-0.000161608
-0.000160805
-0.000160006
-0.000159211
-0.00015842
-0.000157633
-0.000156849
-0.00015607
-0.000155295
-0.000154523
-0.000153756
-0.000152992
-0.000152232
-0.000151476
-0.000150723
-0.000149974
-0.00014923
-0.000148488
-0.000147751
-0.000147017
-0.000146287
-0.00014556
-0.000144837
-0.000144118
-0.000143403
-0.00014269
-0.000141982
-0.000141277
-0.000140575
-0.000139878
-0.000139183
-0.000138492
-0.000137805
-0.00013712
-0.00013644
-0.000135762
-0.000135089
-0.000134418
-0.000133751
-0.000133087
-0.000132426
-0.000131769
-0.000131115
-0.000130465
-0.000129817
-0.000129173
-0.000128532
-0.000127894
-0.00012726
-0.000126628
-0.000126
-0.000125375
-0.000124753
-0.000124134
-0.000123518
-0.000122905
-0.000122296
-0.000121689
-0.000121086
-0.000120485
-0.000119888
-0.000119293
-0.000118701
-0.000118113
-0.000117527
-0.000116944
-0.000116364
-0.000115787
-0.000115213
-0.000114642
-0.000114074
-0.000113508
-0.000112946
-0.000112386
-0.000111829
-0.000111274
-0.000110723
-0.000110174
-0.000109628
-0.000109085
-0.000108544
-0.000108006
-0.000107471
-0.000106939
-0.000106409
-0.000105882
-0.000105357
-0.000104835
-0.000104316
-0.000103799
-0.000103285
-0.000102773
-0.000102264
-0.000101758
-0.000101254
-0.000100752
-0.000100254
-9.9757e-05
-9.9263e-05
-9.87715e-05
-9.82825e-05
-9.77958e-05
-9.73116e-05
-9.68299e-05
-9.63505e-05
-9.58735e-05
-9.5399e-05
-9.49267e-05
-9.44569e-05
-9.39894e-05
-9.35242e-05
-9.30614e-05
-9.26009e-05
-9.21427e-05
-9.16867e-05
-9.12331e-05
-9.07817e-05
-9.03326e-05
-8.98857e-05
-8.9441e-05
-8.89986e-05
-8.85584e-05
-8.81204e-05
-8.76845e-05
-8.72509e-05
-8.68194e-05
-8.63901e-05
-8.59629e-05
-8.55378e-05
-8.51149e-05
-8.46941e-05
-8.42754e-05
-8.38587e-05
-8.34442e-05
-8.30317e-05
-8.26213e-05
-8.2213e-05
-8.18067e-05
-8.14024e-05
-8.10001e-05
-8.05999e-05
-8.02016e-05
-7.98054e-05
-7.94111e-05
-7.90188e-05
-7.86284e-05
-7.824e-05
-7.78535e-05
-7.7469e-05
-7.70864e-05
-7.67057e-05
-7.63269e-05
-7.595e-05
-7.5575e-05
-7.52018e-05
-7.48306e-05
-7.44611e-05
-7.40936e-05
-7.37278e-05
-7.33639e-05
-7.30018e-05
-7.26415e-05
-7.2283e-05
-7.19263e-05
-7.15714e-05
-7.12183e-05
-7.08669e-05
-7.05173e-05
-7.01694e-05
-6.98232e-05
-6.94788e-05
-6.91362e-05
-6.87952e-05
-6.84559e-05
-6.81183e-05
-6.77824e-05
-6.74482e-05
-6.71157e-05
-6.67848e-05
-6.64556e-05
-6.6128e-05
-6.5802e-05
-6.54777e-05
-6.5155e-05
-6.48339e-05
-6.45144e-05
-6.41965e-05
-6.38802e-05
-6.35655e-05
-6.32524e-05
-6.29408e-05
-6.26308e-05
-6.23223e-05
-6.20153e-05
-6.17099e-05
-6.14061e-05
-6.11037e-05
-6.08029e-05
-6.05035e-05
-6.02057e-05
-5.99093e-05
-5.96144e-05
-5.9321e-05
-5.9029e-05
-5.87386e-05
-5.84495e-05
-5.81619e-05
-5.78758e-05
-5.7591e-05
-5.73077e-05
-5.70258e-05
-5.67454e-05
-5.64663e-05
-5.61886e-05
-5.59123e-05
-5.56374e-05
-5.53638e-05
-5.50916e-05
-5.48208e-05
-5.45514e-05
-5.42832e-05
-5.40165e-05
-5.3751e-05
-5.34869e-05
-5.32241e-05
-5.29626e-05
-5.27024e-05
-5.24435e-05
-5.21859e-05
-5.19296e-05
-5.16746e-05
-5.14208e-05
-5.11683e-05
-5.09171e-05
-5.06671e-05
-5.04184e-05
-5.01709e-05
-4.99247e-05
-4.96797e-05
-4.94359e-05
-4.91933e-05
-4.89519e-05
-4.87118e-05
-4.84728e-05
-4.82351e-05
-4.79985e-05
-4.77631e-05
-4.75289e-05
-4.72958e-05
-4.70639e-05
-4.68332e-05
-4.66036e-05
-4.63752e-05
-4.61479e-05
-4.59217e-05
-4.56967e-05
-4.54728e-05
-4.525e-05
-4.50284e-05
-4.48078e-05
-4.45883e-05
-4.437e-05
-4.41527e-05
-4.39365e-05
-4.37214e-05
-4.35073e-05
-4.32944e-05
-4.30825e-05
-4.28716e-05
-4.26618e-05
-4.24531e-05
-4.22454e-05
-4.20387e-05
-4.18331e-05
-4.16285e-05
-4.14249e-05
-4.12223e-05
-4.10207e-05
-4.08202e-05
-4.06206e-05
-4.04221e-05
-4.02245e-05
-4.00279e-05
-3.98323e-05
-3.96377e-05
-3.94441e-05
-3.92514e-05
-3.90597e-05
-3.88689e-05
-3.86791e-05
-3.84902e-05
-3.83023e-05
-3.81153e-05
-3.79293e-05
-3.77442e-05
-3.756e-05
-3.73767e-05
-3.71943e-05
-3.70129e-05
-3.68323e-05
-3.66527e-05
-3.6474e-05
-3.62961e-05
-3.61191e-05
-3.59431e-05
-3.57678e-05
-3.55935e-05
-3.54201e-05
-3.52475e-05
-3.50757e-05
-3.49049e-05
-3.47348e-05
-3.45657e-05
-3.43973e-05
-3.42299e-05
-3.40632e-05
-3.38974e-05
-3.37324e-05
-3.35682e-05
-3.34049e-05
-3.32423e-05
-3.30806e-05
-3.29197e-05
-3.27596e-05
-3.26003e-05
-3.24418e-05
-3.2284e-05
-3.21271e-05
-3.19709e-05
-3.18156e-05
-3.1661e-05
-3.15071e-05
-3.13541e-05
-3.12018e-05
-3.10502e-05
-3.08994e-05
-3.07494e-05
-3.06001e-05
-3.04516e-05
-3.03038e-05
-3.01567e-05
-3.00104e-05
-2.98648e-05
-2.972e-05
-2.95758e-05
-2.94324e-05
-2.92897e-05
-2.91477e-05
-2.90064e-05
-2.88658e-05
-2.87259e-05
-2.85868e-05
-2.84483e-05
-2.83105e-05
-2.81734e-05
-2.80369e-05
-2.79012e-05
-2.77661e-05
-2.76317e-05
-2.7498e-05
-2.7365e-05
-2.72326e-05
-2.71008e-05
-2.69698e-05
-2.68393e-05
-2.67096e-05
-2.65804e-05
-2.6452e-05
-2.63241e-05
-2.61969e-05
-2.60704e-05
-2.59444e-05
-2.58191e-05
-2.56944e-05
-2.55704e-05
-2.5447e-05
-2.53241e-05
-2.52019e-05
-2.50803e-05
-2.49593e-05
-2.48389e-05
-2.47191e-05
-2.46e-05
-2.44814e-05
-2.43634e-05
-2.42459e-05
-2.41291e-05
-2.40129e-05
-2.38972e-05
-2.37821e-05
-2.36676e-05
-2.35536e-05
-2.34402e-05
-2.33274e-05
-2.32152e-05
-2.31035e-05
-2.29924e-05
-2.28818e-05
-2.27718e-05
-2.26623e-05
-2.25533e-05
-2.2445e-05
-2.23371e-05
-2.22298e-05
-2.2123e-05
-2.20168e-05
-2.19111e-05
-2.18059e-05
-2.17012e-05
-2.15971e-05
-2.14935e-05
-2.13904e-05
-2.12878e-05
-2.11857e-05
-2.10841e-05
-2.09831e-05
-2.08825e-05
-2.07824e-05
-2.06829e-05
-2.05838e-05
-2.04853e-05
-2.03872e-05
-2.02896e-05
-2.01925e-05
-2.00959e-05
-1.99997e-05
-1.99041e-05
-1.98089e-05
-1.97142e-05
-1.962e-05
-1.95262e-05
-1.94329e-05
-1.93401e-05
-1.92477e-05
-1.91558e-05
-1.90644e-05
-1.89734e-05
-1.88828e-05
-1.87927e-05
-1.87031e-05
-1.86139e-05
-1.85252e-05
-1.84369e-05
-1.8349e-05
-1.82616e-05
-1.81746e-05
-1.8088e-05
-1.80019e-05
-1.79162e-05
-1.78309e-05
-1.77461e-05
-1.76617e-05
-1.75777e-05
-1.74941e-05
-1.74109e-05
-1.73282e-05
-1.72458e-05
-1.71639e-05
-1.70824e-05
-1.70013e-05
-1.69206e-05
-1.68403e-05
-1.67604e-05
-1.66808e-05
-1.66017e-05
-1.6523e-05
-1.64447e-05
-1.63668e-05
-1.62892e-05
-1.6212e-05
-1.61353e-05
-1.60589e-05
-1.59829e-05
-1.59072e-05
-1.5832e-05
-1.57571e-05
-1.56826e-05
-1.56084e-05
-1.55347e-05
-1.54613e-05
-1.53882e-05
-1.53156e-05
-1.52433e-05
-1.51713e-05
-1.50997e-05
-1.50285e-05
-1.49576e-05
-1.48871e-05
-1.48169e-05
-1.47471e-05
-1.46776e-05
-1.46085e-05
-1.45405e-05
-1.44719e-05
-1.44037e-05
-1.43359e-05
-1.42684e-05
-1.42013e-05
-1.41345e-05
-1.40681e-05
-1.4002e-05
-1.39362e-05
-1.38708e-05
-1.38057e-05
-1.37409e-05
-1.36764e-05
-1.36122e-05
-1.35484e-05
-1.34849e-05
-1.34217e-05
-1.33588e-05
-1.32962e-05
-1.3234e-05
-1.31721e-05
-1.31104e-05
-1.30491e-05
-1.29881e-05
-1.29274e-05
-1.28669e-05
-1.28068e-05
-1.2747e-05
-1.26875e-05
-1.26283e-05
-1.25693e-05
-1.25107e-05
-1.24523e-05
-1.23943e-05
-1.23365e-05
-1.2279e-05
-1.22218e-05
-1.21649e-05
-1.21083e-05
-1.2052e-05
-1.19959e-05
-1.19401e-05
-1.18846e-05
-1.18294e-05
-1.17744e-05
-1.17197e-05
-1.16653e-05
-1.16112e-05
-1.15573e-05
-1.15037e-05
-1.14504e-05
-1.13973e-05
-1.13445e-05
-1.1292e-05
-1.12397e-05
-1.11877e-05
-1.11359e-05
-1.10844e-05
-1.10331e-05
-1.09821e-05
-1.09314e-05
-1.08809e-05
-1.08307e-05
-1.07807e-05
-1.0731e-05
-1.06815e-05
-1.06322e-05
-1.05832e-05
-1.05345e-05
-1.0486e-05
-1.04377e-05
-1.03897e-05
-1.03419e-05
-1.02943e-05
-1.0247e-05
-1.01999e-05
-1.01531e-05
-1.01065e-05
-1.00601e-05
-1.00139e-05
-9.96799e-06
