280.596
0.710108
0.710906
0.698855
0.689775
0.696507
0.694699
0.692812
0.68768
0.699034
0.690925
0.688397
0.689692
0.692944
0.695793
0.691387
0.694458
0.691172
0.703492
0.709418
0.688833
0.69614
0.708474
0.696453
0.690543
0.691742
0.704734
0.692098
0.695758
0.688381
0.68715
0.693393
0.703894
0.692158
0.701705
0.705645
0.694673
0.700077
0.698207
0.697916
0.693877
0.688964
0.688564
0.690177
0.68706
0.705643
0.709095
0.696613
0.709478
0.697015
0.698185
0.695253
0.694685
0.688519
0.69196
0.695401
0.69791
0.71009
0.689226
0.690961
0.692668
0.69213
0.701991
0.685811
0.694483
0.702449
0.695995
0.688708
0.700013
0.687555
0.694938
0.689929
0.699328
0.695908
0.69565
0.688581
0.692508
0.704582
0.685989
0.697523
0.693425
0.692322
0.689626
0.697523
0.692376
0.701234
0.718497
0.694402
0.692135
0.68989
0.695196
0.691846
0.699422
0.695751
0.70101
0.705785
0.701101
0.70787
0.694337
0.693546
0.69491
0.689889
0.691261
0.690419
0.695558
0.695024
0.696642
0.695692
0.702342
0.698128
0.697353
0.687383
0.69217
0.688693
0.69729
0.69879
0.692952
0.691806
0.694437
0.693483
0.696917
0.696995
0.694319
0.692711
0.69243
0.700845
0.694156
0.697121
0.6904
0.702521
0.694087
0.699547
0.689531
0.689872
0.715484
0.704941
0.69056
0.697345
0.691974
0.690509
0.695982
0.708934
0.693941
0.69876
0.693373
0.684896
0.693187
0.695593
0.691096
0.703129
0.689057
0.695123
0.694848
0.693238
0.698343
0.695756
0.688367
0.691979
0.703795
0.690873
0.690258
0.703228
0.689526
0.707055
0.700524
0.686309
0.687298
0.694288
0.688548
0.693207
0.692031
0.700124
0.685801
0.700267
0.699748
0.692188
0.698867
0.695289
0.68606
0.693483
0.694548
0.69555
0.689953
0.702558
0.689949
0.69468
0.694484
0.688187
0.691202
0.691405
0.702375
0.691523
0.696551
0.69048
0.698908
0.692715
0.702716
0.685518
0.69146
0.686197
0.69178
0.694001
0.696113
0.693007
0.691293
0.694076
0.698838
0.690636
0.698169
0.691504
0.696315
0.70149
0.692443
0.713541
0.691842
0.700624
0.69494
0.698526
0.691246
0.698736
0.686545
0.694944
0.69137
0.690433
0.688412
0.693155
0.692862
0.692624
0.691546
0.698035
0.706481
0.697033
0.695052
0.695159
0.694861
0.694425
0.699439
0.694814
0.694356
0.700382
0.694193
0.698868
0.694965
0.703716
0.709567
0.690001
0.698112
0.69073
0.708795
0.705743
0.69133
0.701979
0.699504
0.693517
0.690304
0.688666
0.694908
0.687744
0.693442
0.688289
0.691636
0.696942
0.6957
0.70295
0.695909
0.699681
0.695703
0.689383
0.700402
0.692696
0.72343
0.691386
0.68916
0.697214
0.689695
0.701594
0.690476
0.695438
0.693237
0.69647
0.69514
0.693754
0.695698
0.695398
0.694016
0.694635
0.710336
0.700458
0.689097
0.697825
0.702925
0.702607
0.69013
0.69598
0.696037
0.697835
0.693018
0.698614
0.689705
0.690065
0.69494
0.705704
0.691022
0.695009
0.69438
0.695635
0.686329
0.689949
0.700945
0.70056
0.697375
0.691307
0.698162
0.701114
0.691798
0.684554
0.702833
0.694387
0.69765
0.692323
0.701703
0.701586
0.696869
0.687044
0.699373
0.693003
0.697183
0.692173
0.697192
0.692449
0.696607
0.696018
0.699858
0.699502
0.698527
0.692538
0.697561
0.698754
0.699463
0.695796
0.700246
0.700817
0.697859
0.689973
0.684351
0.685742
0.694066
0.690238
0.693287
0.689613
0.68959
0.694302
0.695082
0.694157
0.692743
0.692817
0.694747
0.698161
0.691135
0.696752
0.695511
0.69926
0.693778
0.69372
0.701614
0.688947
0.68952
0.692782
0.700875
0.713999
0.695459
0.692249
0.701562
0.689034
0.69512
0.690817
0.694958
0.691827
0.69551
0.688474
0.692428
0.697719
0.693643
0.69054
0.696078
0.690394
0.710373
0.702597
0.704555
0.695669
0.69984
0.690414
0.700463
0.691286
0.700497
0.705247
0.695732
0.69485
0.693405
0.704475
0.685157
0.695122
0.693809
0.700323
0.69823
0.689361
0.697582
0.691705
0.695272
0.691863
0.689236
0.696299
0.692052
0.696114
0.699969
0.691245
0.683538
0.696391
0.702968
0.7048
0.69506
0.685442
0.688168
0.693979
0.687849
0.684269
0.689657
0.683654
0.697365
0.688292
0.691258
0.678797
0.686355
0.689698
0.678137
0.686124
0.689837
0.678357
0.690868
0.707394
0.677811
0.69152
0.674742
0.677896
0.686143
0.684283
0.684186
0.679231
0.687414
0.676755
0.68937
0.685511
0.687121
0.680273
0.681103
0.690518
0.69589
0.685883
0.691874
0.690356
0.68291
0.687028
0.684144
0.68597
0.675721
0.682127
0.679504
0.689274
0.685678
0.683501
0.680339
0.683705
0.683897
0.695574
0.678785
0.679564
0.68796
0.677256
0.679134
0.675948
0.679653
0.683316
0.687044
0.690287
0.680816
0.682084
0.688778
0.684221
0.684864
0.68728
0.695562
0.69123
0.683064
0.680197
0.680959
0.680633
0.701826
0.701775
0.684742
0.681649
0.679611
0.678246
0.702773
0.6927
0.678389
0.673782
0.686918
0.68475
0.68074
0.682897
0.691282
0.68419
0.68814
0.702995
0.685197
0.680789
0.678865
0.683829
0.684133
0.678708
0.673264
0.679573
0.688193
0.688953
0.682523
0.685875
0.683487
0.68242
0.686783
0.689312
0.675848
0.683386
0.678621
0.676103
0.684811
0.693245
0.676183
0.683508
0.680509
0.675861
0.683328
0.678346
0.676401
0.684059
0.678769
0.675619
0.683455
0.678479
0.676004
0.683413
0.678395
0.675712
0.683551
0.6787
0.67626
0.683426
0.678939
0.685603
0.684367
0.678424
0.67593
0.683208
0.678317
0.676327
0.683857
0.678517
0.676314
0.683321
0.678869
0.675781
0.683387
0.678202
0.675734
0.683955
0.678612
0.675709
0.683334
0.678478
0.675804
0.683599
0.679104
0.676068
0.683764
0.679887
0.676387
0.683182
0.678329
0.676102
0.683812
0.678521
0.676161
0.683528
0.678582
0.676373
0.683755
0.678391
0.675928
0.683078
0.678705
0.676099
0.683622
0.683102
0.693534
0.684483
0.678032
0.67624
0.683716
0.678806
0.675561
0.683431
0.678578
0.676006
0.683664
0.678796
0.676064
0.683682
0.678464
0.676045
0.683935
0.678323
0.675808
0.683691
0.678866
0.679469
0.697739
0.679109
0.676151
0.685747
0.678887
0.675864
0.683444
0.678179
0.675794
0.684289
0.678526
0.675759
0.683722
0.678528
0.67582
0.683624
0.678609
0.675971
0.683602
0.678949
0.675764
0.689359
0.682047
0.676144
0.683852
0.678591
0.675819
0.683582
0.678413
0.675818
0.683692
0.678389
0.675838
0.683494
0.67905
0.67613
0.683688
0.678242
0.67598
0.684098
0.678339
0.675829
0.68351
0.678599
0.677277
0.683563
0.678805
0.676196
0.68372
0.678613
0.676278
0.683664
0.678678
0.676085
0.683782
0.678209
0.675834
0.683763
0.678252
0.676465
0.683989
0.678594
0.675838
0.683611
0.678547
0.677975
0.70358
0.678544
0.676341
0.683596
0.678705
0.675864
0.683415
0.67816
0.676105
0.683257
0.678454
0.675842
0.683623
0.678793
0.676206
0.683703
0.678923
0.675959
0.683561
0.678353
0.675997
0.683334
0.694931
0.67625
0.684992
0.678932
0.676376
0.683732
0.67864
0.67594
0.68416
0.678934
0.676047
0.684292
0.678193
0.675825
0.68388
0.678689
0.676276
0.683979
0.678578
0.675719
0.683924
0.678693
0.684747
0.685332
0.679489
0.67586
0.68372
0.678124
0.675887
0.683622
0.678918
0.676635
0.683626
0.678103
0.676303
0.683567
0.678793
0.675872
0.683517
0.678377
0.676019
0.68393
0.678529
0.675822
0.6842
0.67894
0.67648
0.684487
0.678455
0.676024
0.683876
0.678735
0.675886
0.683625
0.678575
0.675677
0.683942
0.678387
0.675831
0.683599
0.678705
0.676506
0.683792
0.678519
0.675953
0.683997
0.683285
0.693951
0.685089
0.678245
0.675878
0.683675
0.678619
0.675943
0.684001
0.678678
0.67592
0.683661
0.678781
0.675988
0.683548
0.678861
0.676196
0.684325
0.678811
0.676128
0.684141
0.678426
0.678148
0.698514
0.67851
0.676919
0.6841
0.678771
0.676204
0.683498
0.678769
0.676024
0.683818
0.678184
0.675969
0.68403
0.678631
0.675948
0.683786
0.6786
0.675945
0.683538
0.678411
0.67582
0.688555
0.684076
0.677438
0.683566
0.678848
0.675847
0.684153
0.678504
0.675696
0.683698
0.678915
0.67649
0.683553
0.678322
0.676254
0.683727
0.678634
0.675758
0.68361
0.678383
0.675716
0.683788
0.678907
0.676882
0.68381
0.678729
0.678608
0.683427
0.678491
0.675776
0.683711
0.678858
0.677145
0.683812
0.678758
0.676017
0.683903
0.678463
0.675481
0.683299
0.673391
0.670655
0.678277
0.673046
0.67243
0.69853
0.673298
0.670652
0.678651
0.672959
0.670521
0.678661
0.673345
0.664975
0.673003
0.667841
0.665179
0.673117
0.667754
0.665021
0.672686
0.668143
0.665303
0.672696
0.66762
0.665419
0.672899
0.670396
0.678658
0.673088
0.66888
0.665543
0.67296
0.667903
0.665085
0.672763
0.667972
0.665184
0.673051
0.667551
0.665019
0.673206
0.66785
0.664769
0.673203
0.667641
0.665558
0.672888
0.667668
0.668309
0.679878
0.668584
0.66547
0.672766
0.667549
0.665348
0.673305
0.667758
0.665165
0.672715
0.667934
0.665711
0.672824
0.667589
0.665326
0.672361
0.668172
0.665132
0.672857
0.667803
0.665244
0.672876
0.667803
0.665384
0.673851
0.668871
0.665194
0.672687
0.667566
0.665517
0.672807
0.668408
0.665147
0.672836
0.667727
0.665264
0.673195
0.667186
0.665106
0.67318
0.667864
0.665348
0.672673
0.667558
0.667577
0.69294
0.668468
0.665209
0.672621
0.667514
0.665389
0.673076
0.667768
0.664824
0.673561
0.667836
0.665371
0.672827
0.667755
0.66505
0.672923
0.669575
0.665221
0.672596
0.667421
0.675693
0.717712
0.695608
0.701201
0.718871
0.682528
0.691148
0.698893
0.675919
0.689783
0.700314
0.673682
0.689224
0.6929
0.679444
0.671716
0.680902
0.689144
0.684951
0.68485
0.675869
0.670141
0.680681
0.688888
0.671326
0.690422
0.679869
0.67112
0.677296
0.670986
0.673527
0.695237
0.672097
0.684274
0.676461
0.679091
0.670807
0.677127
0.67193
0.669338
0.680792
0.689351
0.668836
0.678009
0.686196
0.668915
0.679027
0.678796
0.669733
0.677575
0.672567
0.669343
0.676514
0.671167
0.680806
0.688166
0.67169
0.668999
0.679485
0.684702
0.668671
0.677221
0.679759
0.670869
0.676693
0.67076
0.670508
0.676981
0.671423
0.668718
0.676361
0.675977
0.686861
0.677202
0.671121
0.668926
0.679416
0.685297
0.669175
0.676829
0.671258
0.672599
0.683132
0.67172
0.668886
0.677414
0.671693
0.669294
0.67726
0.671115
0.66926
0.677148
0.672308
0.671227
0.697432
0.670632
0.669512
0.676703
0.671387
0.668941
0.679058
0.684724
0.668905
0.677292
0.671203
0.668948
0.676966
0.677851
0.673091
0.677376
0.671047
0.669493
0.676649
0.671472
0.670315
0.67783
0.671308
0.669089
0.677284
0.671154
0.668849
0.676832
0.671222
0.676347
0.692067
0.670865
0.669383
0.676565
0.671404
0.669217
0.676768
0.672598
0.684048
0.677361
0.671075
0.668651
0.67702
0.671558
0.671831
0.677649
0.675179
0.67505
0.676728
0.671241
0.670817
0.676767
0.671464
0.669055
0.677118
0.67126
0.669991
0.677258
0.671447
0.669207
0.67654
0.671276
0.669216
0.676437
0.671533
0.669105
0.676701
0.677228
0.685907
0.677056
0.670889
0.669176
0.677125
0.670879
0.668644
0.676783
0.671401
0.669627
0.678646
0.684962
0.668908
0.6766
0.671492
0.670713
0.67719
0.671353
0.669029
0.677012
0.673154
0.669012
0.685777
0.672661
0.669381
0.676842
0.671653
0.668972
0.676663
0.671429
0.668984
0.677378
0.670944
0.669175
0.677383
0.671081
0.668861
0.677215
0.671047
0.66922
0.676282
0.671479
0.669091
0.677084
0.671219
0.669286
0.677395
0.671329
0.672969
0.695325
0.670987
0.669082
0.676915
0.671248
0.669443
0.676891
0.6718
0.669404
0.676618
0.67143
0.669073
0.677401
0.670698
0.671479
0.69078
0.672533
0.668915
0.67673
0.671681
0.669012
0.676336
0.67175
0.668934
0.677213
0.67132
0.669291
0.677116
0.671019
0.675497
0.681085
0.670858
0.669119
0.676604
0.670819
0.66928
0.676882
0.671915
0.668838
0.676945
0.671165
0.668722
0.676668
0.671239
0.669651
0.677714
0.670848
0.669011
0.676944
0.671362
0.669097
0.676507
0.671731
0.668691
0.676901
0.671504
0.668909
0.67715
0.670844
0.668941
0.676894
0.673621
0.673181
0.694768
0.67128
0.669143
0.677274
0.671837
0.66881
0.677004
0.671271
0.668967
0.677416
0.671106
0.669109
0.677434
0.671142
0.669286
0.67672
0.671509
0.672212
0.690819
0.673009
0.668868
0.677169
0.671599
0.669163
0.677272
0.670866
0.669199
0.677518
0.671219
0.668832
0.676786
0.671235
0.669355
0.676943
0.671584
0.678358
0.676901
0.671466
0.668903
0.677683
0.670997
0.669287
0.678706
0.671118
0.669041
0.677177
0.671138
0.669288
0.676739
0.672288
0.668914
0.676943
0.671542
0.670201
0.677292
0.671023
0.669155
0.677061
0.671317
0.669169
0.676989
0.671151
0.669148
0.676933
0.672936
0.668921
0.676973
0.67129
0.669576
0.677149
0.671144
0.669168
0.677248
0.670895
0.669255
0.68113
0.689095
0.669216
0.676486
0.671647
0.669
0.677003
0.671497
0.669116
0.678443
0.672916
0.669666
0.678394
0.671092
0.669269
0.676966
0.671199
0.669108
0.677155
0.671977
0.669117
0.676507
0.673933
0.682664
0.676617
0.670824
0.66907
0.6773
0.671116
0.668642
0.676721
0.671304
0.669425
0.676692
0.671354
0.669085
0.676967
0.671494
0.669027
0.677296
0.670848
0.669978
0.677475
0.671072
0.668997
0.686454
0.671344
0.669535
0.67213
0.66656
0.66369
0.671322
0.666029
0.663824
0.672291
0.665095
0.66231
0.669603
0.663167
0.660966
0.663901
0.657496
0.656107
0.66348
0.658183
0.65574
0.663507
0.658601
0.655965
0.66375
0.657527
0.655829
0.664094
0.657619
0.655896
0.663381
0.657596
0.655955
0.663751
0.658613
0.655706
0.663634
0.657935
0.655598
0.664146
0.657794
0.656045
0.663826
0.65767
0.655771
0.667816
0.675855
0.656133
0.663219
0.658489
0.655559
0.663429
0.657701
0.65613
0.663768
0.657636
0.656035
0.66579
0.657475
0.65547
0.663801
0.657775
0.655884
0.663483
0.65836
0.655832
0.663108
0.657998
0.658183
0.677169
0.657982
0.656019
0.664473
0.65769
0.656193
0.663501
0.658039
0.656141
0.663154
0.658482
0.656028
0.663186
0.658325
0.656008
0.66356
0.657856
0.655853
0.664382
0.65782
0.655804
0.663639
0.667487
0.656751
0.663521
0.659342
0.655499
0.663525
0.657812
0.655362
0.664019
0.657701
0.655912
0.664433
0.657583
0.655914
0.663669
0.6583
0.65599
0.663391
0.658585
0.655699
0.66338
0.658142
0.655996
0.664547
0.657363
0.655429
0.665406
0.658099
0.655692
0.663623
0.65762
0.655648
0.663505
0.658477
0.656078
0.663233
0.658
0.655588
0.663964
0.657933
0.655878
0.664383
0.657531
0.656116
0.663642
0.661655
0.674027
0.663134
0.658146
0.656833
0.663993
0.658029
0.655777
0.663762
0.659871
0.656146
0.663904
0.659361
0.65628
0.663845
0.657936
0.656104
0.663594
0.658264
0.655642
0.663242
0.658091
0.655701
0.666373
0.671737
0.655806
0.664155
0.657731
0.655747
0.663756
0.657882
0.655628
0.663477
0.658282
0.655793
0.663604
0.65803
0.656043
0.663896
0.657792
0.655778
0.664004
0.658158
0.655992
0.663507
0.65802
0.664715
0.665298
0.658153
0.656234
0.663075
0.658005
0.655581
0.66417
0.658095
0.655672
0.663882
0.658784
0.655908
0.663898
0.657844
0.656043
0.663234
0.657968
0.655471
0.663603
0.658555
0.655987
0.663851
0.658829
0.655692
0.663948
0.658165
0.65598
0.663601
0.657875
0.655815
0.663675
0.658289
0.655607
0.66403
0.658419
0.655488
0.664247
0.657691
0.655624
0.663941
0.658174
0.655808
0.663671
0.658032
0.655606
0.66335
0.661332
0.656816
0.663953
0.658315
0.655926
0.664034
0.657763
0.65566
0.663948
0.65794
0.656507
0.663463
0.661682
0.674037
0.663558
0.658666
0.656081
0.663679
0.657862
0.656093
0.663878
0.658249
0.65614
0.663716
0.657955
0.656815
0.663635
0.658076
0.655926
0.663249
0.659358
0.670678
0.664127
0.657939
0.656177
0.663877
0.657899
0.655833
0.663859
0.657587
0.656085
0.663505
0.658009
0.656245
0.663456
0.65841
0.655679
0.663781
0.657975
0.663736
0.665676
0.657865
0.656081
0.663942
0.657668
0.6566
0.664339
0.658123
0.656223
0.663029
0.657974
0.655673
0.663834
0.658666
0.655851
0.663852
0.657489
0.656768
0.664307
0.65766
0.655866
0.663239
0.657616
0.656023
0.663652
0.658143
0.656055
0.663492
0.658438
0.655753
0.664013
0.657516
0.65591
0.663842
0.657528
0.660017
0.681297
0.658017
0.656215
0.663801
0.658109
0.65618
0.6635
0.659794
0.656057
0.663961
0.65782
0.65755
0.664959
0.658164
0.655833
0.66433
0.657824
0.657626
0.678395
0.65817
0.655714
0.663567
0.658951
0.658285
0.666656
0.660386
0.658285
0.666335
0.660371
0.658397
0.666887
0.660301
0.658512
0.665976
0.6612
0.658309
0.675378
0.662305
0.658293
0.666574
0.660352
0.652522
0.661273
0.65487
0.653299
0.660715
0.6552
0.65297
0.66076
0.655481
0.652703
0.66067
0.655277
0.64731
0.656173
0.649862
0.647893
0.65544
0.649219
0.647333
0.657229
0.650208
0.648373
0.655073
0.650028
0.647311
0.65574
0.650192
0.647564
0.655876
0.649464
0.647502
0.658211
0.669489
0.647842
0.655773
0.650211
0.647767
0.655549
0.649942
0.647633
0.655384
0.649946
0.647688
0.656307
0.64961
0.647897
0.65565
0.649656
0.647718
0.655511
0.652459
0.661132
0.655386
0.649828
0.647565
0.655993
0.650191
0.64795
0.656223
0.649511
0.647317
0.656204
0.649877
0.647517
0.655535
0.649794
0.648915
0.655801
0.653956
0.653791
0.655371
0.649694
0.647465
0.657404
0.649844
0.647284
0.655824
0.649528
0.647527
0.655589
0.649807
0.647988
0.65516
0.649862
0.647574
0.655431
0.650146
0.649049
0.656223
0.649811
0.647485
0.655937
0.64954
0.647699
0.65588
0.64966
0.648208
0.65526
0.650382
0.647824
0.65567
0.649702
0.647583
0.655718
0.650249
0.651449
0.673553
0.649787
0.647694
0.65582
0.649853
0.647686
0.656154
0.65006
0.647678
0.655843
0.649563
0.647692
0.655735
0.649684
0.647204
0.656167
0.649357
0.647177
0.658285
0.66302
0.647866
0.655605
0.649858
0.647693
0.655352
0.649567
0.647157
0.65597
0.649516
0.648141
0.65594
0.649695
0.647355
0.655801
0.649807
0.64796
0.660424
0.654948
0.647913
0.655557
0.649801
0.648015
0.655935
0.64944
0.648034
0.655975
0.649627
0.648365
0.658729
0.649555
0.647542
0.655476
0.653908
0.647443
0.655603
0.650723
0.648207
0.655907
0.649545
0.647887
0.65695
0.649697
0.647933
0.655488
0.649793
0.647964
0.655534
0.649978
0.647596
0.655918
0.649936
0.647785
0.656014
0.653639
0.665669
0.65627
0.649622
0.647538
0.655497
0.649455
0.647891
0.655433
0.650522
0.647435
0.65515
0.649806
0.647588
0.656092
0.649621
0.647639
0.657287
0.649684
0.650158
0.669558
0.649707
0.647778
0.655562
0.650192
0.651052
0.655744
0.649425
0.647695
0.656158
0.649716
0.647384
0.655719
0.649637
0.647603
0.655729
0.649614
0.652183
0.661222
0.650431
0.647776
0.655966
0.649888
0.647411
0.655971
0.650153
0.647805
0.656069
0.649701
0.647283
0.655655
0.649509
0.647872
0.655009
0.650007
0.647302
0.656328
0.650036
0.647484
0.655901
0.649608
0.647846
0.656161
0.649464
0.647701
0.655369
0.649795
0.648117
0.655752
0.649818
0.647682
0.656589
0.65007
0.647831
0.656199
0.649791
0.647895
0.656006
0.649334
0.652059
0.673674
0.650021
0.647694
0.655514
0.649898
0.647528
0.655914
0.650216
0.64789
0.655715
0.649681
0.647593
0.656078
0.649773
0.64784
0.655302
0.649457
0.647959
0.655811
0.65007
0.647357
0.655485
0.653343
0.661065
0.656303
0.649621
0.647837
0.65587
0.649536
0.647986
0.65608
0.649784
0.647906
0.65508
0.650151
0.647747
0.655689
0.650269
0.647929
0.655729
0.650122
0.647608
0.656073
0.649698
0.647683
0.662606
0.65316
0.648045
0.655812
0.650559
0.647463
0.655274
0.649862
0.647815
0.656506
0.649599
0.647547
0.655673
0.649885
0.647587
0.656527
0.649777
0.647657
0.655176
0.649371
0.647738
0.65552
0.649672
0.648436
0.655769
0.649737
0.648016
0.655344
0.649696
0.647486
0.65539
0.650063
0.648576
0.655946
0.649768
0.647778
0.655236
0.649355
0.649282
0.655142
0.649589
0.647646
0.655599
0.649506
0.647678
0.655253
0.654834
0.665408
0.656102
0.649639
0.647688
0.655239
0.649572
0.648058
0.655127
0.649421
0.647987
0.655126
0.649584
0.647575
0.655347
0.649698
0.648023
0.655154
0.649553
0.647663
0.655238
0.649648
0.647799
0.657666
0.663236
0.647725
0.655025
0.649462
0.647812
0.654852
0.649688
0.64805
0.655188
0.649371
0.647318
0.655344
0.649595
0.647395
0.655985
0.649398
0.648046
0.654978
0.649765
0.647642
0.654971
0.649269
0.65079
0.66242
0.650093
0.647677
0.654869
0.649667
0.647725
0.654995
0.650167
0.647632
0.655234
0.649814
0.647838
0.655174
0.649965
0.64811
0.655381
0.649556
0.642285
0.649888
0.644379
0.642489
0.64965
0.644883
0.642858
0.649286
0.643844
0.642471
0.64987
0.643639
0.636876
0.645154
0.638497
0.636867
0.644199
0.638239
0.637271
0.644146
0.638535
0.638042
0.644525
0.638224
0.636991
0.644141
0.638634
0.636962
0.642153
0.640133
0.652367
0.641603
0.635598
0.634202
0.641626
0.635776
0.634358
0.641487
0.635544
0.634484
0.641347
0.635859
0.63377
0.641684
0.636064
0.634692
0.641647
0.636007
0.634226
0.641534
0.636554
0.634159
0.643076
0.643401
0.643407
0.641528
0.635776
0.634124
0.641616
0.635839
0.634643
0.641384
0.636087
0.634179
0.642211
0.635697
0.634477
0.641715
0.636796
0.634014
0.64176
0.635908
0.634576
0.642011
0.636153
0.634253
0.647101
0.641241
0.635038
0.642141
0.635875
0.634297
0.641476
0.63673
0.635054
0.642555
0.636347
0.635036
0.642403
0.636656
0.634739
0.643225
0.636879
0.634934
