0.563192
0.551743
0.54848
0.546892
0.540901
0.547987
0.546135
0.541109
0.539304
0.550708
0.542547
0.539959
0.540461
0.544401
0.546684
0.541577
0.545563
0.541948
0.554493
0.541807
0.539366
0.546654
0.559005
0.546876
0.540793
0.541477
0.541162
0.542418
0.5459
0.538728
0.537272
0.543774
0.554049
0.538656
0.551727
0.555946
0.544896
0.550259
0.547308
0.546385
0.544453
0.53883
0.538676
0.540372
0.537021
0.554965
0.55929
0.547049
0.541296
0.547395
0.548502
0.545483
0.544829
0.538616
0.540741
0.545185
0.548046
0.546503
0.539318
0.540841
0.543012
0.542477
0.55214
0.535883
0.544298
0.548338
0.544306
0.538911
0.550047
0.537698
0.545124
0.540149
0.549741
0.546188
0.545324
0.537403
0.542539
0.554601
0.536291
0.547304
0.543623
0.54238
0.538473
0.547726
0.542128
0.551326
0.550957
0.544592
0.542221
0.539536
0.544217
0.541563
0.549559
0.545822
0.551165
0.55603
0.551257
0.544534
0.544194
0.543542
0.544831
0.539977
0.541455
0.540605
0.545756
0.545157
0.545934
0.545078
0.549572
0.548109
0.547521
0.537443
0.541948
0.538801
0.54749
0.548975
0.542852
0.542019
0.54457
0.543546
0.546955
0.545353
0.544633
0.542772
0.542006
0.549211
0.543879
0.547122
0.540519
0.552551
0.543835
0.549401
0.539031
0.539901
0.546695
0.55487
0.539131
0.547207
0.541502
0.540795
0.546025
0.559013
0.543058
0.54834
0.543592
0.534952
0.543162
0.545544
0.539419
0.539309
0.537767
0.545316
0.54523
0.541563
0.548219
0.545853
0.538628
0.54166
0.553525
0.539436
0.540318
0.551665
0.539584
0.557032
0.548537
0.534516
0.537214
0.544435
0.538091
0.543395
0.541974
0.550046
0.535933
0.550452
0.549597
0.54194
0.548851
0.545327
0.536153
0.542967
0.5446
0.545675
0.540042
0.551294
0.540238
0.544511
0.54444
0.538169
0.54139
0.541658
0.552518
0.541591
0.546138
0.540231
0.549027
0.542347
0.535078
0.53559
0.541806
0.536435
0.541836
0.543322
0.544857
0.543114
0.54158
0.544183
0.548903
0.540745
0.546759
0.541594
0.546241
0.550077
0.542303
0.548632
0.541894
0.550405
0.545005
0.546871
0.541182
0.548937
0.53662
0.545137
0.541572
0.540593
0.538535
0.543103
0.542535
0.542485
0.541798
0.548037
0.55673
0.545621
0.545399
0.545535
0.544822
0.544165
0.549546
0.54491
0.544013
0.550552
0.542832
0.548688
0.544141
0.553476
0.558263
0.53986
0.548244
0.540664
0.556864
0.55576
0.541413
0.551443
0.549496
0.543615
0.540376
0.53855
0.544862
0.537272
0.543532
0.538283
0.54021
0.547128
0.545626
0.552138
0.546095
0.548931
0.545566
0.538993
0.550272
0.540341
0.554421
0.541274
0.539006
0.54741
0.539778
0.552024
0.540743
0.544907
0.542587
0.546392
0.545331
0.543497
0.544841
0.54472
0.544037
0.544563
0.55634
0.550125
0.537871
0.547673
0.552849
0.539175
0.540342
0.54624
0.546036
0.546749
0.543029
0.548637
0.539768
0.540224
0.54427
0.554701
0.540568
0.545023
0.543986
0.545532
0.536343
0.540096
0.549802
0.550618
0.547428
0.54103
0.547841
0.549161
0.541914
0.53432
0.552335
0.544587
0.547501
0.542558
0.550046
0.551491
0.546937
0.537142
0.54802
0.543145
0.547373
0.542338
0.547406
0.542526
0.5469
0.546149
0.54856
0.549544
0.547961
0.542291
0.547699
0.547134
0.54938
0.545612
0.549603
0.55068
0.546494
0.540042
0.534502
0.535938
0.54397
0.538936
0.541831
0.539817
0.538392
0.542955
0.543501
0.544503
0.542582
0.542975
0.54473
0.548316
0.540631
0.546703
0.544078
0.549207
0.54385
0.543821
0.551676
0.538949
0.539849
0.542891
0.551047
0.546323
0.54538
0.542246
0.551507
0.538627
0.545127
0.540966
0.544281
0.541746
0.545885
0.538848
0.542752
0.547691
0.54324
0.540813
0.546243
0.540393
0.553296
0.543861
0.552791
0.544303
0.549949
0.539091
0.54879
0.540886
0.550132
0.555338
0.545799
0.544863
0.54207
0.554627
0.534906
0.545211
0.543764
0.550548
0.545868
0.539573
0.547376
0.541795
0.545448
0.541549
0.538942
0.545607
0.542308
0.546182
0.548649
0.541084
0.533372
0.544948
0.553109
0.554895
0.544985
0.534999
0.538154
0.543864
0.537493
0.534297
0.539848
0.533825
0.547121
0.538298
0.541534
0.528852
0.535579
0.539849
0.528129
0.53506
0.539936
0.528129
0.537845
0.539792
0.527862
0.541627
0.524912
0.52788
0.536295
0.53447
0.533979
0.529714
0.537612
0.526917
0.539636
0.535608
0.537216
0.530023
0.529531
0.540602
0.53147
0.535666
0.54203
0.539151
0.532726
0.535665
0.534208
0.536128
0.525499
0.532298
0.528967
0.539323
0.535753
0.532148
0.530464
0.532211
0.532421
0.544704
0.527462
0.529581
0.538143
0.527312
0.529127
0.526021
0.529624
0.533643
0.537209
0.540145
0.530713
0.532375
0.538462
0.534258
0.534783
0.537058
0.54585
0.538668
0.532733
0.530051
0.531045
0.528951
0.551758
0.551835
0.534894
0.531748
0.529696
0.528239
0.551858
0.542461
0.528546
0.523885
0.536682
0.534833
0.530908
0.532878
0.541296
0.532883
0.537912
0.53327
0.533851
0.530338
0.529078
0.532547
0.534168
0.528661
0.523454
0.529245
0.538364
0.537445
0.532243
0.535665
0.533531
0.532426
0.53701
0.539493
0.525959
0.533542
0.528873
0.526235
0.534824
0.529701
0.526035
0.533713
0.530731
0.525879
0.533584
0.528437
0.526211
0.534239
0.528926
0.52573
0.533697
0.528597
0.526041
0.533591
0.528523
0.525778
0.5338
0.528851
0.526116
0.533735
0.529087
0.531536
0.534457
0.528639
0.525894
0.533427
0.5285
0.526458
0.533928
0.528587
0.526284
0.533536
0.528912
0.525689
0.533519
0.52838
0.525744
0.534265
0.528679
0.525766
0.533449
0.528569
0.525882
0.533777
0.528683
0.526025
0.533949
0.530032
0.526323
0.533457
0.528549
0.526057
0.533854
0.528549
0.526297
0.533682
0.528588
0.526398
0.533845
0.528467
0.526025
0.53339
0.528888
0.526038
0.533878
0.533153
0.525495
0.534744
0.528275
0.526234
0.533865
0.528709
0.525707
0.533522
0.528623
0.525979
0.533896
0.528747
0.525897
0.533848
0.528632
0.525926
0.534159
0.52851
0.52585
0.533729
0.528944
0.529583
0.534246
0.528975
0.526127
0.535831
0.529017
0.52597
0.533632
0.528339
0.525793
0.534367
0.528656
0.525816
0.53395
0.52862
0.526018
0.533736
0.528766
0.525976
0.533806
0.52908
0.52573
0.539701
0.530762
0.526072
0.533896
0.528705
0.525818
0.53371
0.52857
0.525839
0.533908
0.528444
0.525823
0.533715
0.529127
0.526157
0.533838
0.528403
0.525971
0.534186
0.528498
0.525924
0.533629
0.528625
0.526826
0.533683
0.528785
0.526267
0.533953
0.52869
0.526247
0.533754
0.528871
0.525971
0.533991
0.528505
0.525779
0.533818
0.52847
0.526545
0.534085
0.528679
0.52571
0.53395
0.528645
0.527857
0.535655
0.528617
0.526005
0.533967
0.528861
0.526015
0.533774
0.52831
0.52612
0.533653
0.528695
0.525912
0.53384
0.528707
0.526144
0.534015
0.529029
0.525897
0.533831
0.528516
0.525968
0.533535
0.530433
0.526127
0.535012
0.529052
0.526355
0.533896
0.528781
0.525857
0.534344
0.529178
0.526034
0.534509
0.528279
0.525775
0.533986
0.528606
0.526379
0.53364
0.528677
0.52557
0.534181
0.528842
0.532036
0.534192
0.529581
0.525764
0.533922
0.528294
0.525762
0.533579
0.529033
0.526724
0.533776
0.528165
0.526145
0.533735
0.528872
0.525922
0.533721
0.528599
0.526016
0.534089
0.528661
0.525803
0.534448
0.528433
0.526475
0.534645
0.528479
0.525975
0.534102
0.528834
0.525784
0.533872
0.528655
0.525586
0.534188
0.528596
0.525891
0.533708
0.528745
0.526577
0.533828
0.528479
0.525977
0.53419
0.533352
0.526068
0.535205
0.528307
0.525778
0.533915
0.528749
0.525962
0.534012
0.528739
0.526184
0.533897
0.528806
0.526034
0.533875
0.528913
0.526093
0.534369
0.528984
0.525992
0.534241
0.528537
0.528093
0.534969
0.528749
0.526944
0.534141
0.528789
0.526064
0.533649
0.528816
0.525976
0.533884
0.528319
0.525891
0.534215
0.528743
0.526022
0.533855
0.528701
0.526095
0.5338
0.528533
0.525735
0.538629
0.532091
0.527476
0.533779
0.529068
0.525904
0.534308
0.528633
0.52573
0.533669
0.528885
0.526558
0.533732
0.52837
0.526244
0.533766
0.528766
0.525596
0.533814
0.52857
0.525696
0.534045
0.528997
0.526496
0.534005
0.528787
0.527887
0.533595
0.528582
0.525642
0.53393
0.529006
0.526902
0.533954
0.528857
0.525908
0.534074
0.528561
0.525479
0.533466
0.523497
0.520745
0.528493
0.52308
0.522287
0.530038
0.523388
0.520537
0.528763
0.523112
0.52044
0.528874
0.523506
0.515059
0.523163
0.517878
0.515201
0.523282
0.51786
0.51495
0.522927
0.51824
0.515307
0.522869
0.517834
0.515373
0.523165
0.520514
0.515026
0.523214
0.518954
0.515607
0.523126
0.517943
0.515063
0.523103
0.518096
0.515203
0.523305
0.517672
0.514946
0.52335
0.51793
0.514763
0.523371
0.51768
0.515511
0.522978
0.517816
0.518264
0.527156
0.518492
0.515446
0.523009
0.517753
0.515251
0.523451
0.517917
0.515198
0.522876
0.518042
0.515752
0.52304
0.517783
0.515319
0.522629
0.51827
0.5151
0.52295
0.517919
0.515166
0.523064
0.517909
0.515123
0.523941
0.518998
0.515309
0.522775
0.517729
0.515533
0.523074
0.518556
0.515063
0.522904
0.517781
0.51515
0.523413
0.517488
0.515114
0.523288
0.517984
0.515372
0.52291
0.517549
0.517686
0.524747
0.518552
0.515144
0.5228
0.517582
0.515202
0.523266
0.517998
0.514825
0.52381
0.517952
0.515387
0.522886
0.517784
0.515034
0.523154
0.519791
0.515157
0.522703
0.517511
0.525545
0.546284
0.529172
0.525108
0.535372
0.528848
0.522348
0.530742
0.524381
0.519573
0.531744
0.522298
0.519577
0.527427
0.525566
0.518575
0.529783
0.520213
0.519284
0.533557
0.523293
0.518591
0.529607
0.520016
0.520051
0.525859
0.528589
0.518264
0.525724
0.519971
0.522238
0.526445
0.521067
0.519389
0.525388
0.528087
0.518363
0.526003
0.520386
0.518175
0.52972
0.520479
0.51758
0.527075
0.521435
0.51763
0.528057
0.524446
0.518598
0.526465
0.52068
0.518139
0.525437
0.520127
0.519987
0.525883
0.520579
0.517697
0.527213
0.520082
0.517328
0.526191
0.526094
0.518079
0.525428
0.519656
0.518656
0.525772
0.520404
0.517467
0.525344
0.524763
0.517721
0.526024
0.519957
0.517598
0.528436
0.520698
0.518026
0.52567
0.51999
0.521445
0.529238
0.52056
0.51754
0.526409
0.520546
0.517545
0.526123
0.519921
0.517912
0.526077
0.521202
0.520074
0.528041
0.519482
0.518393
0.525562
0.520266
0.51775
0.52801
0.519995
0.517673
0.526165
0.520071
0.517574
0.526047
0.52674
0.520594
0.526147
0.51993
0.518357
0.52569
0.520376
0.518983
0.525951
0.520121
0.5178
0.52629
0.52011
0.517504
0.525738
0.52009
0.520347
0.525826
0.519793
0.518097
0.525327
0.520166
0.517915
0.525764
0.521486
0.519147
0.526321
0.519915
0.517409
0.525991
0.520507
0.52067
0.526536
0.523974
0.521202
0.52545
0.519975
0.519483
0.525628
0.520383
0.517717
0.525941
0.52017
0.518185
0.526245
0.520274
0.518042
0.52547
0.520115
0.518114
0.525439
0.520277
0.517766
0.525617
0.522512
0.518133
0.526061
0.519765
0.517862
0.525964
0.519773
0.517448
0.525622
0.520224
0.518407
0.527573
0.520228
0.517539
0.525535
0.520309
0.519388
0.525681
0.520129
0.517805
0.525905
0.522146
0.517727
0.53211
0.52022
0.518063
0.525854
0.520519
0.517563
0.525675
0.520386
0.517744
0.526301
0.519866
0.518034
0.526024
0.520133
0.517712
0.52598
0.519961
0.518066
0.525261
0.520413
0.517948
0.525899
0.520153
0.517968
0.526287
0.520301
0.521699
0.526316
0.519913
0.517944
0.525668
0.520144
0.518282
0.525779
0.520661
0.518126
0.525427
0.520175
0.517719
0.526302
0.519692
0.520153
0.526194
0.521363
0.51766
0.525579
0.520578
0.518016
0.525211
0.520425
0.517439
0.526208
0.520189
0.517975
0.526065
0.519887
0.524167
0.528518
0.519763
0.51789
0.525395
0.519795
0.518034
0.525712
0.520716
0.51758
0.52578
0.519944
0.517444
0.525648
0.520115
0.518256
0.526324
0.519781
0.51787
0.525815
0.52019
0.517907
0.525402
0.520576
0.517407
0.525833
0.520385
0.517624
0.525905
0.519735
0.51762
0.525798
0.521798
0.52191
0.52582
0.520106
0.51804
0.525947
0.520599
0.517573
0.525875
0.520149
0.517736
0.526268
0.519928
0.517731
0.526053
0.520101
0.518006
0.525524
0.520281
0.519797
0.525983
0.521935
0.517618
0.525942
0.520467
0.517723
0.526232
0.519928
0.517729
0.526283
0.520144
0.517634
0.525586
0.52004
0.518121
0.525631
0.52045
0.522976
0.525888
0.520303
0.517659
0.526407
0.519885
0.517931
0.527601
0.519974
0.517882
0.525933
0.520028
0.518113
0.525472
0.521214
0.517614
0.525809
0.520469
0.518474
0.526182
0.519827
0.517767
0.525877
0.520158
0.517942
0.525748
0.519982
0.517973
0.525748
0.521937
0.517607
0.525795
0.52023
0.518159
0.526061
0.520126
0.51785
0.526159
0.51986
0.517967
0.529887
0.520019
0.518097
0.525283
0.52049
0.517643
0.525926
0.520394
0.517757
0.527356
0.521332
0.518343
0.527236
0.519905
0.517988
0.525813
0.520059
0.51798
0.525921
0.520516
0.51785
0.525583
0.522929
0.517874
0.525572
0.519773
0.517747
0.526213
0.519956
0.517481
0.525577
0.52016
0.518266
0.525489
0.520367
0.517671
0.525837
0.520387
0.517766
0.526131
0.519841
0.518607
0.52634
0.519917
0.517792
0.531249
0.52009
0.518325
0.520955
0.51542
0.512445
0.520178
0.514811
0.512479
0.521125
0.514026
0.511932
0.519106
0.513004
0.510803
0.513848
0.507332
0.505982
0.513195
0.508077
0.505444
0.513453
0.508383
0.505396
0.51377
0.507512
0.505594
0.514011
0.507488
0.505756
0.513162
0.507512
0.505741
0.513601
0.508302
0.505326
0.513376
0.507824
0.50511
0.514016
0.507657
0.505765
0.513719
0.507621
0.505698
0.517771
0.507873
0.506018
0.512986
0.508391
0.505211
0.513376
0.507604
0.505877
0.513491
0.507564
0.505826
0.515787
0.507389
0.505489
0.513525
0.507641
0.505849
0.513368
0.508166
0.505558
0.512955
0.507858
0.507893
0.513681
0.507912
0.505682
0.513997
0.50751
0.506
0.513342
0.508014
0.506004
0.513018
0.508242
0.505756
0.513278
0.508274
0.505637
0.513428
0.507832
0.505596
0.514297
0.507764
0.505725
0.513513
0.513397
0.50606
0.513413
0.509091
0.505316
0.513494
0.507732
0.505104
0.513913
0.507739
0.505584
0.514382
0.507459
0.505761
0.513496
0.508137
0.505899
0.513282
0.508411
0.505224
0.513469
0.507991
0.505698
0.514026
0.507372
0.505207
0.51527
0.507967
0.505598
0.513539
0.507539
0.505589
0.513302
0.508409
0.505649
0.51322
0.507779
0.505393
0.513816
0.507821
0.505493
0.514216
0.507456
0.505974
0.513586
0.511554
0.506059
0.513112
0.50812
0.50652
0.513893
0.507784
0.505431
0.513636
0.509527
0.505692
0.513839
0.509242
0.505544
0.513555
0.507702
0.505793
0.513475
0.508041
0.505211
0.513221
0.507845
0.505361
0.516289
0.508011
0.505558
0.513942
0.507454
0.505463
0.513574
0.507779
0.505475
0.513258
0.508053
0.505452
0.513497
0.507961
0.505728
0.51373
0.507535
0.505378
0.513978
0.508132
0.505771
0.513249
0.507832
0.514501
0.513741
0.508041
0.50577
0.513116
0.507883
0.505167
0.513944
0.507907
0.505367
0.513869
0.508676
0.505706
0.513624
0.507597
0.505901
0.513112
0.507857
0.504972
0.513507
0.508443
0.505696
0.513748
0.508103
0.5053
0.513748
0.507944
0.505712
0.513331
0.507652
0.505629
0.513533
0.508143
0.505282
0.514056
0.508185
0.505149
0.514186
0.507556
0.505165
0.513894
0.508061
0.505591
0.513479
0.507862
0.505498
0.513207
0.5112
0.505765
0.51379
0.508128
0.505682
0.51393
0.507596
0.505269
0.5139
0.507792
0.506112
0.513359
0.511454
0.505973
0.513387
0.508492
0.505695
0.513553
0.507779
0.505672
0.513688
0.508147
0.505703
0.513641
0.507757
0.506567
0.513498
0.507829
0.505716
0.513042
0.509273
0.506744
0.513954
0.507797
0.505638
0.513644
0.507658
0.505344
0.513799
0.5075
0.505853
0.513366
0.507707
0.505963
0.513231
0.508128
0.505277
0.51372
0.507682
0.510833
0.514276
0.507663
0.505722
0.513874
0.507603
0.506471
0.514051
0.507927
0.505941
0.512855
0.507867
0.505291
0.513739
0.508431
0.505486
0.513685
0.507464
0.506344
0.513875
0.507677
0.505649
0.51314
0.507467
0.505748
0.513437
0.507982
0.505693
0.513344
0.508252
0.505365
0.513838
0.507508
0.505491
0.513679
0.507475
0.509765
0.51314
0.507812
0.505914
0.513494
0.507935
0.505737
0.513253
0.509494
0.505617
0.513801
0.507576
0.507098
0.513745
0.507936
0.505436
0.514135
0.507539
0.507234
0.514635
0.508118
0.505294
0.513276
0.508685
0.507
0.515677
0.509386
0.506888
0.515221
0.509331
0.507175
0.515686
0.509152
0.507434
0.514865
0.509966
0.507081
0.521551
0.509628
0.507003
0.515297
0.509255
0.501222
0.51017
0.503816
0.502059
0.509647
0.50409
0.501747
0.509511
0.504354
0.501351
0.509593
0.50406
0.495971
0.505084
0.49857
0.496438
0.504491
0.498003
0.496021
0.505954
0.498474
0.497123
0.504052
0.498922
0.496098
0.504668
0.499011
0.496349
0.504781
0.498327
0.4962
0.507176
0.50026
0.496667
0.50449
0.498946
0.496609
0.504416
0.498745
0.496354
0.504315
0.498835
0.496436
0.505082
0.498524
0.496445
0.504498
0.498414
0.496594
0.504362
0.501323
0.496475
0.504251
0.498623
0.496316
0.504871
0.498884
0.496649
0.505063
0.498353
0.496014
0.505002
0.498762
0.496307
0.50445
0.498624
0.497613
0.504648
0.502876
0.499626
0.504353
0.49863
0.49614
0.506378
0.498702
0.495884
0.504728
0.498492
0.496295
0.504388
0.498631
0.496756
0.504031
0.498768
0.496292
0.504349
0.498877
0.497641
0.504702
0.49836
0.496111
0.504892
0.498524
0.496501
0.504573
0.498538
0.497006
0.504165
0.499106
0.49644
0.504458
0.498524
0.496271
0.504651
0.499242
0.50004
0.504663
0.498669
0.496544
0.504658
0.498647
0.496478
0.504297
0.498865
0.496284
0.504749
0.49848
0.496342
0.504675
0.498536
0.49593
0.505093
0.498299
0.496049
0.507035
0.498381
0.496644
0.504354
0.498782
0.496413
0.504285
0.498523
0.495873
0.504744
0.498456
0.496728
0.504879
0.498634
0.49618
0.504574
0.498632
0.496741
0.50925
0.501677
0.496529
0.504432
0.498592
0.49654
0.504693
0.498278
0.496653
0.504833
0.498577
0.497091
0.50757
0.498382
0.496453
0.504236
0.50243
0.496063
0.504475
0.499516
0.496337
0.504933
0.49849
0.496498
0.505773
0.498517
0.49665
0.504291
0.498627
0.496731
0.504274
0.498866
0.496247
0.504714
0.498657
0.496472
0.504897
0.502749
0.496469
0.505116
0.498577
0.496287
0.504392
0.49825
0.496591
0.504326
0.499418
0.496229
0.504067
0.498639
0.496232
0.505117
0.498414
0.496196
0.506075
0.498515
0.497817
0.504686
0.49848
0.496675
0.504275
0.498973
0.499757
0.50467
0.498301
0.496329
0.505049
0.498581
0.496105
0.504608
0.49854
0.496407
0.504627
0.498548
0.50104
0.507476
0.499144
0.496454
0.504825
0.498662
0.496143
0.504896
0.499062
0.496416
0.504939
0.498606
0.4962
0.50437
0.498403
0.496614
0.503805
0.498797
0.496017
0.504709
0.498893
0.496193
0.504799
0.498532
0.496439
0.505103
0.498297
0.496487
0.504202
0.498519
0.496935
0.504579
0.498615
0.496313
0.505604
0.498815
0.496413
0.504996
0.498693
0.496572
0.504827
0.498208
0.500847
0.504732
0.498756
0.4964
0.504271
0.498744
0.496272
0.504836
0.498984
0.496585
0.504508
0.49863
0.496278
0.504941
0.498685
0.496666
0.504159
0.498351
0.496728
0.504589
0.498916
0.496037
0.504365
0.501723
0.49622
0.505021
0.498586
0.496475
0.504649
0.498438
0.496741
0.504884
0.498684
0.496778
0.503948
0.498915
0.496497
0.504552
0.499197
0.496645
0.50467
0.499019
0.496315
0.504935
0.4986
0.496525
0.511398
0.500424
0.496814
0.504576
0.499368
0.496104
0.504239
0.498794
0.496509
0.505348
0.498575
0.496249
0.504596
0.49883
0.496374
0.505433
0.498449
0.496453
0.504034
0.498284
0.496527
0.50429
0.498438
0.497111
0.504148
0.498564
0.496787
0.50414
0.498519
0.496368
0.504131
0.498788
0.497335
0.504156
0.49862
0.496593
0.50408
0.498323
0.498139
0.504066
0.498429
0.496492
0.504332
0.498282
0.496535
0.504021
0.503741
0.496264
0.50496
0.498445
0.496495
0.504047
0.498415
0.496975
0.50386
0.498366
0.496737
0.504068
0.498433
0.496326
0.504309
0.498651
0.496839
0.503994
0.498355
0.496388
0.503997
0.49845
0.496538
0.506525
0.498482
0.496528
0.503941
0.498348
0.496584
0.503632
0.49849
0.496796
0.504077
0.498398
0.496168
0.504187
0.498385
0.496173
0.504746
0.498249
0.496942
0.503863
0.498535
0.49643
0.503902
0.498126
0.49961
0.508375
0.498765
0.496575
0.503697
0.498467
0.496571
0.503934
0.498671
0.496481
0.504
0.498575
0.496526
0.503987
0.498752
0.496924
0.5041
0.498432
0.49101
0.498701
0.493238
0.491287
0.498966
0.494018
0.491499
0.49859
0.493106
0.491679
0.499008
0.492873
0.486109
0.494219
0.487686
0.486083
0.493443
0.487505
0.486391
0.493512
0.487933
0.486799
0.493738
0.487534
0.486134
0.49335
0.487988
0.486226
0.491372
0.490172
0.484456
0.491656
0.485591
0.484272
0.491654
0.485778
0.484361
0.491559
0.485606
0.484314
0.491525
0.485806
0.483613
0.491706
0.485915
0.484488
0.491612
0.485859
0.484044
0.491467
0.486623
0.484054
0.492931
0.48753
0.48423
0.491551
0.485716
0.484056
0.491624
0.48575
0.484585
0.491337
0.486177
0.484105
0.492095
0.485713
0.484413
0.491552
0.486454
0.483963
0.491828
0.485936
0.484431
0.491929
0.48616
0.484134
0.496685
0.488986
0.484933
0.492023
0.485793
0.484259
0.49137
0.486807
0.484479
0.492187
0.486035
0.484745
0.492091
0.486222
0.484424
0.492855
0.48651
0.484664
